176 165 25
1 2
2 3
2 4
3 5
4 5
6 7
6 9
7 8
8 11
9 10
10 11
12 13
13 14
14 15
15 16
16 17
17 18
17 19
20 21
21 22
22 23
23 24
23 25
23 26
27 28
27 30
27 32
28 29
29 34
30 31
31 34
32 33
33 34
35 37
36 37
37 38
38 39
39 40
40 41
42 43
42 45
42 47
43 44
45 46
47 48
49 50
50 55
51 52
52 55
53 54
54 55
56 57
56 58
56 59
57 60
58 60
59 60
64 65
65 66
66 67
66 70
67 68
68 69
70 71
71 72
73 74
73 76
73 78
74 75
75 80
76 77
77 80
78 79
79 80
81 82
81 84
81 86
82 83
83 88
84 85
85 88
86 87
87 88
89 90
90 93
91 92
92 93
93 94
95 98
96 98
97 98
98 99
99 100
101 102
101 104
101 106
102 103
103 108
104 105
105 108
106 107
107 108
109 110
110 111
110 112
110 113
111 114
112 114
113 114
115 116
116 117
117 118
118 119
118 120
118 121
122 123
123 124
123 125
123 126
127 128
127 129
127 130
128 131
129 131
130 131
135 138
136 138
137 138
138 139
139 140
140 141
141 142
143 144
144 147
145 146
146 147
147 148
149 150
149 151
149 152
150 153
151 153
152 153
154 155
155 156
155 158
155 160
156 157
158 159
160 161
162 164
163 164
164 165
165 166
166 167
167 168
168 169
170 171
170 172
170 173
171 174
172 174
173 174
174 175
175 176
8 22 1 18 1 19 3 6 2 20 2 15 2 8 2 1 2 
18 9 82 3 92 25 95 4 86 21 91 5 87 14 83 13 82 23 84 20 94 15 97 1 84 7 92 10 82 22 86 12 85 8 94 17 82 
14 12 28 2 45 8 52 24 81 20 33 10 35 13 77 5 81 11 57 17 72 21 83 1 73 6 28 15 79 
15 18 12 9 19 8 14 19 20 2 23 24 19 12 24 10 21 23 26 20 20 15 29 4 27 5 24 25 24 17 28 
15 5 12 6 25 4 20 1 31 11 35 24 16 10 35 13 28 25 26 23 29 2 27 3 15 12 14 8 20 21 12 
13 15 88 3 97 14 99 1 90 24 92 5 97 10 94 16 90 20 92 21 94 13 95 18 95 19 88 
12 15 33 21 47 11 40 23 80 18 80 9 67 19 81 12 52 16 45 1 70 20 85 25 74 
12 1 44 18 44 13 45 19 65 16 96 10 75 3 76 15 94 5 96 8 46 25 88 11 65 
14 23 53 19 88 11 81 24 94 10 64 1 93 3 63 5 69 20 59 12 56 21 99 22 99 14 57 2 75 
10 16 46 2 60 24 61 14 88 21 99 8 50 10 58 5 84 9 60 20 80 
14 16 5 10 12 19 13 7 7 1 13 21 8 24 13 2 12 8 5 3 8 9 5 25 10 4 5 17 8 
16 10 60 13 78 2 62 4 75 7 68 15 70 9 71 11 70 22 81 3 68 21 69 8 71 14 65 24 83 1 83 20 68 
14 12 30 4 50 21 83 13 31 9 65 24 79 16 89 5 63 6 78 18 44 2 74 11 49 14 49 10 53 
11 3 71 14 96 12 99 6 85 24 87 10 77 4 74 13 87 17 73 16 87 20 75 
8 19 38 15 38 22 45 17 45 23 39 6 71 1 88 12 70 
11 25 61 16 63 21 75 2 77 8 79 3 64 14 88 6 76 22 75 1 70 24 79 
14 17 46 19 94 25 94 4 74 22 58 12 96 10 55 5 75 1 62 20 57 14 71 24 67 23 52 13 54 
9 7 24 15 30 19 50 5 55 3 53 25 45 20 31 17 39 2 48 
9 2 40 13 67 24 69 25 60 14 53 21 70 12 41 5 41 17 67 
15 15 46 5 68 6 81 18 90 25 64 16 56 17 64 4 50 1 63 23 89 19 67 3 58 11 62 24 88 13 92 
13 23 13 10 21 9 37 14 15 19 32 22 26 25 25 16 30 12 35 21 36 2 23 8 22 18 33 
8 19 88 11 95 6 88 16 92 17 89 23 95 3 93 4 97 
17 16 76 21 87 3 89 19 76 17 89 10 99 22 80 20 79 1 88 5 90 6 83 12 83 18 90 23 99 8 95 14 85 15 83 
17 20 85 21 89 17 92 24 85 12 98 10 99 11 93 9 95 7 85 6 99 1 92 13 99 16 94 19 94 8 98 18 93 5 90 
15 1 24 16 47 19 31 7 70 3 60 21 29 12 55 14 43 13 59 2 41 6 57 10 55 22 37 17 68 15 45 
15 21 12 17 35 13 32 18 29 6 22 11 36 23 13 9 25 10 14 7 28 1 26 24 28 22 27 8 26 19 31 
18 7 61 25 61 13 65 9 82 22 97 1 68 6 83 11 94 4 87 5 78 20 88 12 86 17 70 19 89 16 70 3 72 21 64 15 65 
9 4 81 5 91 17 93 13 86 9 99 16 98 12 82 14 81 18 89 
14 8 34 7 49 15 64 19 95 22 70 2 67 23 97 1 61 13 56 17 34 20 89 11 62 21 90 9 44 
10 9 22 23 22 25 63 24 22 14 45 8 52 2 55 17 49 6 62 21 29 
13 12 68 4 97 5 89 15 93 25 97 23 86 3 77 11 75 13 88 19 78 7 74 6 81 22 99 
14 7 40 19 61 17 86 9 41 16 59 6 53 13 46 5 68 11 44 8 58 3 86 22 86 23 96 1 77 
13 14 81 21 92 22 90 4 87 1 83 8 82 12 87 3 95 5 83 2 82 11 95 7 81 9 83 
10 5 52 20 73 8 90 3 78 10 96 6 81 22 91 15 99 25 60 14 88 
10 6 28 15 51 22 36 11 32 23 32 7 82 19 83 4 35 17 60 9 62 
16 25 45 21 78 18 86 5 83 2 76 13 47 16 89 19 89 17 62 1 66 12 58 23 63 8 45 9 66 20 99 11 77 
10 16 54 20 64 22 87 8 82 24 95 7 67 10 66 25 82 15 69 1 83 
12 24 61 13 65 7 80 18 82 8 71 5 88 2 81 19 80 1 84 25 64 11 84 10 97 
14 13 13 22 19 7 15 12 37 8 21 25 16 1 28 6 35 15 39 10 23 14 39 21 25 20 21 11 18 
11 10 62 3 95 1 87 25 88 4 98 15 79 8 89 17 63 13 92 14 70 9 65 
16 18 1 21 3 19 2 24 3 10 2 5 1 13 3 4 2 3 1 16 1 8 1 7 1 9 1 23 3 25 2 1 2 
14 14 77 2 91 22 79 15 88 5 89 19 80 10 98 18 83 12 87 13 83 24 82 9 88 4 97 11 78 
10 11 44 16 57 12 46 19 72 17 54 21 67 22 76 18 72 10 81 14 79 
16 19 59 8 69 7 80 21 83 5 80 13 64 2 86 15 87 9 98 18 85 16 74 24 94 25 61 6 98 22 76 1 74 
10 7 35 14 73 24 95 2 42 1 38 9 50 10 99 3 77 16 84 23 91 
9 19 33 9 92 6 75 23 70 5 44 15 76 25 84 7 89 11 50 
9 2 92 16 92 17 94 3 94 14 93 24 94 9 97 5 98 23 99 
11 9 80 13 95 12 89 16 84 1 85 6 88 10 95 21 84 25 94 8 98 7 91 
12 20 4 5 8 16 8 15 12 21 5 4 9 3 9 17 12 7 6 14 12 8 11 18 10 
8 25 26 4 36 15 32 5 68 6 54 10 77 11 50 18 29 
16 14 91 8 98 11 95 18 98 1 98 7 91 6 99 12 97 24 91 2 98 22 92 13 91 25 91 9 92 16 98 21 95 
13 9 22 25 40 12 26 18 53 7 29 19 27 16 39 17 34 11 51 13 61 15 42 10 31 5 58 
15 20 11 13 28 15 14 22 16 9 33 17 11 18 24 19 28 5 27 4 19 25 33 7 17 8 15 23 23 2 28 
16 19 58 23 93 6 60 22 75 3 84 8 68 1 75 11 90 2 68 5 92 13 93 24 84 18 89 12 84 15 93 17 60 
10 23 98 22 98 2 99 5 99 17 98 14 98 24 98 20 98 15 99 10 99 
17 18 57 13 86 10 57 8 67 14 61 1 65 25 87 9 99 2 72 7 66 15 75 21 82 5 82 4 57 12 81 23 78 11 98 
10 5 15 10 38 7 28 2 29 24 26 19 21 21 33 3 43 8 16 17 25 
12 3 63 9 75 11 87 23 96 17 91 16 96 5 69 6 94 14 90 18 64 7 90 10 88 
18 17 4 25 10 7 12 16 11 6 10 24 11 12 8 1 11 9 12 13 8 20 7 2 9 23 11 19 8 14 6 5 8 4 6 22 7 
8 4 79 3 81 1 83 11 93 8 90 2 90 12 80 19 92 
11 22 76 14 78 15 82 3 76 10 91 7 85 24 80 2 99 23 83 20 94 19 97 
9 15 37 24 64 17 57 1 79 21 92 18 96 4 83 12 82 22 62 
17 9 2 23 5 15 4 17 3 18 5 21 2 16 6 24 3 6 5 3 3 1 2 19 4 5 6 10 3 7 5 14 4 11 4 
10 18 27 20 66 23 59 7 29 5 52 13 54 14 43 15 61 2 80 3 54 
8 10 31 13 38 22 61 20 66 5 51 8 85 15 57 9 87 
8 21 31 10 65 20 77 14 47 1 31 5 91 23 91 4 48 
11 21 44 25 91 1 49 4 87 18 56 20 46 23 52 10 85 7 61 16 77 6 69 
12 13 28 17 46 23 73 14 52 25 38 4 47 18 38 8 37 10 46 12 41 15 34 9 58 
9 15 37 13 89 23 69 25 41 16 58 20 37 19 70 12 77 22 82 
15 4 78 23 85 16 87 2 80 19 89 21 93 7 98 10 87 17 80 20 86 5 83 15 98 22 87 12 96 14 96 
14 12 39 25 46 16 76 19 65 11 67 1 61 22 80 7 86 15 67 3 88 8 90 17 70 18 40 10 41 
15 16 42 8 47 2 49 4 72 18 67 20 72 17 79 7 45 21 89 19 88 23 57 24 63 14 72 25 47 13 54 
16 15 22 5 60 25 63 20 46 7 22 16 44 24 58 19 27 11 30 12 61 17 32 23 40 21 66 2 43 10 28 13 30 
15 11 95 7 95 22 95 15 96 14 95 10 96 3 96 1 96 9 97 8 96 12 98 4 96 17 99 21 99 24 96 
18 23 90 20 92 19 95 8 99 14 93 3 92 1 92 5 97 2 93 9 99 12 94 13 90 16 96 15 95 4 97 24 98 22 97 10 91 
15 4 5 20 12 10 8 14 13 8 5 1 13 9 12 23 8 24 10 22 9 2 13 17 5 15 5 5 13 18 15 
14 4 97 6 97 12 97 14 98 20 99 22 98 18 99 24 99 10 97 25 97 23 97 5 98 3 99 7 99 
16 9 71 13 81 8 94 22 96 12 79 10 74 21 99 18 95 5 96 16 83 7 74 19 94 2 87 15 91 1 78 17 91 
12 18 85 2 88 14 99 7 95 20 95 19 86 9 85 24 96 12 89 13 90 4 96 17 86 
17 17 87 8 92 9 89 4 89 2 94 18 89 20 95 3 90 6 94 14 98 12 94 13 93 19 97 24 93 25 92 5 91 21 89 
14 3 70 13 91 25 89 16 80 9 83 21 79 1 89 17 98 23 90 18 79 7 96 6 86 19 80 20 83 
10 15 82 4 88 18 90 20 96 7 93 12 87 9 98 1 93 17 93 16 95 
11 9 61 23 88 22 86 13 77 4 65 14 81 11 70 15 62 17 94 16 81 1 88 
11 24 15 13 22 5 16 22 30 9 38 19 19 3 38 15 26 1 37 18 32 6 38 
12 25 75 9 84 21 82 16 89 22 87 1 97 11 91 13 93 7 90 6 82 10 87 14 95 
9 25 66 17 97 18 95 19 96 3 95 23 81 21 75 22 99 8 73 
9 12 83 2 83 14 83 8 84 24 92 18 97 21 96 16 96 20 88 
10 9 21 17 27 15 36 3 52 14 21 12 29 16 42 8 22 25 47 5 39 
13 17 20 10 54 1 59 20 58 7 40 15 35 23 55 18 31 19 53 22 21 25 54 9 22 13 33 
10 7 61 4 76 9 90 21 62 14 62 8 79 1 78 19 90 15 91 17 89 
15 2 98 6 98 1 98 20 98 13 98 23 98 17 99 22 99 7 99 12 99 21 98 4 98 10 99 9 98 16 99 
13 19 6 14 9 15 13 24 6 7 7 16 15 17 8 4 7 1 8 2 12 6 18 8 18 21 17 
18 23 78 7 88 5 92 18 92 24 97 4 90 2 86 11 96 21 87 13 94 16 90 14 91 25 87 17 85 20 87 3 97 15 80 10 84 
13 12 51 13 57 22 93 14 75 8 99 11 57 19 68 4 94 15 66 9 90 18 98 1 65 21 79 
9 3 39 15 77 10 57 17 74 20 76 1 93 24 77 7 50 18 92 
9 6 82 3 93 17 93 8 84 2 82 4 96 20 88 16 89 12 86 
16 15 49 17 95 9 83 23 86 25 56 2 85 3 66 6 88 11 63 24 64 4 71 7 50 14 85 10 86 12 53 20 92 
13 18 42 24 62 25 76 7 65 5 92 2 70 17 53 4 86 20 90 22 47 14 51 19 65 10 86 
16 14 49 9 97 10 83 3 92 7 68 19 63 23 52 21 83 2 64 18 76 13 60 4 89 15 85 25 90 24 80 6 59 
14 9 71 3 88 19 90 13 87 7 97 8 80 14 76 5 77 1 96 16 99 25 77 12 75 24 92 22 92 
17 12 16 14 20 21 24 24 16 17 39 2 35 10 45 3 35 16 30 22 32 20 34 6 32 5 26 23 28 25 18 11 18 15 21 
14 16 37 17 72 8 63 13 56 22 43 9 40 7 95 14 54 19 74 20 80 2 39 15 86 12 67 18 42 
18 11 49 25 78 9 87 19 81 6 75 10 90 20 98 14 71 17 90 7 54 13 69 2 80 3 66 5 63 1 79 16 79 12 50 21 61 
12 9 48 23 65 18 48 17 75 14 85 1 82 7 66 21 83 13 60 6 74 20 69 24 52 
12 22 96 14 96 3 99 12 99 24 99 16 96 4 98 13 96 10 97 9 97 2 97 20 97 
10 23 90 21 95 24 99 14 93 18 96 16 90 5 92 10 99 19 98 6 96 
16 25 2 15 6 24 2 20 4 10 6 4 4 2 2 1 3 16 4 8 3 7 2 19 6 11 6 12 5 13 4 21 4 
18 23 6 14 12 1 15 12 11 22 12 15 18 5 15 2 15 17 12 24 9 19 9 11 14 20 7 18 6 8 9 6 7 4 17 3 6 
9 23 57 2 77 13 99 11 85 16 82 6 95 22 70 3 87 12 74 
17 17 54 7 75 1 79 3 70 19 73 10 64 2 60 14 68 13 54 21 84 23 63 20 97 4 88 8 79 18 96 16 84 22 86 
11 9 73 23 91 24 94 19 82 22 97 7 82 6 91 14 79 12 97 18 87 3 87 
17 4 11 18 28 7 13 12 25 23 24 9 17 6 15 24 29 21 19 5 14 19 15 17 22 22 26 8 11 1 22 14 23 25 13 
13 7 78 5 98 11 97 22 98 15 85 13 93 2 83 14 78 23 91 9 94 17 94 19 93 6 78 
10 2 54 13 56 24 60 4 54 8 56 3 97 22 90 16 55 20 58 10 82 
9 4 44 16 65 19 63 12 86 2 83 24 79 20 90 23 88 8 77 
11 17 76 18 92 11 92 4 95 20 76 7 80 6 95 3 82 10 80 1 78 8 76 
9 9 66 5 69 21 94 23 77 24 83 3 82 15 95 14 71 1 66 
12 16 20 21 56 10 35 4 53 23 40 14 60 5 48 7 40 24 32 8 31 12 29 6 29 
11 21 59 24 91 25 93 4 69 22 87 5 69 1 89 18 94 17 87 14 85 12 66 
14 15 75 16 86 1 97 5 97 9 80 8 75 24 89 18 98 3 92 21 87 20 97 6 96 17 75 25 77 
13 16 38 17 97 24 46 20 71 4 80 1 62 11 67 8 58 12 59 3 50 14 85 23 95 10 87 
17 10 47 8 53 6 80 25 94 22 54 19 94 16 63 12 81 20 60 15 86 24 94 2 90 3 69 18 78 23 71 21 52 5 89 
15 19 69 9 72 7 97 6 94 22 92 23 72 2 72 10 86 16 97 17 85 8 96 11 98 12 69 13 88 14 79 
11 11 56 1 92 3 78 15 95 5 71 8 68 9 68 20 60 25 92 4 62 13 85 
17 20 5 3 13 19 10 7 8 13 6 2 13 11 12 21 11 17 8 14 13 22 14 16 9 10 11 15 11 23 15 4 5 9 15 
16 3 13 9 37 20 18 5 36 8 39 17 31 1 34 16 38 21 13 18 32 11 17 24 32 7 37 19 32 10 18 25 23 
14 14 14 7 14 5 41 24 30 17 16 25 30 19 38 20 32 23 29 9 29 2 23 12 38 10 42 21 39 
16 2 62 5 82 12 77 17 97 7 69 11 82 19 76 16 64 8 69 15 78 25 94 6 68 3 97 24 92 23 81 14 76 
17 21 80 10 87 16 91 3 90 6 88 9 88 25 88 19 93 8 90 11 86 24 85 20 95 5 85 1 80 17 81 7 93 18 96 
9 14 67 5 94 24 89 23 76 20 88 8 97 21 83 6 79 12 94 
16 6 6 18 14 13 17 22 16 15 9 2 17 12 18 8 15 7 17 21 15 17 12 24 17 19 15 5 18 20 6 23 12 
11 7 36 23 82 24 70 2 77 22 81 15 93 12 60 5 91 19 37 13 99 10 90 
15 19 61 4 79 12 71 7 75 9 86 5 80 24 93 2 75 16 65 20 64 18 85 14 76 1 76 22 79 23 99 
9 25 85 8 85 19 87 12 97 23 86 10 93 6 88 24 85 20 85 
8 18 16 3 22 4 47 10 18 25 17 21 23 12 28 7 39 
15 18 67 24 87 8 76 19 96 21 81 14 77 17 81 10 81 6 97 4 73 15 74 16 97 13 91 11 90 9 75 
8 12 93 3 94 5 97 13 97 14 97 11 97 15 97 10 97 
17 22 2 15 6 12 6 24 3 11 2 21 5 9 2 18 4 8 4 13 3 3 6 6 6 14 6 23 5 4 6 17 2 19 4 
8 1 86 25 89 23 98 8 90 18 90 11 89 13 94 2 90 
12 8 97 5 99 9 97 21 97 20 97 7 98 23 98 6 97 16 97 22 97 18 99 15 98 
12 16 98 9 98 21 99 17 98 1 99 25 98 13 98 7 99 24 98 5 99 20 98 12 99 
13 11 88 13 93 10 96 12 92 4 96 18 89 16 98 7 96 23 99 1 89 15 93 22 99 5 95 
18 7 95 5 97 18 99 4 96 14 95 19 97 11 99 24 96 12 97 15 98 20 97 17 99 16 96 10 96 9 98 25 99 2 96 23 97 
14 25 94 18 97 12 94 5 95 8 97 4 95 19 95 6 98 15 94 11 97 2 94 7 94 14 94 1 96 
12 13 77 7 97 3 88 25 78 12 78 22 78 14 92 16 94 24 80 5 79 4 94 9 93 
8 9 3 22 5 19 7 2 8 18 3 21 3 24 6 23 8 
13 7 23 23 68 20 38 12 42 11 44 6 44 1 36 13 32 3 64 17 34 9 27 4 54 25 37 
14 10 89 4 89 15 99 22 92 7 98 6 89 19 96 21 89 2 99 3 91 20 93 23 91 11 98 12 92 
9 7 16 22 33 3 44 19 25 15 17 9 23 4 25 14 48 6 29 
14 17 31 9 86 11 79 21 89 25 74 20 65 23 64 8 88 4 82 2 81 10 38 1 73 24 52 19 71 
10 20 39 9 59 13 59 18 67 17 46 3 56 25 57 4 47 10 44 8 48 
12 19 65 4 67 25 78 17 97 2 89 13 84 24 93 10 81 3 69 20 98 16 74 21 70 
9 20 61 5 89 12 89 21 75 9 69 18 91 16 78 6 97 11 62 
8 13 79 25 85 9 88 18 87 11 89 24 80 12 90 14 93 
16 25 33 5 78 15 48 3 69 21 85 13 79 14 50 17 38 9 65 19 33 11 57 12 63 16 37 10 65 8 58 20 88 
9 5 8 21 8 25 17 3 20 18 13 8 17 1 24 16 24 13 10 
9 8 64 10 88 24 66 6 79 19 84 11 78 5 66 25 67 15 90 
16 14 85 4 95 22 86 1 99 9 94 24 99 17 97 7 86 3 98 5 87 6 86 25 99 2 97 12 98 13 91 19 93 
8 9 20 3 32 1 35 4 46 17 41 20 26 24 58 18 42 
8 22 71 19 96 5 91 18 82 9 74 23 87 1 72 20 79 
11 7 25 14 41 6 42 25 74 12 54 3 54 11 46 9 27 23 64 20 51 1 46 
16 8 48 10 55 4 98 21 55 18 48 1 72 7 83 15 93 16 89 19 66 17 78 14 61 22 85 11 54 2 52 24 49 
18 13 82 10 99 4 89 7 88 20 90 23 97 11 89 24 85 19 95 21 82 12 94 5 99 6 88 15 89 22 94 8 89 9 97 17 83 
13 13 76 14 93 3 91 9 90 25 82 15 95 23 84 12 96 8 87 16 99 4 89 6 77 24 82 
14 1 72 14 95 11 95 18 98 3 89 2 76 4 91 5 95 12 81 16 97 20 82 23 92 13 72 17 82 
9 13 92 12 94 18 99 9 95 23 92 1 98 20 98 22 98 3 94 
14 5 3 6 6 7 6 13 3 1 8 9 9 18 7 12 7 8 3 20 6 16 3 17 9 15 7 4 4 
11 17 58 24 86 4 58 10 71 12 72 22 86 13 59 23 66 6 63 7 66 16 80 
14 8 13 6 30 12 17 16 18 14 31 13 31 1 20 23 28 17 28 20 39 5 14 21 31 22 17 11 36 
11 19 68 6 84 18 89 13 69 7 91 2 69 1 69 15 85 16 80 10 81 3 74 
18 6 74 19 75 11 78 12 76 5 86 9 93 13 87 15 94 21 90 25 75 14 99 8 94 23 88 18 81 10 76 4 82 2 92 1 76 
13 17 52 15 56 11 69 4 82 21 52 19 75 20 62 2 88 24 55 3 60 8 58 12 63 25 69 
10 4 14 23 29 15 18 12 19 8 39 14 38 18 15 22 34 3 16 1 39 
9 1 31 16 41 5 62 24 44 23 55 10 36 13 47 6 59 11 84 
11 10 14 5 42 12 39 3 26 22 29 20 28 2 20 17 38 11 35 14 15 4 20 
8 8 80 12 87 11 90 16 96 9 85 5 85 21 85 2 88 
