444 374 20
1 2
1 13
2 3
3 4
4 5
5 6
6 7
7 8
8 9
9 10
10 11
11 12
12 24
13 14
14 15
15 16
16 17
17 18
18 19
19 20
20 21
21 22
22 23
23 24
29 30
30 31
31 32
32 33
33 34
34 35
35 36
36 37
37 38
38 39
39 40
40 41
41 42
42 43
42 48
42 53
43 44
44 45
45 46
46 47
48 49
49 50
50 51
51 52
53 54
54 55
55 56
56 57
58 59
59 60
60 61
61 62
62 63
63 64
64 65
65 66
66 67
67 68
68 69
68 78
69 70
70 71
71 72
72 73
73 74
74 75
75 76
76 77
78 79
79 80
80 81
81 82
82 83
83 84
84 85
85 86
87 88
87 95
87 102
88 89
89 90
90 91
91 92
92 93
93 94
94 109
95 96
96 97
97 98
98 99
99 100
100 101
101 109
102 103
103 104
104 105
105 106
106 107
107 108
108 109
116 117
117 118
118 119
119 120
120 121
121 122
122 123
123 124
124 125
125 126
126 127
127 128
128 129
129 130
130 131
131 132
132 133
133 134
134 135
135 136
136 137
137 138
138 139
138 141
139 140
141 142
143 144
144 145
144 158
145 146
146 147
147 148
148 149
149 150
150 151
151 152
152 153
153 154
154 155
155 156
156 157
158 159
159 160
160 161
161 162
162 163
163 164
164 165
165 166
166 167
167 168
168 169
169 170
171 172
172 173
173 174
174 175
175 176
176 177
177 178
178 179
179 180
180 181
181 182
181 188
181 194
182 183
183 184
184 185
185 186
186 187
188 189
189 190
190 191
191 192
192 193
194 195
195 196
196 197
197 198
198 199
200 201
201 202
202 203
203 204
204 205
205 206
206 221
207 208
208 209
209 210
210 211
211 212
212 213
213 221
214 215
215 216
216 217
217 218
218 219
219 220
220 221
221 222
222 223
223 224
224 225
225 226
226 227
228 229
228 237
229 230
230 231
231 232
232 233
233 234
234 235
235 236
236 245
237 238
238 239
239 240
240 241
241 242
242 243
243 244
244 245
256 257
256 259
257 258
258 261
259 260
260 261
261 262
283 284
284 285
285 286
286 287
287 288
288 289
289 290
290 291
291 292
292 293
293 294
294 295
295 296
296 297
297 298
298 299
299 300
300 301
301 302
302 303
303 304
304 305
305 306
305 307
308 309
309 310
310 314
311 312
312 313
313 314
314 315
315 316
316 317
317 318
318 319
319 320
320 321
321 322
322 323
323 324
324 325
325 326
326 327
327 328
328 329
329 330
330 331
331 332
332 333
333 334
334 335
335 336
337 338
338 339
339 340
340 341
341 342
342 355
343 344
344 345
345 346
346 347
347 348
348 355
349 350
350 351
351 352
352 353
353 354
354 355
355 356
356 357
357 358
358 359
359 360
360 361
362 364
363 364
364 365
365 366
366 367
367 368
368 369
369 370
370 371
371 372
372 373
373 374
374 375
375 376
376 377
377 378
378 379
379 380
380 381
381 382
382 383
383 384
384 385
385 386
386 387
387 388
388 389
389 390
391 392
392 393
393 394
394 395
395 396
396 397
397 398
398 399
399 400
400 401
401 402
402 403
403 404
404 405
405 406
406 407
407 408
408 409
409 410
410 411
411 412
412 413
413 414
414 415
415 416
415 417
418 419
419 420
419 422
420 421
421 424
422 423
423 424
13 1 48 15 82 10 78 3 65 4 59 6 84 9 85 8 76 17 70 12 69 19 96 16 64 14 56 
6 14 85 9 98 5 99 10 97 13 90 3 89 
13 17 54 18 67 5 81 9 94 8 80 19 74 13 61 6 92 7 89 20 91 12 72 2 60 1 89 
12 13 55 12 83 9 99 2 96 16 69 1 62 4 57 10 99 7 78 20 62 11 72 18 91 
6 4 30 18 66 8 36 7 47 17 59 11 90 
6 4 98 2 99 1 99 3 99 7 99 9 98 
10 2 78 7 80 3 95 18 90 19 85 12 98 13 92 10 94 6 97 20 89 
12 10 61 17 76 20 95 9 86 6 78 2 92 11 98 16 71 14 68 19 73 13 69 4 69 
6 5 50 19 67 6 91 4 66 3 58 8 66 
10 15 4 13 5 18 5 12 12 1 12 20 8 8 8 7 12 10 4 6 5 
10 18 70 12 82 17 90 3 93 8 82 9 82 5 71 15 81 2 97 1 97 
13 1 51 9 90 16 87 18 79 15 95 10 99 3 62 19 67 17 60 8 92 6 55 5 95 7 92 
7 9 75 1 98 2 79 13 98 16 89 10 80 7 81 
9 7 44 4 70 3 85 17 98 13 91 11 71 15 91 2 47 8 54 
14 16 1 7 3 11 1 12 3 17 3 6 3 9 1 18 2 19 1 5 1 8 1 20 1 14 3 2 2 
14 10 63 17 84 3 77 15 93 8 87 4 82 1 64 19 83 13 79 6 80 9 69 5 72 14 97 2 94 
14 4 7 1 10 12 11 20 7 7 8 8 20 3 15 14 12 18 11 13 9 19 18 5 15 11 21 10 15 
12 19 21 10 54 16 30 13 22 1 58 20 48 6 29 17 49 2 33 14 45 7 31 18 24 
14 1 26 9 34 19 61 14 78 20 30 13 29 5 42 2 51 16 51 18 63 8 63 10 56 3 40 11 34 
6 20 81 9 93 3 92 8 96 4 81 18 87 
12 12 87 19 95 20 93 3 88 1 94 18 88 10 92 2 93 16 87 9 88 7 95 15 91 
10 8 73 10 92 6 76 15 83 2 86 3 89 19 93 11 87 5 83 14 85 
10 12 44 13 90 14 44 19 74 11 93 9 62 15 80 2 47 18 49 5 73 
7 20 80 16 85 13 80 19 94 10 87 4 92 12 97 
11 4 33 17 65 14 76 8 81 7 72 15 61 11 50 10 34 18 86 9 40 6 46 
12 6 20 11 28 16 48 19 48 1 36 5 31 7 39 4 32 12 24 18 21 3 58 20 48 
10 9 7 13 21 10 18 17 12 1 21 16 12 4 7 12 21 8 13 14 10 
7 3 79 19 81 11 84 4 91 8 88 17 87 12 91 
13 3 56 17 86 18 68 15 59 8 80 19 67 12 92 6 79 5 89 11 58 1 63 10 67 2 58 
14 2 4 8 7 14 4 11 9 10 9 7 8 18 8 19 6 16 12 15 8 5 10 9 12 1 4 20 9 
14 9 70 18 72 17 94 5 72 15 75 2 98 20 73 13 84 1 90 11 98 12 97 10 70 7 91 3 87 
6 3 76 19 97 5 85 1 89 11 97 8 76 
14 20 99 2 99 15 99 6 99 19 99 7 99 13 99 18 99 14 99 5 99 11 99 1 99 10 99 8 99 
13 13 48 11 72 18 95 10 96 2 56 14 70 15 53 8 78 3 91 19 91 16 61 7 55 12 93 
10 8 88 16 90 3 96 17 95 7 93 20 90 14 99 11 91 13 97 12 92 
11 13 70 12 75 8 77 7 94 4 77 14 73 17 86 5 98 1 79 11 73 20 72 
7 7 20 15 39 2 23 20 44 13 53 8 28 1 27 
14 11 11 3 20 12 24 9 33 2 32 1 11 5 24 18 16 17 28 4 31 19 32 13 20 7 17 16 18 
10 4 87 18 95 7 88 10 90 2 90 19 96 3 94 15 97 11 91 14 98 
11 11 19 9 28 12 29 1 28 14 38 18 25 2 37 13 35 20 20 16 31 15 38 
13 8 64 2 98 16 83 7 98 17 77 11 99 15 93 14 85 18 96 6 78 19 78 1 69 9 80 
10 10 47 19 65 11 95 15 87 6 49 3 89 17 92 20 74 1 98 13 61 
10 16 29 13 68 2 71 3 84 4 50 18 82 7 58 19 40 14 34 17 56 
13 1 72 3 81 20 84 7 79 11 77 12 91 5 85 4 75 9 89 16 73 14 92 13 76 8 78 
11 9 15 18 19 11 39 19 31 20 38 4 43 7 44 14 23 5 21 12 16 10 36 
11 15 42 17 46 6 55 18 43 13 70 2 71 12 64 10 63 4 47 3 64 14 49 
8 19 24 4 40 5 49 17 65 8 41 18 34 9 29 14 51 
8 8 41 10 67 2 99 20 95 16 80 19 49 13 95 4 62 
9 10 1 14 2 12 1 13 2 2 3 17 1 6 2 11 1 15 1 
12 7 30 10 68 14 32 12 89 13 74 20 61 19 47 15 88 6 43 9 31 11 37 4 63 
10 14 81 5 90 10 84 8 95 16 90 9 89 11 89 13 98 17 81 12 86 
7 6 16 8 20 17 18 5 21 11 17 18 17 14 35 
10 8 61 5 63 20 90 19 91 10 72 17 80 6 63 15 93 9 92 2 80 
14 3 15 9 43 1 19 17 33 13 22 19 45 12 28 14 15 10 19 20 40 7 21 5 15 16 41 15 15 
8 20 57 7 87 17 76 4 64 9 80 19 82 11 64 16 71 
9 17 87 20 99 3 99 9 89 6 88 15 89 10 99 5 91 4 98 
13 20 28 17 31 2 30 16 58 6 65 7 59 11 77 9 32 1 68 13 51 8 50 10 33 15 67 
11 5 55 7 64 15 79 2 55 1 57 6 59 11 64 8 82 3 78 19 72 4 70 
14 17 61 8 78 7 84 20 92 5 96 11 64 19 71 16 85 15 96 4 93 18 74 2 86 1 61 9 98 
14 14 66 11 86 12 77 18 98 8 84 15 71 3 78 20 69 2 99 7 66 13 83 6 94 9 87 10 72 
12 9 48 20 90 13 74 1 92 14 85 15 97 10 67 5 59 2 93 6 61 3 92 18 99 
10 10 58 13 69 2 94 16 73 8 75 17 67 15 80 1 99 12 86 5 92 
11 14 88 17 94 9 98 15 95 20 92 4 95 6 97 16 89 2 93 12 88 8 88 
9 4 46 6 47 14 84 15 97 20 48 13 71 10 73 19 49 11 76 
7 19 16 2 17 1 24 10 46 3 30 6 41 20 48 
8 14 35 19 89 1 85 12 54 15 35 18 49 20 84 6 92 
8 6 55 15 55 20 89 11 60 8 96 12 74 13 79 19 98 
8 8 94 12 94 13 98 20 94 14 94 6 96 10 95 18 96 
9 13 85 15 94 9 87 8 86 14 85 11 88 20 85 12 86 19 88 
8 5 19 20 44 4 21 17 50 3 21 8 32 13 48 16 32 
10 17 85 14 86 8 93 6 85 11 99 1 99 4 97 16 94 9 93 15 86 
10 14 48 2 78 1 88 12 71 9 49 11 74 8 80 16 69 17 67 13 86 
6 18 67 14 83 5 79 8 76 15 72 11 90 
12 20 65 16 89 17 93 13 97 12 87 15 69 8 68 11 69 18 90 1 80 3 67 6 78 
14 17 50 8 71 5 59 6 61 13 62 14 96 4 55 11 60 16 57 10 79 1 51 7 84 19 72 20 88 
7 20 4 18 11 2 7 1 7 13 8 17 9 12 5 
9 11 45 19 93 1 50 8 82 2 75 20 98 4 71 9 82 5 86 
6 7 36 19 51 10 68 16 68 4 64 14 86 
12 15 71 12 97 14 73 20 72 13 96 6 72 17 71 8 80 3 76 1 88 7 87 10 91 
12 4 15 10 33 15 45 3 43 18 15 17 30 13 22 11 37 20 45 7 27 9 27 2 23 
12 12 76 10 89 6 91 4 90 19 93 13 83 7 78 3 99 16 98 15 78 20 85 11 78 
10 6 17 11 37 19 34 20 25 9 27 12 20 7 26 3 23 16 39 15 38 
8 6 66 9 69 1 80 15 84 8 98 14 98 16 70 11 72 
12 9 69 3 96 5 99 7 97 4 83 20 74 13 78 11 85 1 85 14 84 19 72 18 89 
7 11 88 3 99 8 88 15 98 2 89 1 89 12 94 
11 5 89 1 89 2 99 6 89 3 97 8 96 20 97 11 89 18 97 16 98 13 97 
12 14 11 16 26 13 13 18 33 15 28 19 14 6 30 5 17 11 11 10 32 8 27 17 19 
14 11 13 9 15 1 14 14 20 7 34 8 19 18 16 2 18 15 35 10 37 16 22 6 17 3 32 17 19 
12 9 67 8 91 20 92 6 86 1 95 5 93 18 95 2 78 4 83 17 70 12 96 15 82 
12 2 78 4 79 10 93 15 98 18 91 19 90 17 79 11 90 9 80 12 81 6 98 20 90 
9 19 40 20 82 16 95 7 65 17 58 6 94 15 48 3 49 18 61 
14 2 2 14 2 10 4 12 3 8 4 19 4 9 5 15 6 7 6 1 3 17 5 20 2 11 2 16 4 
10 10 98 4 99 13 98 11 99 5 98 6 99 14 98 9 99 2 99 1 99 
14 17 57 7 78 15 57 16 64 11 68 10 96 19 71 20 77 13 86 6 78 5 60 14 80 12 86 9 67 
11 18 28 1 80 10 76 12 35 17 42 9 33 13 66 5 47 11 37 6 39 2 57 
6 9 2 10 4 1 3 15 4 2 5 13 5 
11 6 28 18 80 13 34 9 31 5 37 17 52 11 42 8 41 10 51 19 48 16 76 
8 12 61 8 68 4 89 17 80 15 87 7 90 10 76 11 86 
6 13 32 4 73 5 77 7 42 1 79 9 59 
6 7 59 10 69 16 92 6 78 13 61 19 82 
10 10 68 9 73 3 74 1 69 12 87 5 70 17 74 6 69 11 74 20 86 
14 3 27 4 80 12 66 6 68 14 35 20 45 11 41 1 27 5 31 19 29 17 62 9 53 13 31 15 43 
9 3 56 18 56 13 99 20 59 16 61 10 90 19 82 9 64 1 72 
6 10 11 20 13 8 22 5 13 4 27 18 12 
11 1 57 9 66 4 75 16 98 15 80 10 83 5 76 7 62 3 84 20 94 17 85 
14 15 66 20 83 8 85 3 99 18 86 2 98 5 92 1 66 13 70 14 84 11 66 17 67 4 72 16 92 
8 18 45 5 62 1 50 8 46 4 89 7 72 17 86 19 57 
14 19 72 11 97 3 88 8 87 13 73 4 94 14 73 9 98 1 92 2 88 12 77 20 82 6 91 10 94 
9 19 9 11 23 6 15 4 24 10 10 2 14 1 10 15 10 8 20 
9 1 49 6 77 8 76 18 92 7 89 16 83 5 70 11 54 12 74 
8 2 74 10 85 1 80 17 82 12 96 9 80 13 83 7 76 
6 16 7 10 8 3 8 19 11 2 13 8 7 
10 19 72 5 85 7 81 4 91 16 79 11 95 14 79 6 83 8 80 18 90 
8 16 26 11 69 1 74 10 52 3 56 13 55 12 30 2 65 
9 4 69 15 73 16 92 1 80 14 72 12 95 13 94 18 82 3 75 
8 17 50 16 68 10 80 15 51 8 78 13 51 14 94 12 71 
8 12 37 5 87 7 71 15 51 4 65 3 80 17 54 6 64 
8 10 38 7 80 2 78 6 44 18 81 3 84 12 86 19 88 
7 12 19 9 34 3 39 8 31 4 22 13 31 17 30 
7 6 91 8 92 4 96 11 98 14 93 12 95 3 95 
11 14 38 20 81 7 93 13 87 5 45 1 74 19 88 17 58 15 86 6 88 4 51 
7 20 78 17 98 10 95 5 87 13 94 18 99 11 88 
10 5 11 7 11 10 15 13 15 8 24 16 26 9 33 4 20 18 32 19 22 
9 11 91 5 97 14 92 13 98 9 92 1 99 10 97 7 96 4 92 
10 5 86 17 97 8 92 12 88 20 98 18 99 4 89 7 91 10 92 15 93 
14 5 4 10 6 19 8 16 6 1 9 13 7 18 5 6 6 7 10 12 5 8 10 14 7 3 10 4 5 
14 15 4 13 6 19 5 16 4 11 12 8 9 17 11 7 11 1 6 20 6 2 6 12 5 5 4 18 10 
7 1 67 15 99 16 93 3 77 10 78 17 84 20 97 
7 15 78 17 87 1 78 9 86 12 80 3 95 10 95 
14 4 20 10 53 16 47 7 20 3 60 18 53 14 26 1 42 17 56 15 32 13 29 8 56 19 39 12 26 
11 10 31 17 73 1 66 18 34 12 60 19 91 11 80 7 92 8 49 13 45 20 49 
11 12 92 15 95 1 96 19 93 16 93 4 92 9 97 20 98 2 94 6 93 14 93 
11 5 61 9 96 19 79 13 69 3 95 12 61 16 64 1 67 8 86 10 68 14 74 
14 6 99 10 99 8 99 4 99 2 99 3 99 18 99 16 99 17 99 14 99 20 99 9 99 12 99 13 99 
13 16 42 6 47 19 99 1 79 13 77 20 85 3 43 12 77 7 59 4 63 18 48 17 50 8 67 
12 1 85 13 86 8 94 17 94 19 91 5 94 12 89 10 89 16 97 18 98 2 98 7 93 
12 15 67 6 83 2 82 14 99 4 97 20 94 7 97 5 88 13 68 16 98 18 78 3 79 
13 13 7 18 12 10 17 5 15 16 13 19 11 6 14 2 18 20 11 12 16 4 11 8 8 7 15 
8 5 1 20 3 1 2 14 1 10 3 15 3 2 1 12 2 
10 13 23 6 56 12 52 9 68 11 40 3 66 15 56 16 65 4 45 2 52 
13 11 84 16 86 18 92 19 90 20 86 6 85 17 84 7 90 3 89 9 93 1 89 12 99 5 96 
10 3 18 2 54 16 54 4 31 13 27 14 25 6 21 10 38 11 47 15 50 
7 12 83 11 93 3 91 15 86 8 90 2 88 10 96 
11 14 18 1 23 2 51 13 49 16 38 18 37 3 34 8 32 17 41 15 44 4 27 
14 16 81 15 97 19 98 4 93 9 84 17 98 1 83 5 83 13 89 14 85 8 81 11 82 10 94 2 83 
11 7 66 17 68 5 92 1 67 6 70 10 87 12 71 11 76 13 98 3 85 14 82 
14 4 22 14 33 13 44 9 36 2 35 5 48 19 48 1 30 8 43 15 26 20 37 16 32 12 61 17 49 
10 12 32 19 68 16 34 9 34 3 89 7 44 4 96 2 53 14 81 11 80 
10 5 25 3 41 11 69 6 50 8 37 7 48 2 51 9 56 10 52 17 47 
7 19 84 6 86 5 94 11 84 15 85 18 95 2 95 
12 2 29 7 57 6 53 13 34 8 37 4 42 14 56 19 43 5 43 3 67 10 57 15 79 
14 12 66 16 68 4 70 15 77 10 96 19 76 18 76 17 75 2 96 3 90 14 91 1 84 20 83 13 70 
9 1 61 5 82 15 64 19 83 9 92 7 64 16 97 13 67 2 89 
10 8 91 4 92 17 92 9 91 10 99 14 97 16 98 12 97 15 91 3 98 
13 20 22 13 42 12 46 18 23 19 34 15 56 1 45 7 55 17 38 4 48 10 44 16 35 9 55 
12 16 11 4 18 7 12 13 17 11 27 17 27 14 23 19 21 5 27 6 11 9 12 8 24 
11 17 21 15 62 6 50 3 31 12 54 1 39 18 63 11 34 7 37 14 38 8 58 
14 14 85 15 89 1 92 6 87 16 85 7 97 4 86 9 90 10 91 12 99 19 98 2 94 11 99 17 87 
6 10 41 19 84 16 62 5 97 12 96 18 99 
6 13 36 17 72 11 46 1 57 6 37 15 80 
9 2 29 17 58 9 34 11 32 14 32 1 44 3 42 7 59 12 35 
8 5 54 8 69 15 72 16 83 11 75 14 90 19 82 6 60 
6 17 67 13 73 12 84 8 70 3 99 5 90 
6 15 65 17 78 11 77 16 87 3 90 5 70 
7 18 24 17 65 20 29 10 36 8 67 2 27 4 60 
6 4 25 15 74 20 52 13 30 17 32 14 54 
6 2 25 9 74 7 60 18 71 5 63 15 66 
7 17 9 8 26 6 25 10 27 7 23 1 23 20 23 
11 18 34 2 89 4 75 10 49 16 43 9 60 12 59 11 57 15 89 6 97 1 35 
9 9 75 6 94 15 75 3 86 12 94 7 95 8 96 11 93 20 85 
7 5 77 2 84 13 88 19 82 7 95 14 98 6 89 
11 8 49 9 91 13 73 3 85 4 78 15 78 19 78 5 82 16 69 11 72 12 50 
11 17 36 19 59 16 63 15 52 20 68 3 87 18 96 8 76 13 94 1 36 12 44 
10 9 46 19 71 20 92 16 64 3 98 12 77 1 95 11 77 2 57 13 91 
10 15 89 9 89 14 92 16 99 18 93 13 89 19 95 4 99 1 96 3 94 
13 8 31 3 65 4 44 14 71 12 72 6 53 10 41 19 35 7 73 18 42 17 37 13 49 20 31 
14 7 9 15 17 18 27 16 14 11 26 3 27 14 20 5 9 19 9 13 14 4 16 1 9 2 11 6 26 
7 10 18 17 23 9 25 12 42 14 49 2 49 5 25 
6 10 79 16 90 18 80 20 84 19 84 3 96 
14 3 92 2 93 6 94 9 97 8 95 7 94 14 94 15 92 20 99 11 95 5 99 16 95 10 93 19 96 
9 6 4 16 10 15 5 9 10 1 11 2 5 7 9 13 9 4 8 
11 13 29 15 45 1 84 6 73 20 83 11 48 14 71 18 51 5 62 7 52 17 75 
13 19 1 9 3 5 3 20 2 1 1 3 3 7 2 14 1 12 2 11 3 6 1 16 2 15 2 
11 8 62 16 79 9 87 3 78 7 76 1 72 12 93 5 69 19 81 10 80 13 74 
12 11 31 1 68 5 66 9 51 15 73 3 40 20 69 12 36 16 31 4 63 6 41 8 53 
7 3 21 20 30 2 59 4 62 19 31 9 63 11 32 
14 6 35 13 38 12 50 18 42 17 81 5 46 16 53 14 74 11 41 4 47 2 87 3 36 1 48 8 55 
6 17 60 6 81 19 84 8 85 4 73 7 96 
12 16 79 4 81 13 87 10 79 3 80 1 84 17 90 2 89 20 97 15 94 19 82 12 86 
11 18 20 13 38 9 22 6 44 1 21 2 50 16 60 12 41 4 26 14 53 5 27 
10 17 79 6 84 5 87 7 95 10 87 2 91 4 86 13 96 16 79 19 89 
14 15 87 3 99 5 88 11 90 7 94 10 90 4 96 20 95 8 88 16 93 14 87 17 99 2 87 18 91 
7 18 25 1 68 2 38 8 47 12 70 16 60 14 34 
9 1 90 11 90 6 99 18 97 8 99 4 94 3 92 14 96 20 96 
8 4 7 17 8 15 11 3 10 20 13 1 12 11 16 8 15 
11 12 91 15 97 8 93 18 93 5 97 11 98 2 92 3 95 1 92 16 92 17 93 
8 11 17 4 51 8 17 10 50 3 45 19 19 16 38 2 49 
14 6 39 13 90 11 57 9 54 3 78 1 55 2 50 17 76 19 55 10 54 20 88 5 51 14 55 15 96 
11 10 69 9 72 4 74 17 80 20 78 8 84 13 81 1 75 5 84 11 86 18 95 
13 16 65 14 67 8 73 19 78 20 73 12 68 1 87 9 99 17 66 11 88 6 93 10 81 7 65 
10 10 9 16 19 20 25 1 19 18 25 12 11 7 22 3 11 15 18 13 13 
14 19 26 15 62 3 43 6 49 11 39 9 34 5 59 8 29 20 64 14 71 1 43 18 71 17 35 12 75 
14 5 54 2 96 6 74 14 59 19 90 12 59 1 74 20 71 16 79 3 63 10 61 8 95 17 58 13 97 
12 12 13 4 38 13 16 9 38 15 15 20 33 3 38 16 24 7 31 19 27 18 23 14 23 
10 18 21 6 26 20 57 19 54 8 25 5 21 12 23 15 25 3 58 9 48 
9 1 92 5 98 8 92 10 97 9 92 12 92 14 97 6 94 17 99 
9 12 20 13 28 10 35 18 47 4 58 3 35 14 39 5 23 6 56 
7 11 62 10 76 5 81 15 80 18 90 8 88 4 76 
13 4 24 18 39 16 60 15 54 1 60 12 48 2 57 20 53 10 72 19 69 6 52 17 27 3 64 
9 9 29 3 70 1 41 18 69 20 32 19 64 12 54 7 29 5 38 
14 7 72 17 86 20 98 11 90 14 97 18 98 12 78 3 87 5 79 6 74 9 95 19 87 8 85 16 91 
10 8 19 17 34 12 31 10 19 20 40 18 23 4 26 16 47 13 43 11 30 
13 9 20 15 34 17 32 1 46 7 41 12 33 3 34 20 20 8 22 14 29 5 53 16 41 11 21 
12 20 3 2 3 11 9 4 4 10 5 6 9 1 4 18 6 3 4 5 7 12 3 17 7 
8 5 7 10 19 7 16 15 16 16 8 2 20 11 15 4 13 
7 16 23 15 34 19 56 2 55 17 55 10 49 13 48 
9 7 8 4 12 2 10 17 20 12 8 3 16 10 24 11 24 5 23 
12 10 44 5 80 12 59 9 59 15 51 18 62 11 93 14 92 16 95 7 98 1 45 19 64 
14 11 36 13 94 8 39 14 50 15 48 2 87 4 49 9 57 12 82 20 52 19 37 16 80 7 85 10 96 
12 8 91 16 92 5 95 12 91 20 95 10 97 7 92 11 97 2 96 18 96 3 92 14 94 
14 17 60 12 77 5 69 1 75 6 96 14 74 13 72 2 97 11 63 10 94 15 88 20 85 7 71 9 78 
8 12 24 19 31 6 41 17 49 16 54 8 67 3 72 5 66 
8 20 54 15 71 7 75 8 57 14 64 3 99 6 78 19 87 
14 7 51 15 77 3 68 19 97 1 51 14 78 13 68 8 72 18 72 16 89 20 63 17 98 11 87 2 99 
12 3 66 12 68 15 92 6 88 4 77 9 78 1 75 7 98 20 72 17 81 14 67 8 83 
14 14 71 5 87 13 93 10 86 3 91 18 97 4 84 8 97 6 80 1 76 15 92 12 90 7 74 2 82 
13 16 95 6 96 18 99 2 98 7 96 1 96 20 95 12 97 19 98 17 95 14 95 8 95 5 97 
8 15 34 14 87 12 42 7 48 8 64 13 47 11 56 4 89 
8 10 95 3 99 20 97 15 96 8 95 13 96 18 96 17 97 
12 4 26 8 54 1 43 10 76 18 68 12 74 17 55 19 47 11 52 16 62 20 34 14 73 
14 19 81 16 83 3 96 6 96 5 86 11 97 9 82 1 87 2 82 7 87 12 98 4 85 10 87 14 82 
12 20 81 6 86 7 86 16 90 18 87 1 91 10 82 15 81 14 96 12 96 4 81 3 99 
9 11 27 5 38 18 70 19 29 8 61 9 46 13 70 1 57 7 64 
9 1 97 8 97 14 98 10 97 5 99 3 97 4 98 11 99 17 98 
14 16 10 8 27 12 28 18 25 11 26 10 11 1 15 7 29 15 27 13 13 17 28 4 21 20 12 3 24 
7 20 43 9 43 14 50 16 85 1 61 17 70 3 69 
11 9 39 12 59 1 91 13 79 11 81 16 90 17 74 10 67 8 43 14 65 4 93 
12 14 96 8 97 12 97 10 97 2 98 6 97 13 96 1 98 5 97 3 99 4 98 15 97 
7 1 80 16 98 20 91 2 81 12 92 7 92 11 81 
7 13 67 2 67 15 83 3 73 17 92 9 92 1 80 
11 9 78 16 82 15 90 17 78 5 81 11 99 19 87 6 89 4 98 1 81 10 79 
14 6 28 12 65 8 58 3 56 4 42 13 52 5 39 11 44 18 43 7 64 10 76 20 34 17 70 16 77 
10 9 39 1 60 11 42 14 70 13 39 8 57 3 39 19 94 6 66 5 58 
6 12 12 3 24 10 14 4 32 19 24 1 17 
9 14 65 3 81 19 74 2 65 1 91 9 92 17 95 4 90 13 77 
7 17 59 13 98 20 79 8 74 14 72 12 82 2 73 
12 5 28 14 43 12 41 8 38 17 50 19 68 18 53 15 60 9 81 13 71 16 45 6 30 
11 5 90 14 97 20 90 13 97 15 97 10 96 7 96 18 95 3 92 11 90 9 96 
9 20 82 4 99 11 90 17 87 19 90 5 99 1 99 6 96 18 97 
10 4 47 17 58 11 53 10 61 12 60 16 99 3 78 9 48 1 84 5 73 
6 10 71 19 85 13 95 9 85 11 72 16 76 
9 12 18 15 24 5 41 17 38 10 44 4 26 11 40 9 19 19 21 
7 13 63 14 76 17 77 2 84 1 71 10 77 4 72 
14 8 80 9 91 11 97 4 90 12 92 15 86 10 92 19 87 1 93 5 94 3 93 14 82 18 94 7 93 
11 12 61 1 77 16 78 19 77 11 73 9 82 15 65 3 87 10 69 6 81 5 94 
9 9 65 3 69 8 75 14 72 6 90 4 97 2 99 16 78 15 95 
14 2 13 18 38 12 20 15 35 20 18 16 26 9 13 6 28 8 22 1 28 11 27 13 34 3 32 7 39 
14 7 99 11 99 19 99 20 99 4 99 1 99 9 99 15 99 18 99 5 99 2 99 3 99 17 99 14 99 
9 10 25 3 53 4 55 19 73 14 53 2 62 13 62 8 30 17 61 
11 4 81 2 82 14 82 6 97 10 93 3 85 19 94 18 81 5 99 9 87 13 87 
10 19 16 14 26 11 43 1 17 13 43 18 43 16 21 5 46 6 18 4 22 
13 3 1 18 2 8 2 20 2 13 3 9 2 7 3 15 2 4 1 19 3 6 2 5 1 17 1 
12 5 34 18 45 4 43 2 41 11 94 16 91 6 50 15 69 19 56 13 70 1 79 12 36 
8 1 37 5 91 18 92 19 88 8 63 14 94 10 66 2 94 
9 17 61 5 61 18 95 15 76 10 75 9 78 19 83 14 94 12 97 
10 11 41 19 84 15 91 6 93 16 73 9 71 4 83 10 63 14 58 3 42 
6 9 84 11 86 5 99 10 86 16 96 4 85 
8 1 20 4 38 20 37 19 49 5 44 3 52 8 20 9 20 
8 6 56 7 74 16 70 13 76 5 58 1 67 18 92 17 59 
8 1 78 17 87 3 99 20 93 18 87 8 82 16 84 12 82 
9 20 38 17 81 11 81 8 50 9 43 18 92 7 82 10 40 2 86 
8 14 66 6 66 19 66 15 97 12 71 13 92 2 74 18 75 
9 9 6 5 13 8 13 4 13 3 10 11 8 1 7 18 15 17 16 
13 5 87 16 87 15 96 19 88 10 96 12 97 9 91 17 92 18 92 13 89 11 97 2 96 8 88 
6 8 12 5 35 4 27 11 17 18 25 1 33 
13 8 69 15 94 13 87 2 77 17 98 12 85 11 89 10 85 16 81 3 72 19 83 5 90 14 99 
13 19 72 7 74 20 91 8 77 9 82 3 99 12 94 13 86 14 85 10 95 1 99 15 94 4 99 
6 12 70 17 90 18 92 19 73 4 82 8 95 
13 9 58 11 64 10 88 1 62 3 93 12 87 7 82 8 87 4 79 17 88 16 83 19 66 15 93 
10 3 65 7 76 19 71 5 95 13 76 12 70 17 72 18 76 10 73 1 81 
10 20 23 5 33 13 42 4 44 14 51 18 67 8 45 19 62 2 42 7 39 
13 8 93 12 96 17 95 6 93 18 93 16 96 11 97 1 94 20 98 3 98 9 98 10 95 13 94 
11 12 52 9 90 11 63 8 94 6 60 1 55 14 52 7 80 2 54 17 95 5 95 
10 18 97 14 98 6 97 2 97 20 97 17 98 19 98 5 98 12 97 15 97 
13 20 22 14 50 17 65 1 52 5 58 16 44 7 40 3 58 13 54 12 66 15 28 10 53 2 46 
14 12 3 3 3 13 5 6 3 10 3 14 4 1 8 8 3 18 8 20 4 16 5 9 6 15 6 5 4 
11 3 2 14 2 2 3 12 5 11 5 20 4 1 4 4 5 17 5 5 3 13 5 
9 20 76 1 89 18 94 10 92 14 82 16 78 4 77 2 79 6 89 
13 15 2 6 5 3 2 20 6 16 5 2 5 13 4 8 5 14 5 4 5 18 2 12 2 10 5 
14 1 29 7 74 3 78 11 49 9 45 14 43 17 76 19 74 2 34 8 49 15 59 20 67 18 36 12 50 
12 10 97 7 99 11 97 20 98 4 99 13 99 6 99 1 97 17 97 19 97 8 99 18 98 
7 7 48 14 81 20 57 12 64 13 82 17 58 3 49 
13 15 58 3 87 11 64 6 79 17 69 19 58 5 60 14 95 10 94 20 91 7 68 4 64 16 84 
10 19 14 10 20 6 31 8 17 16 27 20 23 5 18 14 36 4 15 3 26 
10 8 44 9 95 14 92 11 83 18 71 1 87 2 75 3 62 4 73 5 94 
10 3 27 17 46 20 75 10 42 6 49 13 50 8 44 15 29 19 45 16 47 
11 9 38 3 87 2 92 5 40 12 83 11 46 16 63 20 73 18 61 17 40 15 56 
9 19 6 2 11 10 16 11 6 12 18 14 7 13 6 6 17 8 9 
8 10 67 12 85 6 68 4 95 1 68 19 74 13 95 17 89 
14 18 10 11 20 3 22 8 21 16 27 2 21 10 29 15 24 1 22 9 10 13 14 20 12 6 21 7 22 
9 7 67 17 98 1 84 16 93 3 94 13 88 8 87 11 78 19 96 
11 19 94 7 99 2 94 4 96 12 96 18 95 1 96 6 99 5 98 10 97 9 94 
9 9 16 3 40 18 28 7 28 14 46 8 43 19 16 6 19 13 39 
9 1 66 10 88 7 80 16 87 11 88 3 67 12 90 6 67 9 71 
8 2 39 4 98 12 99 11 83 9 93 19 48 17 90 16 71 
14 12 84 20 91 10 92 8 89 14 84 17 91 18 88 15 99 13 96 9 95 2 96 4 90 6 91 5 98 
11 4 21 12 47 10 38 18 36 17 39 8 42 2 48 13 26 6 42 15 58 1 37 
6 17 27 4 36 13 74 9 46 12 69 18 71 
10 7 84 20 98 14 98 3 92 2 99 8 91 15 88 10 99 17 98 4 99 
10 6 98 7 99 13 98 17 98 15 99 8 99 9 99 3 98 2 98 1 99 
8 15 73 1 88 14 87 17 81 19 83 4 87 18 81 7 76 
12 16 8 3 17 10 23 12 13 4 14 15 16 1 17 7 16 5 15 11 16 19 19 18 21 
10 13 54 14 92 11 89 10 62 16 61 9 54 15 96 5 61 1 80 7 62 
10 19 18 5 29 18 20 12 45 16 30 2 54 17 46 3 42 20 52 8 49 
12 17 65 12 65 15 72 19 81 6 86 11 70 1 77 14 91 8 96 20 97 7 96 9 94 
9 18 69 4 71 16 87 17 85 10 87 15 87 8 85 13 98 9 88 
11 14 41 2 97 19 95 1 55 4 95 6 50 16 77 13 98 17 99 9 81 3 71 
10 2 51 19 56 9 59 10 78 6 93 1 70 8 85 18 82 3 86 15 84 
14 7 95 5 99 9 97 3 95 10 99 6 96 2 97 8 99 13 97 1 99 18 98 4 98 14 99 19 99 
12 20 95 16 96 4 98 9 97 3 96 15 99 14 97 12 99 8 95 2 99 10 99 17 96 
6 4 37 7 87 18 71 19 50 17 67 3 66 
6 19 37 5 53 1 51 3 92 2 77 8 51 
10 14 19 6 23 12 36 2 46 10 48 16 41 5 37 4 19 18 51 19 56 
12 8 99 3 99 13 99 2 99 15 99 10 99 7 99 5 99 18 99 9 99 16 99 14 99 
10 8 99 14 99 9 99 2 99 4 99 6 99 17 99 20 99 19 99 5 99 
8 2 5 9 14 8 5 16 10 14 7 20 13 3 10 12 10 
7 12 2 8 4 4 5 10 3 16 5 7 6 2 5 
8 9 18 13 52 18 48 17 30 3 37 8 30 12 26 19 23 
10 17 49 15 88 10 54 14 58 13 91 1 49 8 74 6 94 11 56 20 96 
11 2 30 13 52 17 48 9 85 1 54 6 39 15 56 5 50 20 49 10 54 19 82 
13 2 10 16 30 12 27 1 28 13 24 14 11 15 13 4 17 10 19 3 24 8 13 7 19 11 11 
8 9 47 19 79 7 68 4 70 3 94 20 67 13 68 14 50 
11 10 38 8 88 11 59 12 46 13 69 20 92 15 60 17 43 5 77 9 74 16 92 
13 12 96 5 99 17 96 3 97 20 99 2 97 4 99 8 96 9 97 11 96 19 99 16 96 18 99 
12 9 83 10 95 1 87 18 85 7 95 5 91 8 88 6 95 2 86 13 98 19 88 15 92 
6 15 58 12 90 18 67 8 65 16 81 11 66 
13 8 24 11 39 16 29 10 39 17 24 7 32 15 30 9 68 14 32 18 61 5 58 4 51 12 68 
8 15 45 13 62 4 73 12 48 1 90 18 91 10 98 11 60 
6 10 35 12 64 8 77 1 63 6 86 20 36 
7 19 94 18 98 9 94 6 94 3 94 8 97 2 97 
13 4 46 20 98 10 50 16 68 13 48 11 50 19 79 2 94 17 68 3 58 8 46 9 87 1 78 
8 3 22 5 59 18 50 4 34 12 63 14 39 9 54 19 49 
11 4 62 16 75 9 69 19 84 14 86 13 88 8 86 2 70 17 85 15 86 5 90 
7 1 62 6 65 19 97 4 77 17 88 15 74 5 94 
10 3 40 15 73 18 51 10 45 4 68 6 96 16 61 8 64 7 89 19 56 
10 11 65 2 82 13 82 4 80 20 97 6 78 15 84 19 83 18 70 10 82 
8 2 46 20 57 8 55 15 67 3 79 12 47 9 56 17 86 
7 5 43 18 69 8 46 15 83 12 89 19 95 14 68 
7 2 26 19 48 12 57 16 50 18 46 17 29 1 26 
12 19 33 13 43 2 83 17 76 10 94 12 97 9 60 1 91 20 47 15 89 16 35 18 41 
10 19 42 20 69 6 59 10 93 14 81 7 83 2 96 11 46 16 74 5 90 
11 10 19 2 20 18 48 6 51 16 21 14 40 19 39 17 42 1 44 11 50 12 22 
13 17 33 4 84 20 87 11 36 15 94 14 62 19 82 9 65 2 56 3 33 5 87 12 82 13 55 
11 16 99 9 99 13 99 7 99 18 99 10 99 20 99 3 99 17 99 1 99 14 99 
9 9 77 3 98 2 98 11 84 15 77 5 78 8 96 6 99 12 90 
8 1 27 9 61 12 43 8 41 7 63 10 55 15 53 20 78 
11 16 28 11 39 4 84 5 43 12 57 6 81 20 32 8 45 7 68 13 33 17 57 
13 8 86 1 92 3 88 13 97 7 87 11 88 20 87 5 94 4 88 9 94 6 95 15 96 10 88 
8 15 82 6 99 9 85 19 89 20 98 1 87 8 93 13 94 
8 3 13 7 33 11 22 16 16 4 21 19 35 1 21 18 26 
7 19 75 11 90 17 90 14 76 3 93 8 81 9 99 
14 1 23 11 42 7 54 2 65 4 24 9 55 6 57 16 26 15 36 17 59 8 53 19 55 18 58 5 60 
11 18 2 1 2 12 2 5 5 8 5 10 3 4 4 7 4 15 2 9 4 3 5 
8 20 10 14 11 9 15 8 22 15 27 11 20 6 27 13 15 
13 13 85 4 85 10 86 2 95 6 98 20 96 14 89 17 96 5 85 19 92 11 99 15 85 9 86 
8 10 32 8 91 19 75 14 64 13 42 4 84 16 51 12 81 
10 5 75 11 76 15 76 9 95 7 79 2 75 4 76 14 96 13 92 10 91 
7 13 94 10 99 1 94 20 95 6 96 14 98 16 99 
11 14 75 18 76 9 87 6 95 10 81 19 96 3 79 4 80 17 76 15 98 16 94 
8 17 12 15 24 3 25 18 24 1 30 9 32 10 24 12 18 
13 17 63 14 83 13 64 7 79 4 66 18 99 3 69 1 92 19 63 11 89 20 89 12 81 9 89 
10 11 15 7 40 18 35 10 24 6 28 13 23 16 23 1 36 3 20 5 40 
10 9 25 17 43 3 51 7 30 13 66 11 74 6 38 1 64 19 68 4 52 
8 18 97 19 97 12 99 20 98 6 99 10 98 7 99 9 98 
8 15 36 9 57 4 52 3 98 13 64 7 98 14 74 2 40 
14 13 56 17 95 3 57 10 66 20 98 18 72 9 96 15 89 8 68 1 97 5 88 2 69 16 82 12 59 
6 11 32 12 57 17 39 8 84 2 68 9 41 
10 3 16 20 23 7 45 14 18 6 42 15 33 5 39 12 42 17 39 19 21 
7 7 87 18 95 11 89 12 94 3 92 2 87 15 95 
7 11 80 10 93 20 85 12 86 13 90 2 86 6 90 
11 3 63 2 94 9 83 1 69 14 80 12 72 8 84 7 66 4 87 17 97 10 97 
8 5 67 12 90 3 93 20 82 19 93 11 73 8 84 9 67 
12 20 33 12 48 8 98 14 50 10 39 2 41 3 89 18 69 19 72 4 42 16 79 13 79 
6 20 90 3 92 14 96 12 98 16 95 4 99 
11 17 60 2 71 6 72 18 76 10 77 16 76 11 98 19 68 14 83 1 66 20 63 
6 6 4 11 9 5 5 10 4 2 9 15 12 
10 14 65 16 78 4 67 12 74 1 81 3 70 19 85 5 79 20 66 8 84 
9 12 50 10 91 18 82 14 98 19 59 4 73 17 52 20 64 5 58 
10 18 52 14 64 1 70 13 86 10 78 5 67 11 57 7 90 16 89 2 58 
6 4 49 2 88 16 84 12 89 7 84 14 53 
13 9 22 6 24 2 56 16 56 7 56 17 26 14 23 4 52 19 38 13 48 12 54 5 44 10 45 
10 18 29 11 77 20 48 17 82 12 87 5 64 2 84 1 50 16 46 13 70 
8 3 78 4 98 12 79 2 84 5 78 16 99 11 93 20 85 
10 3 41 5 51 8 64 13 98 18 63 4 84 2 59 14 75 1 94 10 67 
8 11 79 2 92 10 96 19 79 4 84 7 81 5 79 16 88 
8 8 2 17 6 10 6 2 4 5 3 11 6 19 2 7 4 
11 16 97 13 98 5 98 15 99 14 99 19 98 12 98 17 99 10 98 1 99 18 97 
12 18 22 16 50 1 61 3 35 10 42 11 55 9 65 17 24 2 59 15 66 4 61 14 56 
8 7 44 14 97 17 85 19 72 16 63 5 49 3 97 6 87 
6 8 47 19 93 15 66 11 64 6 82 3 54 
11 7 55 1 58 15 82 20 97 16 84 3 97 5 56 13 90 12 78 9 92 2 89 
12 11 95 15 96 14 96 4 96 19 99 18 98 1 97 2 96 5 99 13 96 10 97 16 99 
9 6 40 1 83 13 66 4 94 14 76 5 81 7 53 3 91 19 76 
14 4 46 12 52 8 67 1 69 7 47 20 60 14 85 3 72 9 77 13 80 6 62 10 56 16 91 2 70 
8 5 35 9 56 1 69 16 80 2 42 14 96 7 54 12 94 
10 17 38 13 64 10 38 11 57 1 76 5 42 20 47 18 51 15 96 9 78 
12 16 57 5 98 3 79 15 83 8 74 7 90 19 63 4 84 11 95 2 67 9 58 1 58 
14 9 25 19 30 1 63 18 57 8 45 2 25 17 60 10 73 3 48 20 45 5 54 11 27 16 41 12 45 
8 18 15 19 24 3 15 14 33 11 32 6 40 10 30 13 37 
11 1 32 6 65 12 91 19 96 14 77 9 68 16 43 20 42 17 70 18 41 8 61 
10 15 60 4 76 12 98 13 64 17 90 8 85 9 82 11 69 10 74 6 61 
10 20 3 10 4 6 5 18 5 1 6 13 3 12 7 11 8 19 6 16 9 
11 12 93 6 95 8 96 2 99 19 95 14 97 5 96 10 99 3 93 1 96 17 98 
8 6 7 9 11 20 11 12 9 1 13 5 14 7 15 17 20 
11 10 14 11 21 8 28 7 15 19 34 12 17 3 32 17 32 15 26 16 40 1 29 
12 5 99 19 99 14 99 13 99 6 99 9 99 15 99 8 99 11 99 1 99 12 99 10 99 
8 3 91 5 95 4 97 19 98 2 97 10 96 20 97 13 98 
10 3 15 17 32 19 27 2 20 15 43 10 19 8 15 16 24 11 37 14 17 
13 17 61 2 70 13 63 15 76 10 69 9 98 19 72 3 95 1 88 20 99 14 79 8 98 5 92 
13 6 18 1 41 5 43 20 34 15 38 16 26 14 26 8 19 9 37 12 49 17 25 7 51 11 43 
6 15 22 12 35 19 25 4 64 6 64 2 27 
10 11 56 4 61 20 72 10 96 2 72 13 69 3 77 1 97 12 61 19 99 
14 12 95 15 96 9 96 13 99 17 98 18 96 11 99 3 97 5 99 19 98 2 95 1 96 20 96 14 99 
12 8 36 11 42 3 65 20 84 2 80 18 86 10 85 15 56 12 64 14 88 17 58 13 89 
12 13 46 14 71 12 82 3 96 8 91 15 86 5 90 6 85 1 97 2 98 19 71 10 92 
8 3 88 11 92 5 96 17 91 9 92 19 95 6 89 20 89 
14 5 53 14 62 3 98 2 56 20 88 12 94 6 72 11 67 8 56 15 70 9 91 10 92 19 77 16 65 
14 2 11 18 15 14 19 12 15 17 17 11 32 7 23 6 21 19 13 9 30 16 27 5 22 13 26 3 31 
11 12 57 16 96 10 64 2 69 9 75 17 82 8 62 15 66 18 70 14 93 11 89 
12 15 40 18 91 20 84 16 94 5 91 17 81 3 47 7 73 4 57 1 40 9 87 2 97 
13 11 93 7 96 15 95 12 98 13 93 18 98 17 99 19 97 10 94 5 98 3 95 8 93 4 93 
9 7 27 20 57 11 61 8 39 16 79 17 69 13 71 5 37 1 30 
13 18 99 17 99 5 99 2 99 20 99 9 99 7 99 3 99 8 99 4 99 16 99 13 99 1 99 
11 15 7 12 13 17 18 4 14 9 13 16 15 1 12 14 20 6 8 11 14 19 10 
7 6 14 7 27 11 24 9 16 4 18 2 34 15 27 
7 2 71 18 71 10 74 1 83 16 88 5 98 7 84 
9 4 28 1 59 15 29 5 77 7 40 12 42 19 69 16 74 6 28 
7 18 75 20 93 15 90 4 86 14 77 16 95 10 87 
12 7 87 8 94 12 97 13 91 1 93 18 97 17 93 9 99 10 96 11 94 14 89 5 95 
13 10 44 2 87 15 77 11 46 6 76 4 84 19 56 18 59 8 94 1 78 14 67 20 90 5 78 
10 14 34 20 48 16 53 15 75 5 60 13 34 2 41 7 80 18 53 11 95 
11 11 61 12 87 18 95 7 94 1 80 9 78 20 90 6 79 14 72 13 96 17 85 
10 13 96 17 99 7 96 10 96 15 98 2 98 16 99 14 98 1 96 6 98 
8 19 42 17 65 11 94 7 78 8 85 20 62 3 88 4 95 
