418 376 5
1 2
2 3
3 4
4 5
5 6
6 7
7 8
8 9
9 10
10 11
11 12
11 14
11 16
12 13
14 15
16 17
18 19
18 23
18 27
19 20
20 21
21 22
22 31
23 24
24 25
25 26
26 31
27 28
28 29
29 30
30 31
31 32
32 33
34 35
35 38
36 37
37 38
38 39
39 40
40 41
41 42
42 43
43 44
44 45
45 46
46 47
47 48
48 49
49 50
50 51
51 52
53 54
53 61
54 55
55 56
56 57
57 58
58 59
59 60
60 68
61 62
62 63
63 64
64 65
65 66
66 67
67 68
68 69
72 73
73 74
74 75
75 76
76 77
77 78
78 79
79 80
80 90
81 82
82 83
83 84
84 85
85 86
86 87
87 88
88 89
89 90
91 92
92 93
93 94
94 95
95 96
96 97
97 98
98 99
99 100
100 101
101 102
102 103
103 104
103 105
103 106
107 110
108 110
109 110
110 111
111 112
112 113
113 114
114 115
115 116
116 117
117 118
118 119
119 120
120 121
121 122
123 124
123 130
124 125
125 126
126 127
127 128
128 129
129 136
130 131
131 132
132 133
133 134
134 135
135 136
141 142
142 143
143 144
144 145
145 146
146 147
147 155
148 149
149 150
150 151
151 152
152 153
153 154
154 155
155 156
157 158
158 159
159 160
160 161
161 162
162 163
163 164
163 168
164 165
165 166
166 167
168 169
169 170
170 171
172 175
173 175
174 175
175 176
176 177
177 178
178 179
179 180
180 181
181 182
182 183
183 184
184 185
185 186
186 187
187 188
188 189
190 191
191 192
192 199
193 194
194 195
195 199
196 197
197 198
198 199
199 200
200 201
201 202
202 203
203 204
205 206
206 207
207 208
208 209
209 210
210 211
211 212
212 213
213 214
214 215
215 216
216 217
217 218
217 219
217 220
221 222
222 223
223 224
224 225
225 226
226 227
227 228
228 229
229 230
230 231
230 234
231 232
232 233
234 235
235 236
237 238
237 242
237 246
238 239
239 240
240 241
241 250
242 243
243 244
244 245
245 250
246 247
247 248
248 249
249 250
250 251
255 256
255 260
255 264
256 257
257 258
258 259
259 268
260 261
261 262
262 263
263 268
264 265
265 266
266 267
267 268
268 269
273 274
274 275
274 278
275 276
276 277
277 281
278 279
279 280
280 281
288 289
289 290
290 291
291 292
292 293
292 299
293 294
294 295
295 296
296 297
297 298
299 300
300 301
301 302
302 303
303 304
305 306
306 307
307 308
308 309
308 315
309 310
310 311
311 312
312 313
313 314
315 316
316 317
317 318
318 319
319 320
321 322
322 325
323 324
324 325
325 326
326 327
327 328
328 329
329 330
330 331
331 332
332 333
333 334
334 335
335 336
336 337
337 338
339 340
340 341
341 342
342 347
343 344
344 345
345 346
346 347
347 348
348 349
349 350
350 351
351 352
352 353
353 354
355 356
355 362
356 357
357 358
358 359
359 360
360 361
361 368
362 363
363 364
364 365
365 366
366 367
367 368
371 372
372 373
373 374
373 380
374 375
375 376
376 377
377 378
378 379
380 381
381 382
382 383
383 384
384 385
386 387
387 388
388 389
388 391
388 393
389 390
390 395
391 392
392 395
393 394
394 395
402 403
403 404
403 409
404 405
405 406
406 407
407 408
408 414
409 410
410 411
411 412
412 413
413 414
2 5 77 2 85 
4 3 74 5 84 1 77 2 85 
2 5 21 3 31 
2 5 73 2 86 
4 1 17 4 45 5 44 2 17 
4 5 97 2 98 4 99 3 97 
3 2 46 5 61 1 49 
4 5 15 4 27 2 29 3 15 
2 1 98 5 98 
4 5 12 3 32 2 13 1 24 
3 2 28 4 36 5 60 
4 4 18 2 47 1 24 5 22 
4 1 92 4 92 2 93 3 93 
2 3 95 4 99 
2 4 23 3 69 
2 5 86 1 97 
2 4 4 5 11 
2 1 63 4 72 
2 1 26 4 49 
3 5 16 1 46 3 28 
2 5 19 3 27 
4 1 12 2 28 5 13 3 34 
3 3 96 5 96 1 96 
3 3 50 2 75 1 88 
4 4 21 2 61 5 52 1 52 
4 2 17 3 31 1 50 5 44 
2 4 51 1 84 
3 4 28 2 58 1 56 
3 2 82 4 95 1 82 
3 3 26 2 46 1 73 
2 5 69 4 69 
2 4 54 5 86 
4 1 97 4 99 2 98 3 99 
3 3 70 1 91 4 85 
4 1 38 4 64 3 67 5 69 
2 1 16 4 23 
3 3 36 1 78 5 58 
3 5 26 2 55 4 65 
3 3 91 1 99 2 94 
4 1 26 3 54 5 26 4 68 
3 2 73 3 99 1 85 
4 4 30 5 42 3 63 1 70 
3 5 31 1 43 4 93 
2 5 99 1 99 
2 1 56 5 60 
4 2 72 3 89 4 87 5 94 
3 3 5 2 11 1 7 
3 4 45 5 52 3 78 
4 3 63 2 63 1 78 5 75 
2 2 1 4 3 
4 3 46 5 99 1 55 4 98 
4 4 90 5 94 3 91 2 98 
3 1 12 5 24 3 20 
3 1 86 4 95 2 93 
4 5 37 3 70 2 68 4 85 
4 3 9 1 13 2 12 4 26 
4 2 56 3 59 4 87 5 82 
3 3 48 5 63 2 94 
3 1 46 4 87 3 72 
2 2 83 4 99 
2 1 93 4 99 
3 5 70 1 78 2 87 
3 4 57 1 98 5 61 
3 3 24 1 30 5 47 
2 2 63 5 71 
4 4 18 1 38 5 29 2 23 
4 4 62 2 68 5 74 1 69 
3 3 85 2 97 5 97 
2 1 21 4 34 
2 5 87 3 92 
2 4 37 3 62 
2 1 68 2 69 
3 1 46 4 59 5 66 
2 2 9 4 22 
4 4 43 5 52 2 63 3 94 
3 2 95 4 96 1 99 
2 1 18 2 23 
3 5 35 4 57 3 62 
3 4 69 3 79 5 86 
2 4 1 1 1 
2 1 69 5 93 
2 5 5 1 9 
2 4 23 3 44 
3 1 41 2 69 5 78 
2 5 50 3 80 
3 1 11 5 16 2 22 
2 4 19 5 23 
3 5 56 2 71 1 90 
4 4 61 2 62 3 78 1 91 
3 2 13 4 33 5 37 
3 1 78 5 92 2 86 
3 5 87 4 94 2 91 
4 1 61 5 73 3 82 2 74 
3 3 49 5 98 2 86 
3 5 65 1 97 3 97 
3 1 76 4 90 3 95 
3 3 68 2 93 5 68 
2 3 84 2 99 
2 4 34 3 83 
2 2 94 5 97 
4 5 40 3 87 1 50 2 50 
3 4 68 3 73 2 89 
3 5 17 1 40 4 32 
4 5 17 4 40 2 24 3 23 
2 3 64 4 86 
3 3 59 2 87 4 70 
2 5 99 3 99 
2 3 1 4 1 
3 4 30 5 58 2 76 
4 5 28 2 83 1 39 3 51 
4 5 43 1 73 3 46 2 99 
4 3 40 5 87 4 61 2 90 
3 3 7 5 17 2 12 
4 1 72 5 75 2 95 3 99 
3 4 83 2 89 5 89 
2 1 2 5 6 
3 3 45 2 86 1 94 
2 5 89 3 91 
4 3 75 5 88 4 86 1 76 
3 4 38 1 58 3 98 
3 3 37 5 76 4 69 
2 4 21 3 63 
4 5 41 1 82 4 59 3 93 
2 3 85 1 99 
3 5 78 4 91 2 85 
2 4 69 2 77 
2 4 90 5 92 
4 3 75 1 95 2 81 5 93 
2 1 34 4 88 
3 1 25 2 46 5 47 
2 2 19 5 54 
4 5 79 3 80 2 96 4 85 
4 1 19 5 36 4 29 3 40 
2 1 99 3 99 
3 3 14 2 26 1 40 
2 4 26 1 67 
3 4 36 3 59 5 39 
4 4 14 3 39 5 38 2 17 
2 1 60 3 99 
2 4 85 1 87 
2 4 25 3 25 
4 5 25 4 63 3 41 1 67 
3 5 49 3 73 1 96 
2 3 80 5 98 
4 3 69 1 73 5 79 4 69 
4 1 35 2 67 3 86 5 72 
3 4 94 3 99 5 96 
4 1 49 5 85 2 67 3 50 
3 3 77 4 95 1 99 
3 3 53 4 86 5 96 
2 2 64 5 73 
4 4 20 5 24 1 22 2 31 
3 5 78 2 78 1 79 
2 3 70 5 70 
2 5 43 2 90 
4 5 97 3 97 4 97 1 99 
4 1 16 2 45 4 22 5 29 
4 1 92 5 94 2 93 4 98 
2 5 90 2 93 
4 4 19 2 27 5 42 3 52 
4 4 51 2 95 1 69 3 51 
3 3 28 1 60 2 65 
2 4 69 3 83 
3 1 35 4 48 3 35 
2 3 32 4 72 
4 4 58 2 73 5 95 3 86 
4 5 85 3 93 1 93 4 97 
3 3 83 4 85 1 94 
2 4 50 2 91 
4 1 89 2 91 3 99 5 95 
2 2 61 1 94 
4 2 1 5 1 4 3 1 2 
3 5 47 1 72 4 71 
4 4 79 3 91 1 99 2 86 
3 3 19 4 33 2 46 
4 4 64 1 96 5 84 2 91 
2 5 37 1 90 
3 1 46 3 66 4 95 
4 2 13 3 38 4 29 1 19 
2 3 75 2 85 
4 3 6 2 17 5 14 4 15 
3 1 47 5 55 3 89 
4 4 63 1 66 2 88 3 93 
2 5 27 2 54 
4 4 32 3 56 5 36 1 63 
3 4 17 5 37 1 41 
3 1 98 5 99 3 98 
3 5 31 3 85 1 59 
4 1 75 3 80 2 81 5 99 
4 4 98 1 99 5 99 2 98 
2 1 69 3 94 
2 1 23 3 69 
2 4 28 5 77 
4 2 66 4 91 5 70 3 95 
2 4 36 5 78 
2 3 58 4 71 
2 1 88 3 99 
2 1 68 4 71 
3 2 64 3 93 5 73 
2 4 21 1 48 
2 1 36 5 39 
3 2 3 1 9 4 7 
3 5 63 1 90 4 76 
4 5 32 3 46 1 92 4 62 
3 3 51 1 62 4 53 
3 2 62 4 81 5 73 
3 1 55 2 98 5 84 
3 2 35 1 59 4 81 
3 3 4 5 7 4 5 
2 5 2 1 2 
4 5 89 1 95 4 92 3 96 
2 2 9 3 26 
3 4 47 2 86 3 79 
3 3 95 2 99 5 97 
2 1 14 4 18 
3 4 22 5 65 2 57 
4 5 15 2 35 4 40 3 19 
4 4 30 1 34 2 69 5 61 
4 2 72 3 98 4 91 5 95 
4 5 72 3 78 4 98 2 87 
2 4 55 3 75 
4 3 67 4 92 1 78 5 85 
4 5 34 4 85 3 46 2 38 
4 2 49 4 57 5 53 1 84 
3 5 45 1 75 2 87 
4 5 79 3 80 4 81 1 88 
4 3 82 1 94 4 93 2 89 
3 1 67 3 98 5 81 
2 5 23 1 57 
3 4 94 3 96 1 98 
2 2 11 4 29 
4 4 70 1 95 5 77 2 74 
3 1 48 2 97 5 64 
3 5 6 1 10 2 15 
4 2 86 5 98 4 95 3 98 
2 3 23 5 54 
3 1 6 5 15 4 8 
4 4 42 5 44 3 96 2 85 
2 2 66 1 80 
2 2 3 4 8 
4 3 88 4 89 5 95 1 99 
4 1 98 2 99 4 98 3 98 
3 5 52 1 98 3 84 
2 4 46 2 98 
2 1 3 3 3 
2 5 88 2 93 
3 3 60 1 83 4 88 
2 3 53 2 54 
3 3 62 5 82 2 96 
2 2 24 5 43 
4 5 74 3 89 1 82 2 76 
4 2 42 5 79 1 54 4 62 
2 4 63 2 87 
2 1 93 2 95 
4 2 51 4 61 1 75 3 86 
3 3 84 1 94 2 96 
4 5 43 3 73 1 70 4 54 
2 4 13 1 16 
3 5 11 2 19 4 13 
4 4 7 3 19 5 12 2 20 
2 1 72 5 98 
4 4 79 3 85 2 93 1 79 
4 5 41 2 69 1 97 4 83 
4 2 68 5 84 1 86 4 99 
4 4 95 1 99 5 99 3 96 
3 5 20 4 25 3 34 
3 4 31 3 68 2 52 
4 3 55 5 56 4 57 1 73 
3 3 28 4 39 1 33 
2 1 95 5 96 
3 1 51 3 88 5 96 
4 1 97 5 97 2 97 4 99 
4 4 51 2 75 5 66 3 71 
2 2 39 3 70 
4 3 42 5 93 2 62 1 43 
2 1 95 2 97 
3 1 86 2 99 4 95 
3 2 83 1 84 3 93 
3 1 76 2 76 3 94 
3 4 6 1 10 5 14 
3 3 88 2 92 4 93 
2 1 7 4 9 
2 5 93 3 99 
2 4 89 5 92 
2 1 5 2 10 
3 5 11 3 26 4 32 
4 4 30 1 67 5 83 2 79 
4 5 31 4 66 1 84 2 92 
2 1 58 5 69 
3 3 52 4 92 1 72 
3 4 14 3 32 5 38 
4 3 63 5 67 1 63 2 93 
3 4 88 2 90 3 94 
4 4 63 2 96 1 89 3 68 
2 1 6 4 16 
3 4 60 1 79 3 91 
4 1 94 4 99 5 99 3 95 
2 3 20 2 34 
2 5 42 1 55 
3 2 23 3 52 4 23 
4 2 32 1 51 4 94 5 59 
3 2 13 4 32 5 38 
3 4 94 5 97 2 98 
2 2 84 4 85 
3 3 34 1 46 2 94 
2 1 8 5 17 
4 3 89 4 96 1 99 2 99 
3 3 22 1 53 2 45 
2 5 48 1 94 
2 4 66 5 94 
2 2 77 5 79 
3 4 88 5 89 2 92 
4 2 89 3 99 5 98 4 91 
3 2 60 4 64 1 65 
3 3 68 1 82 4 89 
4 2 20 5 27 1 43 4 57 
2 3 60 2 87 
2 3 92 1 98 
3 5 57 2 84 3 84 
4 1 33 2 59 4 84 3 61 
3 1 59 3 92 2 76 
2 4 12 3 27 
3 4 29 3 47 5 47 
4 1 98 4 99 2 99 5 98 
3 5 28 4 40 2 38 
2 5 88 1 96 
2 4 72 2 81 
3 3 43 2 74 5 46 
3 5 52 4 69 3 72 
4 2 37 5 38 3 49 4 37 
4 4 24 3 67 2 55 5 52 
2 3 83 5 90 
3 1 25 3 72 2 43 
4 3 78 1 84 2 80 5 94 
3 5 53 1 67 4 64 
2 5 18 4 39 
3 2 65 5 69 4 90 
2 2 64 4 68 
3 3 94 5 97 1 94 
3 3 74 5 88 4 86 
3 2 1 1 1 5 1 
3 4 23 2 66 1 50 
3 2 10 5 13 4 25 
3 3 20 4 26 2 50 
3 2 74 4 78 1 83 
3 1 43 3 53 4 62 
3 5 36 4 42 3 86 
3 1 80 5 91 4 95 
3 1 23 2 63 5 60 
3 1 34 4 75 3 88 
4 1 32 2 69 5 40 4 70 
4 3 67 2 94 5 69 1 98 
3 4 92 2 99 3 95 
2 5 73 1 83 
3 4 31 2 77 3 69 
3 4 77 1 86 3 79 
2 1 70 3 98 
2 3 64 4 71 
3 1 47 5 71 3 71 
3 1 28 3 50 4 58 
2 2 8 5 15 
4 2 80 5 88 1 94 3 88 
4 2 41 4 60 3 49 5 75 
4 5 33 3 43 4 35 1 81 
4 2 67 4 92 3 83 1 93 
2 2 45 4 58 
4 5 71 4 97 2 71 1 90 
2 1 59 4 98 
4 1 81 2 98 5 94 4 86 
3 1 2 5 6 2 6 
4 4 92 2 97 5 98 3 98 
4 1 45 3 89 4 81 5 60 
3 1 72 4 86 2 91 
4 5 44 4 68 3 76 2 88 
3 5 89 1 91 3 93 
4 4 31 3 75 2 63 1 44 
3 5 34 3 90 1 74 
2 2 10 5 18 
4 3 14 1 33 5 30 4 15 
4 5 30 3 77 4 80 1 75 
3 1 25 5 34 4 34 
4 4 15 1 22 2 37 5 23 
4 2 42 5 98 4 77 3 46 
2 1 55 5 58 
3 4 77 3 77 5 85 
3 4 78 2 92 5 92 
2 1 76 5 80 
4 3 13 1 26 2 25 4 22 
4 1 89 2 94 4 89 3 95 
4 5 37 1 97 2 61 3 38 
4 5 37 1 86 2 72 3 48 
2 1 23 4 67 
3 2 62 5 81 3 68 
4 3 11 1 13 5 28 2 32 
3 2 19 1 22 5 38 
4 3 17 1 23 5 17 2 45 
3 3 30 5 30 2 66 
4 5 31 3 38 1 70 4 87 
2 3 5 2 5 
3 2 22 5 51 1 61 
4 2 8 3 20 1 18 4 12 
3 1 16 3 41 4 26 
2 1 53 5 67 
3 3 33 1 49 2 72 
3 5 30 2 57 1 73 
4 3 77 2 85 4 98 5 85 
2 2 18 1 48 
2 2 86 1 97 
3 5 1 2 2 3 1 
4 4 73 3 74 1 99 2 84 
3 4 45 2 66 5 83 
3 3 61 4 77 1 94 
3 4 68 5 92 1 82 
2 2 56 3 67 
3 1 21 3 45 4 52 
2 4 76 1 90 
4 1 57 2 64 5 88 3 89 
4 5 99 2 99 4 99 3 99 
