147 132 5
1 2
1 4
1 6
2 3
3 8
4 5
5 8
6 7
7 8
9 10
10 11
10 13
11 12
12 15
13 14
14 15
18 19
18 21
18 23
19 20
20 25
21 22
22 25
23 24
24 25
26 27
27 32
28 29
29 32
30 31
31 32
32 33
34 35
35 38
36 37
37 38
38 39
39 40
41 42
42 47
43 44
44 47
45 46
46 47
47 48
49 50
50 51
50 52
50 53
51 54
52 54
53 54
55 56
56 57
57 58
58 59
59 60
60 61
60 62
60 63
64 65
64 67
65 66
67 68
69 70
70 71
71 72
72 73
73 74
73 76
74 75
76 77
78 81
79 81
80 81
81 82
82 83
83 84
84 85
86 87
87 90
88 89
89 90
90 91
92 93
93 94
94 95
94 96
94 97
95 98
96 98
97 98
99 101
100 101
101 102
102 103
104 107
105 107
106 107
107 108
108 109
110 111
111 112
112 113
113 118
114 115
115 116
116 117
117 118
119 122
120 122
121 122
122 123
124 125
125 126
125 127
126 128
127 128
131 132
131 133
131 134
132 135
133 135
134 135
139 141
140 141
141 142
142 143
143 144
144 145
145 146
146 147
4 2 92 1 92 5 92 4 94 
4 4 26 1 48 3 66 5 70 
3 5 63 3 87 1 76 
3 1 75 2 75 5 90 
4 4 1 2 2 5 1 3 3 
2 2 97 1 99 
2 2 57 5 79 
4 1 86 4 94 2 88 3 91 
4 4 38 3 50 5 64 1 83 
4 4 75 3 78 5 81 2 91 
3 1 82 2 98 5 87 
4 4 77 1 93 3 86 5 84 
4 4 9 5 24 2 19 1 20 
2 1 22 3 66 
4 2 7 3 11 5 9 1 20 
2 1 34 4 67 
2 3 86 2 89 
4 1 42 2 94 4 99 5 51 
4 2 73 5 99 4 95 3 81 
4 1 45 2 50 3 56 4 58 
2 2 57 3 86 
2 5 22 2 46 
3 1 87 5 95 4 91 
2 4 23 5 25 
3 4 16 1 16 3 46 
4 4 97 2 99 5 98 3 99 
2 3 83 1 89 
2 1 90 3 99 
2 2 58 1 89 
3 4 58 2 73 1 65 
3 1 99 5 99 2 99 
3 2 15 5 21 4 27 
4 4 82 2 99 1 82 3 89 
2 4 49 3 95 
2 1 15 2 20 
4 3 36 1 45 2 58 4 64 
2 4 45 2 84 
3 4 68 2 82 1 87 
3 5 34 3 80 1 83 
2 2 87 1 91 
4 2 5 3 15 5 10 4 10 
4 2 65 3 85 5 82 1 70 
3 3 3 5 7 2 8 
2 4 39 3 96 
2 2 63 3 85 
3 1 58 5 83 2 79 
4 1 95 5 96 4 97 2 99 
2 1 12 3 18 
2 2 66 4 73 
4 5 85 3 95 2 97 1 98 
4 1 53 2 92 4 54 3 78 
3 5 71 2 99 4 74 
2 5 72 4 89 
3 2 14 3 19 4 36 
3 4 41 5 64 1 69 
2 5 5 4 9 
2 2 97 5 98 
2 5 41 4 58 
4 5 48 3 96 2 83 1 86 
3 4 2 3 6 2 2 
3 5 42 2 95 1 68 
4 4 84 1 99 5 92 3 94 
3 2 80 4 86 5 99 
4 1 23 3 37 4 48 2 62 
3 2 52 5 93 4 75 
4 5 75 4 95 2 98 1 88 
2 3 98 4 98 
4 5 36 4 44 2 96 3 94 
2 4 8 1 10 
2 1 71 4 86 
2 3 65 4 95 
2 1 19 3 52 
2 4 85 2 95 
3 5 64 1 81 3 82 
3 1 42 2 84 4 81 
4 5 63 2 74 4 80 3 73 
4 4 19 1 51 3 39 2 45 
4 3 32 1 32 5 38 4 83 
3 3 69 5 92 1 86 
3 1 1 2 1 3 2 
4 2 80 5 94 4 84 3 95 
4 2 65 3 79 1 76 4 96 
4 4 10 2 10 5 18 1 24 
2 2 33 3 53 
4 4 60 2 63 3 78 5 98 
4 1 26 5 53 4 66 2 51 
2 5 80 2 86 
4 3 62 4 62 5 79 2 85 
3 4 54 2 88 5 93 
3 4 86 3 93 2 98 
4 4 2 5 6 3 4 1 2 
4 1 36 2 79 5 90 4 66 
2 4 23 5 44 
4 3 91 2 96 5 96 4 92 
3 5 21 1 32 2 34 
2 2 29 4 46 
4 1 52 4 59 5 86 2 79 
4 5 48 3 86 2 49 4 75 
4 1 2 4 3 2 2 5 6 
3 1 42 5 85 3 86 
3 3 48 2 80 4 75 
4 5 86 2 99 3 88 1 91 
4 2 65 4 86 5 70 3 90 
4 5 38 2 92 4 45 1 61 
3 5 27 4 32 2 73 
4 3 97 1 99 4 97 2 98 
2 5 57 3 64 
3 5 12 2 27 1 27 
4 3 87 4 98 2 88 1 99 
4 5 73 3 78 4 84 1 94 
2 1 90 2 92 
3 5 30 4 31 2 32 
2 4 97 1 97 
4 4 44 3 51 1 86 5 85 
3 3 85 1 92 5 86 
3 1 4 5 7 2 4 
4 3 47 4 49 5 49 2 95 
3 5 32 3 80 4 94 
2 1 48 5 61 
2 5 26 4 41 
4 2 66 5 78 3 77 1 95 
4 5 34 2 44 3 79 1 90 
2 1 60 3 91 
3 2 78 5 82 4 79 
3 2 22 5 48 1 60 
4 3 78 4 98 1 97 2 78 
3 4 74 1 96 3 93 
4 1 74 3 94 5 76 4 90 
4 2 6 4 10 3 13 5 10 
2 2 67 4 68 
4 5 31 3 75 2 76 1 63 
2 1 84 2 97 
3 4 29 2 84 5 46 
4 2 64 3 65 5 73 4 79 
4 2 22 1 66 3 43 5 41 
2 3 90 1 92 
2 5 67 3 92 
4 3 94 4 98 1 95 5 97 
2 4 31 5 84 
3 4 94 3 95 2 95 
4 5 74 4 74 1 91 2 94 
3 2 69 3 97 4 72 
2 3 39 4 46 
3 2 67 5 90 3 89 
2 5 20 3 33 
4 2 91 1 95 5 91 4 91 
4 4 31 1 76 3 44 5 90 
