206 185 25
1 2
2 3
3 4
4 5
5 6
6 7
7 8
8 9
9 10
10 11
11 12
12 13
13 14
14 15
15 16
15 17
18 19
19 20
20 21
21 22
22 23
23 30
24 25
25 26
26 27
27 28
28 29
29 30
30 31
31 32
32 33
33 34
34 35
35 36
37 38
38 39
39 40
40 41
41 42
42 43
43 44
44 45
45 46
45 50
46 47
47 48
48 49
50 51
51 52
52 53
54 55
55 56
56 57
57 58
58 59
59 60
60 61
61 62
62 63
63 64
64 65
65 66
66 67
67 68
68 69
68 70
68 71
72 73
73 74
74 75
75 76
76 77
77 78
78 79
79 80
80 81
81 82
82 83
83 84
84 85
85 86
85 88
86 87
88 89
90 92
91 92
92 93
93 94
94 95
95 96
96 97
97 98
98 99
99 100
100 101
101 102
102 103
103 104
104 105
106 107
106 110
106 113
107 108
108 109
109 116
110 111
111 112
112 116
113 114
114 115
115 116
116 117
124 125
125 126
126 127
126 131
126 135
127 128
128 129
129 130
131 132
132 133
133 134
135 136
136 137
137 138
139 140
140 145
141 142
142 145
143 144
144 145
145 146
146 147
147 148
148 149
149 150
150 151
151 152
152 153
153 154
154 155
155 156
156 157
158 159
158 163
159 160
160 161
161 162
162 167
163 164
164 165
165 166
166 167
167 168
175 176
176 177
176 182
176 187
177 178
178 179
179 180
180 181
182 183
183 184
184 185
185 186
187 188
188 189
189 190
190 191
192 193
193 194
194 195
195 196
196 197
197 198
198 199
199 200
200 201
200 203
200 205
201 202
203 204
205 206
9 10 2 17 3 18 2 20 4 2 3 5 5 4 5 21 3 11 5 
11 20 65 13 66 16 77 22 78 24 85 2 79 3 83 12 67 8 96 14 90 5 81 
15 23 85 19 87 4 85 14 89 13 95 11 91 5 96 1 94 3 85 22 93 20 98 17 90 15 90 21 94 8 98 
18 10 88 2 98 4 93 1 96 23 99 22 98 5 93 15 92 16 93 7 94 21 91 6 90 18 92 12 96 19 94 9 88 11 98 17 95 
18 5 76 25 86 4 97 23 76 20 91 8 94 1 94 6 99 16 87 14 85 19 76 17 92 22 82 15 96 10 84 24 79 11 82 9 94 
17 8 91 7 95 22 97 20 95 24 94 15 94 16 95 1 99 12 97 2 93 19 99 13 97 4 94 25 94 23 93 5 95 9 93 
13 8 37 11 42 10 74 15 45 24 83 17 60 7 62 9 69 5 40 1 40 12 91 3 95 19 63 
12 7 73 1 89 16 82 6 81 3 89 14 99 9 77 25 91 22 98 5 81 12 87 20 86 
16 13 12 15 22 9 15 12 26 18 36 24 20 20 14 21 29 10 35 1 32 5 25 6 32 7 21 25 36 14 14 4 18 
14 11 91 20 91 4 94 16 95 25 91 24 94 14 98 5 91 9 98 21 94 3 92 17 94 18 98 13 94 
9 18 91 22 93 24 97 25 94 20 99 19 98 1 99 15 91 17 99 
11 2 26 3 32 24 69 6 31 20 68 11 73 23 63 18 67 9 71 19 39 16 59 
11 19 78 2 79 14 94 5 88 9 86 8 96 16 83 11 78 15 97 12 89 4 90 
11 1 63 3 88 11 83 22 83 21 82 7 99 4 87 12 85 15 93 18 65 25 71 
15 17 45 2 65 24 91 4 87 7 68 8 68 12 94 22 65 3 68 19 85 9 64 23 90 21 73 13 86 1 48 
17 13 99 1 99 20 99 21 99 5 99 15 99 23 99 24 99 11 99 7 99 2 99 19 99 25 99 14 99 12 99 8 99 18 99 
16 25 88 1 96 16 90 7 90 11 88 24 90 20 98 6 96 3 97 21 94 10 96 15 93 19 96 8 93 4 99 13 88 
9 24 89 3 89 8 94 25 90 6 99 21 90 19 95 22 97 9 99 
15 8 21 15 22 18 45 16 57 12 46 20 35 17 34 1 46 21 60 11 25 7 52 3 63 9 42 24 63 22 21 
12 11 49 10 97 12 68 13 50 19 55 23 86 1 81 17 97 15 58 8 84 2 54 14 72 
14 20 79 16 92 14 79 21 88 8 96 12 87 23 90 6 87 15 94 7 84 25 95 17 87 5 93 13 84 
10 5 52 24 52 19 52 23 83 9 79 13 72 10 88 17 66 25 58 11 53 
10 11 65 12 84 20 98 1 85 13 86 22 69 25 74 7 89 3 73 17 97 
15 14 17 17 48 13 41 24 17 11 39 16 45 1 43 22 39 2 20 19 26 9 39 7 33 8 26 12 31 6 21 
17 25 43 13 48 7 75 22 57 21 54 1 54 20 87 24 58 12 70 6 86 23 88 8 87 17 51 15 81 19 71 5 60 10 84 
11 13 93 19 94 5 96 3 97 18 99 1 99 17 96 11 93 2 99 9 95 12 99 
12 1 91 22 91 8 91 16 93 5 93 19 98 12 92 25 96 6 99 23 94 3 95 4 97 
9 14 87 18 97 9 89 23 95 5 90 20 99 19 97 16 87 12 90 
11 19 23 20 29 8 37 12 47 6 66 15 29 14 28 24 59 17 40 10 45 23 36 
15 22 85 20 98 8 89 16 86 1 88 21 86 13 90 4 85 3 95 12 94 18 94 7 85 19 93 11 99 2 99 
17 22 1 18 2 17 3 15 3 6 1 5 2 20 3 23 1 3 3 16 2 10 2 12 3 4 1 19 1 9 3 14 1 8 3 
18 11 6 18 17 6 10 25 17 20 7 9 12 13 16 5 13 1 6 14 10 4 16 10 10 15 9 8 6 12 15 24 10 22 16 2 17 
11 4 50 19 60 1 70 22 83 3 81 17 50 15 56 16 56 21 56 13 86 23 58 
18 24 92 23 96 18 94 7 98 13 96 15 96 5 92 20 98 11 94 16 92 4 98 25 96 12 99 8 96 17 99 21 92 3 93 19 99 
11 8 95 6 99 20 96 15 98 23 97 2 95 18 97 3 98 21 96 14 96 9 98 
14 9 68 3 96 16 75 18 72 10 76 2 89 5 89 4 94 24 72 14 86 13 80 8 96 11 86 25 84 
8 16 9 21 11 7 17 2 24 1 10 12 18 25 25 14 11 
17 15 45 19 86 6 70 7 72 24 73 18 62 10 62 11 94 9 99 21 80 16 75 8 52 20 94 17 67 25 90 14 75 5 79 
10 23 77 2 78 18 79 13 97 16 85 9 97 3 78 20 93 7 82 4 89 
9 14 26 3 29 22 71 21 58 12 46 8 50 1 34 16 28 10 62 
10 13 96 23 98 18 96 6 99 10 99 2 98 15 96 3 98 14 97 20 97 
9 20 49 13 57 22 98 16 61 19 97 15 59 8 72 21 64 23 68 
9 4 17 12 21 17 25 18 48 9 32 8 47 15 21 20 32 16 26 
10 22 11 5 28 6 17 18 24 3 20 7 31 21 29 15 14 8 23 13 11 
12 21 81 10 99 13 88 18 93 16 82 23 92 15 99 8 81 6 96 25 92 12 86 7 86 
14 13 98 5 98 9 99 25 99 19 98 11 99 3 98 21 99 2 98 4 98 22 99 17 98 15 99 14 99 
13 4 73 25 73 24 92 20 95 7 81 17 88 23 77 21 81 15 73 2 94 14 92 3 90 8 90 
8 21 62 2 90 17 76 3 76 16 66 6 62 7 78 12 69 
12 20 55 3 68 7 69 22 59 17 93 1 64 13 63 5 68 24 55 9 57 21 55 6 86 
8 7 9 4 13 1 15 20 23 3 20 17 25 15 9 5 21 
14 2 4 17 11 13 8 1 9 3 9 24 5 7 7 23 4 21 5 9 7 20 11 15 12 10 9 14 5 
8 7 32 10 92 18 84 16 84 2 59 17 70 6 83 12 71 
18 18 56 14 95 25 66 16 79 7 82 19 57 21 99 12 89 13 98 4 73 17 79 10 80 6 60 9 70 2 82 1 58 11 75 24 93 
12 4 99 13 99 12 99 9 99 1 99 14 99 11 99 7 99 23 99 3 99 6 99 15 99 
8 17 18 24 23 14 37 21 40 11 27 3 45 2 31 22 27 
16 10 84 4 89 7 84 1 91 12 93 11 97 2 92 16 94 23 98 25 87 18 95 15 85 22 94 8 96 6 93 5 99 
9 23 18 17 27 18 51 10 36 5 49 20 47 1 25 11 26 4 50 
15 24 95 1 96 9 95 6 95 8 98 17 96 21 96 22 97 4 98 12 99 11 95 2 96 20 97 18 96 7 97 
12 4 60 9 82 2 88 22 77 3 63 10 70 5 69 8 60 17 69 15 83 18 73 1 65 
10 24 19 5 52 21 40 15 20 18 43 17 39 25 22 22 37 19 48 1 24 
9 14 73 16 79 13 82 5 75 3 93 24 83 19 94 4 77 8 79 
17 23 75 18 98 12 91 11 79 3 88 4 85 19 76 13 80 25 87 15 88 9 80 5 97 24 85 22 75 17 80 6 84 2 89 
11 24 11 20 26 4 20 8 29 9 16 22 18 6 13 5 26 13 26 18 25 3 16 
16 25 12 7 15 19 30 23 34 4 13 17 16 15 16 12 23 11 17 9 22 6 31 5 32 14 23 21 23 3 16 22 24 
11 24 23 1 43 9 66 21 60 15 24 22 56 12 55 3 24 20 69 5 35 14 49 
15 17 58 9 73 18 93 13 97 15 91 3 68 23 86 5 98 20 63 25 67 19 67 24 67 21 82 11 96 22 82 
18 16 88 9 90 13 93 2 93 15 93 8 90 20 90 12 94 3 92 25 96 7 95 11 94 4 89 19 90 17 89 5 88 22 94 6 90 
17 14 14 4 29 24 42 20 28 16 19 10 37 6 23 5 29 21 29 2 25 12 30 25 26 23 19 8 40 13 26 7 35 1 25 
8 10 74 24 85 12 75 1 92 21 80 2 94 15 78 11 99 
12 16 3 19 6 11 5 22 3 20 9 24 9 1 8 18 4 21 6 9 5 6 9 23 8 
15 24 73 20 75 14 73 10 88 2 81 25 88 12 97 23 92 18 92 3 98 9 82 21 97 4 86 15 88 8 99 
17 7 37 13 90 10 96 19 54 3 59 14 72 16 81 6 61 17 52 11 75 8 58 25 48 23 75 24 96 12 41 15 38 2 73 
16 14 19 18 51 1 54 25 19 12 41 7 42 23 56 24 57 22 34 11 35 13 30 8 28 19 33 10 19 20 56 3 53 
11 25 79 15 93 19 99 23 87 11 98 9 89 6 96 10 93 8 85 22 93 12 82 
17 23 52 10 82 1 70 3 74 19 94 13 57 5 89 9 52 17 53 4 69 24 73 2 86 7 72 14 72 25 75 20 91 12 94 
17 18 3 4 9 19 4 14 8 24 8 9 8 11 9 10 3 17 6 16 4 12 3 22 3 21 5 1 6 3 5 23 8 20 5 
17 19 67 18 84 4 85 25 95 11 77 24 79 14 73 22 83 15 73 6 96 1 94 13 75 17 90 23 83 20 77 12 78 5 93 
15 6 31 20 79 23 93 19 32 22 58 18 46 11 38 8 81 12 81 16 38 9 61 21 58 10 51 2 61 3 53 
18 10 91 8 99 1 91 13 99 12 93 19 94 15 95 21 91 9 97 6 97 16 92 7 98 5 94 25 97 2 94 18 92 22 93 23 95 
15 19 94 25 94 6 95 21 97 1 97 9 96 16 99 13 95 15 95 22 97 3 98 10 96 2 98 20 97 8 97 
17 8 21 12 26 5 21 22 22 10 45 19 27 4 39 9 34 18 24 20 49 16 50 2 62 24 55 3 27 14 62 11 26 1 32 
8 18 58 12 94 15 72 13 79 21 96 5 97 3 98 14 88 
11 2 19 16 52 9 19 17 35 18 24 12 40 23 23 13 19 22 30 7 24 19 40 
10 13 25 6 62 25 68 2 49 11 50 24 63 12 31 10 46 18 61 9 59 
8 3 69 11 99 22 82 1 98 25 75 20 90 9 72 24 88 
10 8 75 1 79 25 86 15 80 14 87 24 83 6 97 11 83 9 85 4 90 
14 5 53 3 84 9 77 25 69 2 57 21 84 14 96 6 85 23 78 19 54 17 97 13 93 22 85 18 98 
9 12 55 9 72 16 98 7 63 24 57 21 74 2 87 4 90 8 80 
18 2 11 8 14 23 27 3 30 12 15 6 24 20 13 9 27 24 21 17 25 4 33 21 30 7 31 16 29 13 11 5 15 1 15 22 11 
17 16 89 8 99 25 91 19 89 9 97 17 91 12 99 21 98 10 99 18 97 4 99 6 95 11 92 5 98 3 95 2 94 20 97 
12 6 88 10 94 14 99 8 97 18 91 22 97 3 98 17 92 12 99 11 91 13 98 1 97 
14 8 32 23 73 7 67 14 70 15 55 11 57 18 94 25 36 16 45 5 95 10 55 24 60 2 68 17 86 
14 24 19 9 41 23 48 17 34 22 46 1 53 6 42 20 28 25 34 16 56 8 39 19 38 15 50 12 50 
12 3 16 11 17 1 41 17 48 14 23 12 43 19 16 21 17 10 36 8 23 25 38 20 25 
9 19 56 7 88 2 99 15 64 6 76 22 64 13 64 8 83 25 84 
9 18 47 8 72 5 54 20 57 3 69 11 68 21 77 23 62 10 97 
14 10 16 2 20 9 27 12 19 6 38 25 17 4 33 3 33 23 40 7 34 14 19 11 41 15 27 16 18 
15 17 77 22 98 3 86 13 96 18 90 11 90 7 88 5 78 14 80 9 94 4 95 23 90 21 88 15 91 2 78 
13 22 38 17 94 24 40 3 95 7 73 9 65 16 67 13 44 2 79 4 80 21 95 19 40 25 65 
17 17 9 4 10 6 24 25 10 16 10 5 22 24 21 1 18 12 9 8 9 11 12 15 18 18 9 2 18 13 14 3 13 19 11 
13 6 30 19 81 21 73 4 86 8 35 25 64 24 48 12 42 17 47 11 57 20 67 22 50 13 67 
8 11 18 3 20 20 46 23 45 8 31 1 32 25 28 17 50 
16 19 35 2 36 18 38 1 60 11 56 3 35 22 84 25 37 10 86 9 67 6 43 21 90 24 35 17 62 20 74 5 90 
10 4 38 7 54 3 88 25 72 17 38 21 57 20 92 15 65 18 92 9 67 
13 11 3 6 4 13 7 3 4 16 5 24 3 4 5 25 8 5 6 23 5 15 3 19 7 12 7 
14 24 76 18 93 8 89 22 80 23 78 2 87 1 99 4 97 14 86 10 77 17 76 9 81 7 79 21 95 
13 13 70 15 96 4 91 11 76 24 95 23 74 1 74 5 99 7 70 18 75 21 92 19 79 20 99 
18 10 17 1 41 24 30 25 30 16 17 3 37 18 33 14 25 19 39 17 17 2 30 13 49 20 48 8 21 6 32 15 44 7 26 11 41 
14 23 50 10 73 18 76 12 73 22 76 19 86 16 79 15 98 7 86 2 87 17 77 20 59 11 65 8 65 
12 13 43 2 73 16 80 14 80 21 84 20 81 6 49 25 74 3 60 19 67 22 46 4 91 
15 7 24 8 60 10 54 2 64 5 39 12 71 4 37 20 28 9 41 18 46 25 50 23 31 19 27 14 49 17 51 
8 11 93 4 97 10 98 5 97 12 96 23 93 13 94 21 98 
11 16 51 6 53 14 72 12 97 3 53 2 51 19 84 13 96 1 60 5 96 25 61 
18 9 97 4 98 20 99 10 98 23 98 6 99 1 97 19 99 22 97 7 99 18 99 2 98 8 98 25 97 15 97 17 97 13 99 3 99 
10 19 75 20 98 5 97 11 86 6 94 23 77 2 89 10 93 25 98 18 81 
10 24 92 2 93 5 92 9 99 8 96 22 96 7 95 10 97 23 93 19 95 
10 19 90 17 95 16 94 20 98 14 97 11 95 25 94 15 97 18 92 7 91 
12 8 20 24 20 19 33 22 45 7 31 2 60 20 37 17 34 12 52 6 42 1 37 18 26 
10 1 64 7 98 14 76 22 73 6 69 8 91 9 70 24 71 15 74 16 82 
12 10 19 14 32 7 24 1 36 22 37 3 44 11 55 9 28 2 53 4 48 20 38 17 44 
15 21 44 3 98 13 61 6 67 19 57 14 63 11 66 16 58 2 45 23 64 25 80 22 84 7 62 5 77 4 60 
9 25 20 4 29 12 24 19 28 8 33 16 21 10 49 14 50 15 23 
9 4 93 10 97 3 95 12 95 9 96 21 96 25 93 24 99 14 99 
18 22 14 12 23 21 27 23 40 20 25 19 25 9 36 13 15 10 29 1 37 17 31 3 15 25 19 15 29 14 25 24 23 4 16 2 37 
13 8 17 19 35 3 24 24 33 7 17 25 28 5 22 10 50 18 40 9 47 6 35 23 28 16 47 
16 23 86 24 99 12 91 21 90 15 93 8 89 22 93 20 97 18 89 2 90 16 91 1 93 10 95 4 91 13 92 7 96 
18 18 35 5 56 12 80 2 36 19 81 25 42 15 54 22 63 10 38 1 72 9 57 4 37 21 49 3 62 16 37 24 99 8 82 7 82 
11 20 65 8 88 2 82 5 97 18 75 25 91 14 97 17 80 3 76 13 68 19 93 
18 6 99 24 99 7 99 2 99 1 99 11 99 13 99 15 99 25 99 12 99 23 99 22 99 8 99 17 99 10 99 18 99 14 99 5 99 
17 22 39 7 56 18 61 25 86 1 43 19 89 5 52 6 52 15 72 3 99 14 90 23 47 4 54 21 71 8 67 10 73 2 94 
10 13 87 6 91 25 96 8 98 20 93 9 95 1 95 2 87 21 90 17 93 
9 2 9 3 15 22 14 19 24 23 19 21 21 1 15 8 26 14 18 
15 15 24 24 40 2 32 13 34 23 24 14 56 6 71 16 72 9 34 25 43 8 60 18 47 7 61 3 35 21 51 
11 12 36 19 98 3 41 1 86 10 87 8 92 21 50 25 42 7 92 11 88 17 82 
11 19 16 15 26 7 39 12 41 8 31 21 42 22 30 2 25 23 30 3 41 18 37 
16 9 82 24 96 7 88 2 91 21 93 25 83 17 99 15 98 22 92 19 95 8 99 13 95 23 95 14 95 20 99 4 86 
16 18 10 21 22 23 25 12 16 6 21 5 11 24 14 9 30 20 28 16 24 15 19 3 15 2 19 10 23 14 21 22 18 
18 5 99 3 99 10 99 7 99 17 99 22 99 4 99 8 99 11 99 14 99 1 99 23 99 24 99 19 99 25 99 12 99 18 99 13 99 
14 12 29 18 66 4 41 15 69 3 54 13 64 21 67 1 73 5 83 7 53 17 72 14 38 11 63 20 44 
10 5 18 14 35 9 20 18 31 17 31 2 19 13 25 20 36 11 31 15 32 
17 23 49 20 79 8 85 4 93 6 57 10 76 12 66 14 51 3 72 16 98 5 97 7 79 2 91 24 98 25 61 22 66 11 80 
17 17 52 14 96 1 58 19 68 7 67 8 59 13 93 23 84 25 72 10 82 9 94 5 53 12 74 6 84 22 54 18 69 16 81 
15 16 7 7 13 21 18 11 8 8 7 23 12 24 10 2 10 17 18 14 20 9 8 20 16 25 8 15 21 18 12 
12 7 41 3 76 22 53 11 70 21 80 10 61 13 96 23 68 6 92 8 80 2 99 20 68 
15 8 5 1 14 5 7 18 7 9 14 22 5 13 15 4 15 20 9 6 6 25 13 10 12 3 14 24 14 12 12 
17 12 4 3 11 7 9 23 6 8 4 15 8 22 9 19 10 13 9 18 7 25 12 16 8 4 4 6 4 9 11 11 7 10 8 
14 25 11 8 31 17 23 4 13 14 19 23 31 20 18 5 12 15 27 6 32 21 14 11 29 12 28 7 26 
10 25 52 10 80 20 71 7 88 17 99 8 62 23 72 12 60 18 64 14 96 
9 10 44 1 50 16 59 14 47 4 60 17 91 24 48 22 81 6 94 
18 22 87 18 93 7 88 2 93 17 89 10 99 24 91 14 96 5 94 11 93 13 93 4 94 6 93 1 96 9 93 23 88 20 89 19 99 
12 17 11 16 30 24 32 2 15 1 21 15 27 14 16 13 14 19 25 4 19 8 30 7 32 
9 11 2 24 2 5 3 14 4 7 2 1 4 13 4 2 3 22 5 
13 1 68 4 96 2 90 24 89 11 78 17 68 23 71 8 97 13 71 25 71 15 74 14 97 21 75 
9 17 46 7 55 23 57 4 47 15 71 8 48 9 70 24 63 1 83 
15 14 89 24 94 6 96 20 91 1 96 22 92 16 91 7 94 12 97 25 92 21 89 23 95 2 94 8 90 11 98 
9 20 99 9 99 2 99 4 99 22 99 7 99 15 99 25 99 12 99 
11 3 56 13 58 7 81 18 89 17 70 23 66 19 99 10 62 21 95 1 94 2 66 
11 10 25 17 49 20 41 12 52 23 67 15 64 22 60 25 40 14 65 19 65 5 45 
14 21 80 11 83 24 95 3 80 15 90 7 94 6 96 8 97 4 92 5 94 17 84 20 93 9 97 2 94 
13 5 78 19 78 21 79 10 86 24 81 1 98 25 95 23 80 9 78 13 97 3 82 16 84 6 96 
15 3 84 19 89 13 96 17 97 10 85 4 85 8 98 7 93 24 88 11 87 20 86 2 88 18 90 22 98 1 96 
8 17 15 19 45 2 28 11 28 24 29 1 44 7 33 6 33 
9 17 14 4 25 11 40 25 20 24 15 13 30 7 29 9 19 18 23 
14 18 33 20 98 17 74 2 90 16 46 23 78 6 53 11 43 15 80 21 45 9 53 10 76 14 57 22 42 
11 25 81 12 84 1 90 20 95 13 94 3 96 24 89 10 94 19 89 23 81 6 89 
11 13 68 21 88 16 90 2 83 9 83 7 79 11 69 5 89 23 68 10 85 6 84 
11 11 9 5 19 1 14 25 9 19 10 13 24 9 13 23 18 21 26 20 22 10 12 
8 25 10 18 13 16 29 14 16 10 30 4 22 11 10 1 27 
14 18 97 12 97 10 97 13 98 24 99 20 98 16 99 21 98 15 98 5 99 23 99 3 98 6 99 1 99 
18 11 9 2 21 5 16 17 18 24 9 15 19 7 9 6 26 19 25 22 12 21 23 3 9 8 27 20 25 4 11 12 15 16 24 10 24 
12 8 1 12 1 5 2 10 2 3 1 20 1 15 1 22 1 23 1 1 1 24 3 2 2 
13 4 81 13 85 22 86 14 96 8 97 16 97 24 88 20 90 23 91 12 94 3 92 15 90 6 88 
15 16 6 14 10 8 16 24 13 12 8 13 14 20 15 23 8 19 17 11 18 5 15 22 13 4 15 1 12 25 15 
14 14 44 24 72 9 79 2 73 1 88 4 97 11 77 19 64 13 58 17 92 15 61 5 62 10 61 7 53 
17 5 45 18 47 21 80 7 67 12 79 17 91 8 87 13 90 24 70 19 86 3 78 15 47 20 50 10 79 2 80 11 67 16 46 
9 25 51 14 69 12 77 16 91 20 67 11 83 5 62 1 93 22 63 
11 22 14 1 37 21 32 15 37 16 24 2 38 9 32 10 29 19 31 17 24 6 31 
13 23 17 17 44 12 49 1 39 13 42 10 41 20 42 15 34 25 41 8 24 4 49 6 33 5 50 
18 15 20 12 20 25 56 8 37 2 51 20 24 9 31 5 52 6 24 11 42 19 55 7 28 22 52 14 32 21 56 1 28 17 58 23 47 
17 20 64 24 95 4 98 12 72 21 74 5 73 22 84 9 89 7 79 17 76 18 88 2 65 25 97 23 64 1 65 3 79 10 75 
16 9 42 22 80 17 52 2 46 14 58 15 42 19 67 16 88 21 93 24 44 10 86 1 57 12 57 6 85 4 52 5 54 
8 16 22 7 37 15 48 21 50 18 33 12 51 5 30 25 61 
17 5 89 21 93 16 90 13 89 19 97 7 94 17 95 24 92 22 89 20 98 12 99 15 91 4 91 1 91 25 89 2 89 6 99 
13 20 59 10 91 22 79 11 84 1 80 16 87 24 82 12 81 9 92 8 76 18 80 25 90 14 83 
13 12 20 7 24 22 26 6 49 18 43 14 26 3 39 2 42 16 54 5 40 24 38 1 54 9 40 
15 9 49 6 82 14 52 20 98 24 51 11 69 10 90 5 56 1 74 8 52 4 99 19 79 15 83 2 52 18 91 
17 20 18 4 33 24 23 15 43 10 28 25 36 5 28 13 36 19 27 16 50 18 34 1 52 12 23 9 29 6 36 8 42 2 30 
18 2 80 18 92 11 83 6 91 20 89 9 81 8 86 3 88 15 93 16 98 10 97 17 91 13 90 22 96 4 99 19 82 14 95 23 85 
14 6 8 7 15 14 9 10 9 5 19 18 22 3 20 17 17 20 21 21 22 25 9 23 9 19 21 15 22 
18 23 37 3 82 7 51 5 52 10 40 18 44 21 65 13 73 4 76 14 84 19 50 11 75 24 87 6 92 15 39 1 87 2 47 9 70 
9 6 79 9 87 18 84 25 89 4 92 1 97 20 92 15 90 21 90 
12 20 14 18 26 17 16 15 35 16 28 7 15 9 31 23 14 5 39 11 36 22 31 14 21 
16 20 78 17 78 18 89 4 96 2 91 11 87 16 78 9 91 1 90 22 80 10 98 15 92 25 83 14 79 12 85 23 95 
15 3 18 17 38 16 34 14 32 11 54 25 43 18 45 21 41 9 40 19 39 2 42 6 49 1 28 12 37 15 33 
12 17 51 22 57 8 80 4 57 25 72 20 99 11 62 2 69 16 83 10 91 21 95 14 93 
12 25 78 14 97 9 98 23 99 3 86 16 86 1 88 24 90 15 98 18 97 20 78 4 86 
9 4 96 8 96 24 96 10 97 6 98 3 96 12 96 22 96 18 96 
11 22 89 21 95 13 92 18 98 20 96 4 98 11 95 16 95 8 99 19 89 14 89 
11 24 91 7 94 25 91 5 93 1 96 2 96 21 93 14 95 18 99 13 95 6 99 
18 18 7 16 20 10 11 25 18 23 7 22 16 2 11 3 15 24 19 20 20 21 15 4 18 12 10 19 15 7 18 11 18 13 9 17 16 
12 9 37 13 45 19 51 17 42 8 37 3 49 2 76 15 97 10 75 22 62 5 85 18 96 
10 16 15 15 19 22 28 10 41 5 45 7 38 24 20 9 20 4 30 2 35 
18 25 37 3 85 23 51 20 63 7 46 8 74 15 57 13 60 21 38 17 71 4 75 10 71 1 63 14 89 16 51 12 83 22 92 19 48 
8 15 23 21 31 6 57 19 59 4 52 11 23 14 24 5 37 
14 23 13 19 36 16 33 18 23 3 16 21 22 14 13 11 35 20 18 9 14 12 32 4 28 13 24 25 18 
15 16 27 1 39 21 37 23 30 11 29 8 35 18 30 9 51 24 58 15 37 4 56 6 67 7 51 10 57 13 77 
