420 332 10
1 2
1 5
1 8
2 3
3 4
4 11
5 6
6 7
7 11
8 9
9 10
10 11
11 12
19 20
19 21
19 22
20 23
21 23
22 23
23 24
24 25
35 36
36 37
37 38
38 39
39 40
40 41
41 42
42 43
43 44
44 45
45 46
46 47
46 49
46 51
47 48
49 50
51 52
53 54
54 55
54 58
55 56
56 57
57 61
58 59
59 60
60 61
70 71
70 74
71 72
72 73
73 77
74 75
75 76
76 77
86 87
87 92
88 89
89 92
90 91
91 92
92 93
93 94
94 95
95 96
96 97
97 98
98 99
99 100
101 102
102 103
103 104
104 105
105 106
106 113
107 108
108 109
109 110
110 111
111 112
112 113
113 114
114 115
115 116
117 118
118 119
119 120
120 121
121 122
122 129
123 124
124 125
125 126
126 127
127 128
128 129
129 130
130 131
131 132
132 133
133 134
134 135
136 137
137 140
138 139
139 140
140 141
141 142
142 143
143 144
144 145
145 146
146 147
147 148
148 149
149 150
151 152
152 153
153 157
154 155
155 156
156 157
157 158
158 159
159 160
160 161
161 162
162 163
163 164
164 165
165 166
167 168
167 173
168 169
169 170
170 171
171 172
172 178
173 174
174 175
175 176
176 177
177 178
183 184
183 191
184 185
185 186
186 187
187 188
188 189
189 190
190 198
191 192
192 193
193 194
194 195
195 196
196 197
197 198
198 199
202 203
202 204
202 205
203 206
204 206
205 206
206 207
217 218
217 222
217 226
218 219
219 220
220 221
221 230
222 223
223 224
224 225
225 230
226 227
227 228
228 229
229 230
230 231
231 232
233 234
233 236
234 235
235 238
236 237
237 238
251 252
252 253
253 260
254 255
255 256
256 260
257 258
258 259
259 260
260 261
261 262
262 263
263 264
264 265
265 266
267 268
268 269
269 270
270 271
271 272
272 273
273 274
273 278
273 282
274 275
275 276
276 277
278 279
279 280
280 281
282 283
283 284
284 285
286 287
287 288
288 289
289 298
290 291
291 292
292 293
293 298
294 295
295 296
296 297
297 298
298 299
299 300
301 302
301 304
301 306
302 303
303 308
304 305
305 308
306 307
307 308
308 309
309 310
320 321
321 326
322 323
323 326
324 325
325 326
326 327
327 328
328 329
329 330
330 331
331 332
332 333
333 334
334 335
335 336
336 337
338 339
339 344
340 341
341 344
342 343
343 344
344 345
345 346
346 347
347 348
348 349
349 350
350 351
351 352
352 353
354 355
355 358
356 357
357 358
358 359
359 360
360 361
361 362
362 363
363 364
364 365
365 366
366 367
367 368
368 369
369 370
371 372
372 377
373 374
374 377
375 376
376 377
377 378
378 379
379 380
380 381
381 382
382 383
383 384
384 385
385 386
387 388
387 389
388 390
389 390
390 391
404 405
405 406
406 407
407 416
408 409
409 410
410 411
411 416
412 413
413 414
414 415
415 416
416 417
417 418
418 419
419 420
6 6 27 8 47 3 79 5 42 2 67 9 35 
4 10 44 4 72 3 62 6 59 
3 5 6 1 10 10 6 
4 10 94 6 96 2 94 8 97 
4 4 12 10 33 1 33 8 21 
4 8 56 1 91 2 67 4 95 
6 2 74 10 89 8 76 4 95 9 85 6 92 
7 6 37 2 37 5 39 7 62 9 94 4 70 1 61 
4 10 42 4 88 1 60 9 52 
7 9 40 1 83 3 84 8 68 5 83 4 98 2 75 
5 6 89 3 90 1 98 7 89 8 94 
7 2 66 4 67 9 72 1 76 3 87 7 91 6 97 
6 8 17 9 51 7 28 5 49 6 17 3 30 
5 5 53 1 88 6 75 9 69 2 57 
6 9 24 10 36 6 70 3 42 8 42 2 41 
4 2 30 8 78 5 33 9 89 
3 5 23 3 56 8 58 
7 9 48 7 95 8 93 2 67 4 96 6 90 5 77 
5 6 33 4 56 2 72 10 79 1 99 
3 1 6 9 17 4 12 
3 7 88 1 95 2 94 
5 9 92 2 94 5 93 10 93 7 94 
6 7 35 1 97 4 81 5 64 2 64 8 41 
5 3 70 6 72 5 77 10 97 4 96 
7 10 72 4 81 3 86 9 91 6 89 2 85 8 72 
5 10 24 5 33 1 64 7 60 4 54 
6 9 58 10 91 8 67 3 81 6 68 1 85 
4 5 33 2 80 10 89 6 36 
7 4 45 1 50 8 87 10 54 6 87 9 81 3 98 
3 9 97 2 99 5 97 
5 4 36 5 91 6 45 1 98 8 90 
5 7 92 4 94 6 97 8 92 3 98 
6 3 96 8 96 1 98 7 98 9 98 4 97 
5 10 76 3 88 5 76 7 96 2 86 
6 1 58 6 71 4 61 8 61 10 90 2 94 
6 4 41 7 45 3 44 10 74 5 75 8 80 
7 6 71 7 82 5 91 2 73 10 79 9 88 1 99 
7 9 63 10 70 4 81 3 69 1 74 5 95 6 77 
3 8 28 4 34 1 40 
6 4 77 8 96 3 80 7 86 5 84 6 81 
3 1 88 5 96 4 90 
7 1 81 3 90 4 90 9 98 5 91 10 98 2 83 
4 5 72 8 79 7 79 3 73 
4 10 24 1 36 5 72 6 30 
6 9 13 3 20 2 36 4 18 1 38 7 29 
5 1 52 9 84 4 78 8 81 6 53 
5 9 76 2 87 5 81 6 94 8 86 
5 7 29 5 35 8 37 3 30 9 49 
3 9 96 8 99 3 97 
7 8 2 5 2 3 2 10 5 6 3 2 5 1 4 
3 8 34 9 52 2 51 
4 1 98 8 98 3 99 10 98 
6 8 69 1 82 2 79 4 70 5 75 7 82 
4 10 70 7 98 2 85 8 90 
3 10 91 2 93 5 95 
4 7 65 8 98 10 78 3 85 
3 3 47 5 78 6 52 
6 8 65 6 66 5 77 2 82 7 74 10 86 
6 8 21 1 41 7 59 3 23 6 39 4 55 
5 3 49 2 55 8 89 5 65 7 99 
7 9 56 8 58 2 84 4 80 7 87 5 87 10 91 
6 6 75 8 78 10 75 7 79 3 86 2 90 
5 7 46 3 74 8 64 2 53 5 72 
3 10 22 6 34 1 34 
7 10 92 7 97 8 94 3 94 9 94 2 98 6 98 
7 1 86 8 88 10 97 6 91 3 88 5 96 4 95 
4 2 23 6 42 7 43 5 62 
3 2 61 5 70 9 81 
3 8 73 6 98 3 90 
6 3 82 4 86 6 82 7 85 1 97 5 87 
5 9 23 10 29 6 64 2 57 8 51 
4 3 82 9 88 5 82 2 93 
6 10 52 8 95 7 62 3 90 4 98 1 77 
7 3 66 2 94 5 88 10 87 6 67 8 75 1 94 
4 7 40 5 83 4 91 2 65 
7 8 34 10 44 5 45 9 65 2 40 3 46 7 46 
3 1 97 8 99 3 98 
3 6 91 3 98 9 91 
7 5 82 1 93 8 99 6 97 9 84 2 87 10 93 
3 3 27 10 80 9 39 
5 1 99 3 99 7 99 10 99 8 99 
6 10 19 9 32 6 30 2 39 8 41 5 22 
4 9 27 3 36 8 34 10 75 
4 3 38 5 76 10 68 7 64 
7 9 73 3 86 1 81 6 94 5 98 2 89 7 87 
5 1 52 10 71 3 72 7 77 4 93 
5 5 11 2 20 8 25 4 14 9 32 
4 4 54 5 58 8 76 10 92 
4 1 46 10 72 3 70 7 51 
5 2 54 10 80 5 93 7 89 1 54 
3 1 15 7 37 8 21 
6 3 26 6 56 4 51 9 74 1 50 7 37 
6 9 38 5 97 6 87 10 96 7 53 4 44 
3 7 49 10 89 4 63 
4 9 66 6 72 7 95 10 94 
6 8 83 4 91 5 85 3 87 6 89 7 89 
3 1 39 6 79 2 86 
7 6 75 10 90 1 91 3 94 9 97 7 92 8 89 
7 10 36 8 61 2 73 7 88 6 57 3 72 1 81 
5 3 65 9 99 10 73 6 78 4 78 
7 10 31 6 44 8 58 7 82 2 49 4 50 1 57 
3 9 23 3 54 8 31 
5 1 95 3 98 2 95 6 99 9 98 
6 3 55 2 77 9 96 4 74 7 55 1 72 
7 5 62 6 85 9 76 1 81 7 86 4 74 8 75 
3 1 4 3 12 8 10 
5 3 41 10 98 8 96 4 53 2 76 
5 6 68 8 93 9 85 10 90 1 72 
7 9 80 3 97 6 84 8 92 10 81 2 82 5 90 
3 4 22 5 60 1 65 
6 8 67 2 94 6 85 4 72 10 86 5 79 
5 10 34 6 76 5 64 2 55 4 65 
7 5 88 3 88 2 89 10 96 1 92 9 97 7 91 
7 10 28 1 78 9 33 3 54 2 36 8 45 6 39 
3 4 6 2 13 1 8 
5 7 85 8 95 1 90 2 95 9 97 
6 2 69 7 97 9 94 5 77 3 71 6 92 
5 7 51 5 67 4 87 6 82 8 85 
7 7 25 1 73 9 60 4 38 10 58 3 51 8 63 
4 5 1 6 1 9 3 1 3 
5 1 52 5 93 2 74 8 98 7 59 
3 1 71 6 80 9 76 
4 1 44 10 57 6 60 9 72 
7 8 26 3 72 2 39 6 57 4 27 10 60 7 47 
7 7 79 5 95 10 97 8 79 2 93 3 98 6 87 
3 5 16 6 42 8 21 
6 4 71 2 95 6 82 10 73 5 82 9 81 
6 7 14 6 21 4 36 8 27 3 28 9 27 
3 3 39 7 68 4 93 
7 4 72 3 81 9 73 6 72 10 98 1 80 5 86 
7 9 95 2 98 7 95 8 98 4 97 3 97 6 99 
5 2 49 1 97 5 78 8 76 4 64 
6 10 38 8 41 3 91 1 67 9 83 5 54 
4 6 60 7 63 8 66 10 69 
3 5 67 1 81 6 79 
3 5 63 9 89 6 80 
5 3 6 10 18 4 17 1 18 8 16 
3 6 52 7 52 4 86 
5 10 87 5 95 8 94 4 97 3 91 
3 3 6 2 9 5 11 
5 8 12 7 21 3 21 6 32 2 13 
5 10 38 1 69 3 96 5 40 7 75 
3 6 59 10 77 1 92 
5 8 42 7 74 3 55 2 87 10 78 
6 4 11 9 30 7 33 6 18 5 16 3 19 
4 6 46 5 92 7 53 2 79 
3 9 47 6 66 8 51 
7 5 86 4 91 1 88 3 90 2 92 6 89 10 97 
7 9 98 3 99 1 98 2 98 5 99 7 98 10 98 
4 7 21 1 30 5 51 9 21 
4 4 72 7 98 2 89 6 78 
7 8 34 9 97 2 52 3 69 1 78 10 39 5 48 
3 6 29 10 85 7 62 
7 7 75 10 90 8 98 4 98 2 85 6 85 1 76 
5 2 29 8 77 6 45 3 75 9 53 
6 3 34 6 48 7 41 8 95 1 54 2 76 
4 6 42 10 75 4 51 1 58 
3 3 51 5 89 1 96 
4 8 99 2 99 4 99 9 99 
5 8 79 7 97 9 99 10 89 2 96 
4 1 73 10 74 3 99 8 94 
4 1 2 10 4 3 5 4 4 
7 4 72 7 72 5 80 9 82 8 96 6 89 3 80 
5 1 46 6 69 9 90 4 62 2 99 
5 5 8 2 19 4 21 3 16 6 10 
6 5 13 4 17 2 30 9 25 6 25 8 19 
4 10 88 2 99 7 91 9 92 
7 1 22 9 26 6 43 7 39 2 33 4 50 10 64 
6 2 8 1 11 4 9 8 24 9 8 6 19 
7 3 51 2 56 7 81 8 76 6 56 4 73 10 52 
6 3 20 9 60 1 38 8 46 10 45 6 49 
5 7 78 9 92 3 88 10 87 8 84 
7 6 45 2 56 5 86 4 53 7 48 10 57 1 88 
7 2 4 1 9 9 9 6 5 3 11 7 8 8 8 
4 4 15 10 44 1 17 8 34 
7 1 54 6 69 10 81 9 88 8 62 2 69 7 64 
3 1 17 2 35 10 17 
3 3 84 6 90 9 94 
7 6 37 5 63 7 68 1 74 4 54 9 38 8 74 
6 7 28 2 30 1 55 10 61 9 36 5 43 
4 10 54 5 97 9 94 3 56 
5 4 36 2 47 1 62 8 64 3 77 
3 5 13 6 37 8 29 
6 6 48 5 86 9 48 7 72 2 79 4 48 
6 2 85 1 87 3 96 9 97 8 85 5 92 
7 5 97 10 98 7 98 3 97 4 97 6 97 8 97 
4 3 86 2 95 1 98 7 92 
3 1 99 4 99 8 99 
7 7 22 10 53 8 36 1 49 3 41 9 62 4 59 
4 2 6 7 11 4 14 6 12 
6 8 62 4 90 2 80 3 73 5 92 9 64 
4 6 56 2 94 1 98 5 81 
4 9 1 2 1 6 3 1 3 
4 7 51 1 81 4 75 6 87 
3 3 31 1 87 4 53 
6 6 6 1 17 9 16 10 18 5 13 2 9 
6 5 44 9 92 4 95 10 48 2 76 1 55 
3 8 40 1 73 10 70 
3 2 31 4 52 7 80 
4 2 69 1 82 3 70 5 86 
4 7 88 8 96 9 93 10 96 
4 9 12 8 22 7 14 5 30 
6 4 20 9 60 1 25 5 28 2 43 6 38 
6 2 96 3 96 7 98 10 99 6 96 8 96 
6 7 40 5 52 2 69 6 46 1 52 10 88 
3 9 57 6 78 4 95 
4 3 63 6 92 2 89 7 80 
6 5 16 2 33 9 28 8 33 1 32 3 39 
6 6 30 8 45 1 86 2 34 3 42 7 71 
5 2 36 9 42 10 39 8 42 3 62 
7 1 65 4 96 10 95 5 65 7 66 2 93 3 85 
6 5 75 9 97 7 77 3 80 6 92 8 80 
7 7 18 5 52 2 45 3 39 4 33 1 50 6 43 
3 7 90 5 96 8 93 
3 4 3 9 9 8 4 
4 8 75 2 91 3 87 4 85 
6 8 17 1 26 6 44 9 50 2 22 10 17 
7 8 1 6 1 4 1 10 3 1 2 3 2 9 3 
4 7 7 6 12 5 11 9 12 
3 5 41 10 85 7 82 
6 4 31 1 78 6 60 3 75 9 77 5 54 
6 3 41 9 50 6 72 2 70 5 51 1 48 
5 2 1 10 2 3 1 8 1 4 3 
4 6 20 1 54 8 49 10 30 
3 1 42 8 98 2 83 
4 10 9 4 21 8 26 9 14 
4 9 77 4 84 7 77 2 80 
6 8 14 3 21 2 40 7 40 5 27 10 24 
3 1 46 4 53 9 55 
4 1 98 3 98 10 98 6 99 
4 6 38 2 76 5 59 4 72 
6 1 4 4 11 6 10 10 7 7 8 3 6 
3 3 85 7 96 9 89 
3 8 39 1 70 10 50 
3 8 13 1 15 10 32 
7 10 36 4 84 2 65 5 40 7 84 1 41 3 47 
6 6 94 5 99 4 97 7 95 1 99 10 94 
4 2 2 3 6 7 4 9 4 
3 7 11 2 14 6 12 
3 4 35 8 85 1 75 
7 6 23 10 65 2 40 9 62 8 29 1 55 3 67 
4 6 87 4 89 2 99 1 91 
6 3 88 2 94 5 97 4 91 1 88 10 99 
7 9 63 8 79 7 97 6 69 4 83 5 85 10 96 
6 4 39 7 46 10 53 9 39 3 42 6 96 
3 1 9 6 9 5 14 
7 3 62 9 93 4 86 10 65 6 70 2 92 1 65 
5 1 62 6 98 9 64 2 97 7 68 
4 1 49 3 80 5 99 4 70 
3 10 4 5 6 6 8 
7 8 46 2 63 4 93 10 92 1 91 5 80 3 79 
7 9 75 4 82 2 81 10 85 1 92 5 98 7 89 
5 3 42 2 96 5 51 4 49 8 84 
7 8 1 10 1 3 1 6 1 5 1 1 1 2 2 
3 4 48 2 52 10 49 
5 5 13 6 36 10 16 1 38 9 17 
5 2 68 8 77 3 76 9 96 4 94 
7 5 83 4 95 7 84 1 98 8 90 6 84 3 96 
7 2 1 5 2 1 1 10 1 7 2 9 3 8 2 
5 6 56 9 71 1 98 4 73 8 84 
7 2 17 1 18 6 44 3 33 4 33 8 19 5 20 
3 5 1 3 3 8 2 
5 6 38 1 75 5 47 7 65 9 79 
7 5 91 2 99 6 96 7 93 4 91 9 96 3 95 
7 3 29 9 38 4 46 1 84 10 76 2 36 5 45 
6 1 42 10 90 5 46 4 63 6 44 7 44 
4 4 36 10 89 1 99 9 73 
4 7 45 8 72 2 62 9 89 
5 2 64 1 70 6 91 8 82 3 75 
5 5 80 6 97 8 95 1 86 9 86 
6 9 4 7 12 3 5 5 11 1 9 2 11 
5 5 71 7 71 4 89 1 84 6 79 
6 2 70 9 79 1 95 6 77 8 72 7 71 
4 9 46 4 83 2 53 6 93 
7 8 29 3 86 2 34 5 50 10 74 4 54 6 79 
5 4 8 10 21 8 19 7 21 1 13 
5 9 95 5 96 7 96 1 95 10 99 
4 2 16 3 47 4 31 5 17 
7 9 13 6 36 8 29 4 29 5 26 3 39 1 28 
6 5 84 9 89 3 95 8 84 2 87 6 86 
7 3 67 1 72 8 69 10 86 4 72 9 79 5 68 
3 8 41 5 42 1 71 
6 3 17 4 42 6 44 7 43 2 28 1 44 
6 1 25 10 67 5 44 8 29 3 71 2 51 
5 10 83 5 91 2 94 9 89 3 96 
6 7 28 5 36 6 44 9 29 4 67 10 52 
6 7 66 3 81 1 99 8 69 5 90 4 72 
4 6 59 10 81 4 77 5 59 
5 8 7 4 16 9 18 10 8 7 15 
4 2 79 8 79 5 90 7 91 
4 3 34 9 70 8 91 5 82 
6 4 47 1 61 6 99 9 79 8 50 10 74 
4 6 46 1 62 10 56 5 90 
6 9 35 2 51 3 91 8 48 6 90 10 71 
7 10 15 7 41 9 35 4 18 1 36 8 43 6 44 
6 10 38 4 68 5 68 8 90 3 51 2 60 
4 7 26 10 30 6 51 8 34 
6 3 82 9 94 8 95 10 87 1 93 7 88 
6 4 37 8 57 5 47 10 67 7 89 9 77 
5 9 65 8 90 4 74 6 70 3 68 
6 10 28 9 68 4 66 7 71 6 38 3 59 
3 3 45 9 68 10 97 
7 2 7 6 20 1 12 10 13 7 13 4 11 3 14 
3 2 69 1 97 8 80 
4 7 20 5 34 2 36 8 24 
6 1 20 7 24 10 33 9 43 2 21 4 34 
3 9 25 6 60 8 69 
6 7 50 3 84 10 51 2 53 8 57 6 86 
4 2 64 6 85 7 95 4 89 
7 6 8 8 15 3 18 10 17 5 12 9 12 4 21 
6 8 17 1 33 3 44 4 30 9 23 6 35 
7 5 84 9 91 3 99 7 94 2 91 10 85 1 92 
3 10 48 4 90 3 68 
5 6 28 10 51 5 52 3 61 8 68 
3 7 7 1 13 4 17 
6 3 56 8 76 5 65 4 73 6 85 1 60 
3 9 1 7 1 6 2 
6 7 37 9 74 6 94 3 67 5 79 4 41 
3 4 51 2 64 5 60 
6 7 6 8 12 6 15 5 12 1 17 3 9 
6 7 97 6 97 4 97 9 98 10 98 1 98 
4 4 76 6 97 8 87 2 88 
5 9 15 5 18 10 27 6 43 3 32 
5 8 24 2 38 7 25 6 36 3 33 
7 2 42 5 53 10 89 6 61 4 83 3 53 1 76 
7 1 49 3 80 7 54 5 54 4 81 8 81 6 85 
4 4 48 6 74 10 75 7 54 
3 4 52 3 78 5 67 
6 2 64 4 81 9 93 8 84 7 86 6 97 
7 8 19 6 26 3 22 7 20 4 32 10 56 1 54 
3 1 79 8 84 5 88 
6 1 97 4 98 5 98 9 99 10 98 3 97 
7 1 82 6 95 3 98 10 86 2 97 7 94 8 98 
5 4 31 7 45 3 36 2 33 5 90 
3 8 54 2 90 3 88 
3 4 29 3 87 9 84 
3 8 66 9 79 7 85 
7 5 8 10 24 9 13 8 14 7 13 2 13 1 10 
3 6 17 7 37 1 33 
7 2 63 10 91 3 68 7 71 9 82 5 96 1 90 
7 6 56 5 91 1 59 2 57 3 86 9 68 8 76 
3 9 50 10 94 2 72 
6 9 22 6 49 4 64 1 29 7 24 5 33 
3 7 66 6 77 5 70 
4 8 1 2 3 10 2 1 3 
3 2 50 5 85 6 78 
3 4 43 10 68 7 86 
5 3 36 10 89 9 68 5 76 7 56 
5 9 67 1 76 5 83 6 72 3 78 
3 2 28 3 30 7 31 
6 7 43 10 85 4 81 5 88 9 97 2 74 
4 10 71 5 72 6 93 8 79 
3 4 23 1 56 6 55 
7 2 64 5 95 8 83 6 70 1 86 7 85 9 98 
4 2 18 1 40 3 37 8 20 
4 3 57 6 85 8 88 5 66 
4 3 73 9 98 2 85 10 86 
3 9 45 2 53 3 97 
4 3 88 4 93 5 91 7 89 
7 4 62 9 65 5 79 1 94 7 83 8 64 10 95 
4 8 18 7 29 3 52 6 41 
6 3 9 7 22 4 16 10 18 9 27 1 16 
6 9 53 5 81 4 70 3 96 10 60 8 64 
6 9 92 4 94 8 99 2 99 6 96 3 93 
4 2 95 8 98 4 99 3 97 
6 9 93 4 94 5 95 7 93 3 94 10 99 
3 9 73 1 82 4 98 
7 3 68 7 80 5 97 8 98 6 68 9 79 2 98 
6 1 39 5 99 8 74 9 40 6 83 10 44 
6 8 45 2 48 3 80 7 72 5 54 4 82 
7 10 75 7 92 5 78 9 91 3 95 1 87 2 75 
3 6 69 8 80 3 87 
5 5 92 3 92 10 93 6 99 8 97 
7 7 75 3 91 4 82 5 94 1 98 8 79 6 84 
7 10 27 9 53 6 37 8 43 3 30 4 55 7 57 
4 2 9 7 13 4 10 9 14 
6 1 44 10 56 8 78 7 99 5 97 9 55 
5 6 83 5 97 10 87 7 99 2 90 
5 5 44 3 92 9 92 8 66 2 86 
5 2 66 3 73 1 66 9 70 5 94 
3 2 95 3 98 1 97 
3 10 44 1 67 7 61 
5 7 14 8 39 5 25 6 16 4 19 
3 4 55 1 60 3 96 
4 1 79 4 90 9 85 6 95 
7 7 51 1 66 5 78 10 72 4 87 2 56 8 83 
6 5 13 2 30 8 38 10 21 6 21 9 34 
4 7 46 8 61 9 82 6 68 
4 1 78 8 92 4 85 6 98 
7 2 99 8 99 9 99 7 99 5 99 3 99 4 99 
5 1 85 8 89 3 94 9 90 10 90 
3 5 83 4 92 1 95 
5 3 26 4 65 2 78 1 30 8 40 
4 8 46 1 97 6 81 10 87 
7 10 75 7 82 3 88 5 86 8 89 9 93 6 91 
7 8 43 3 59 6 66 7 43 2 72 10 62 1 85 
4 5 80 9 85 6 94 8 91 
7 8 23 5 33 9 28 3 36 10 64 4 68 7 43 
5 8 55 4 92 2 90 10 97 7 93 
5 7 50 6 56 5 92 9 74 8 57 
3 4 47 8 51 5 81 
6 7 43 3 78 5 88 1 74 2 86 9 98 
3 2 48 8 83 3 84 
5 5 68 10 77 9 98 7 89 3 75 
4 9 58 2 69 7 86 10 80 
5 4 90 8 98 10 91 2 94 6 98 
5 7 87 10 90 5 91 9 99 1 92 
5 6 62 10 82 2 99 1 77 3 70 
7 3 98 6 98 2 98 9 99 7 98 1 99 8 98 
3 6 32 4 81 5 32 
6 10 99 9 99 7 99 1 99 4 99 5 99 
3 3 89 6 93 9 90 
3 3 45 7 61 8 94 
6 1 14 9 36 6 31 5 23 4 19 3 29 
6 3 32 4 64 1 56 7 67 2 75 9 44 
5 5 90 8 97 4 90 7 93 2 93 
5 5 12 1 25 4 12 3 23 6 13 
3 4 94 9 96 8 96 
5 5 85 2 87 3 87 8 89 7 86 
4 9 57 7 83 1 58 2 73 
