416 382 15
1 2
2 3
3 4
4 5
5 6
6 7
7 8
8 9
9 10
10 11
11 12
12 13
12 14
12 15
16 17
16 24
17 18
18 19
19 20
20 21
21 22
22 23
23 31
24 25
25 26
26 27
27 28
28 29
29 30
30 31
31 32
33 34
34 35
34 43
35 36
36 37
37 38
38 39
39 40
40 41
41 42
43 44
44 45
45 46
46 47
47 48
48 49
49 50
51 52
51 56
52 53
53 54
54 55
55 60
56 57
57 58
58 59
59 60
69 70
70 71
71 72
72 73
73 74
74 75
75 76
76 77
76 81
77 78
78 79
79 80
81 82
82 83
83 84
85 86
86 87
87 88
88 97
89 90
90 91
91 92
92 97
93 94
94 95
95 96
96 97
97 98
98 99
99 100
100 101
101 102
102 103
104 105
105 106
106 107
106 115
107 108
108 109
109 110
110 111
111 112
112 113
113 114
115 116
116 117
117 118
118 119
119 120
120 121
121 122
123 124
123 128
123 132
124 125
125 126
126 127
127 136
128 129
129 130
130 131
131 136
132 133
133 134
134 135
135 136
140 142
141 142
142 143
143 144
144 145
145 146
146 147
147 148
148 149
149 150
150 151
151 152
152 153
153 154
154 155
155 156
156 157
157 158
159 160
160 161
161 162
162 163
163 164
164 165
165 166
165 171
166 167
167 168
168 169
169 170
171 172
172 173
173 174
174 175
176 177
177 178
178 179
179 180
180 181
181 182
181 185
181 188
182 183
183 184
185 186
186 187
188 189
189 190
191 192
192 197
193 194
194 197
195 196
196 197
197 198
198 199
199 200
200 201
201 202
202 203
203 204
204 205
206 207
207 208
208 209
209 210
210 211
211 212
212 213
213 214
213 218
214 215
215 216
216 217
218 219
219 220
220 221
222 223
222 227
222 231
223 224
224 225
225 226
226 235
227 228
228 229
229 230
230 235
231 232
232 233
233 234
234 235
235 236
237 238
238 239
239 240
239 245
239 250
240 241
241 242
242 243
243 244
244 255
245 246
246 247
247 248
248 249
249 255
250 251
251 252
252 253
253 254
254 255
256 257
257 262
258 259
259 262
260 261
261 262
262 263
263 264
264 265
265 266
266 267
267 268
268 269
269 270
270 271
272 273
273 274
274 275
275 276
276 277
277 278
278 279
279 280
279 284
280 281
281 282
282 283
284 285
285 286
286 287
288 289
288 295
289 290
290 291
291 292
292 293
293 294
294 301
295 296
296 297
297 298
298 299
299 300
300 301
301 302
305 306
305 312
306 307
307 308
308 309
309 310
310 311
311 318
312 313
313 314
314 315
315 316
316 317
317 318
321 322
322 327
323 324
324 327
325 326
326 327
327 328
328 329
329 330
330 331
331 332
332 333
333 334
334 335
335 336
336 337
337 338
339 340
340 343
341 342
342 343
343 344
344 345
345 346
346 347
347 348
348 349
349 350
350 351
351 352
352 353
353 354
354 355
356 357
357 358
358 365
359 360
360 361
361 365
362 363
363 364
364 365
365 366
366 367
367 368
368 369
369 370
371 372
372 373
372 375
372 377
373 374
374 379
375 376
376 379
377 378
378 379
386 387
387 388
388 389
389 398
390 391
391 392
392 393
393 398
394 395
395 396
396 397
397 398
398 399
399 400
400 401
402 403
403 404
404 405
405 406
406 407
407 408
407 411
407 414
408 409
409 410
411 412
412 413
414 415
415 416
11 3 91 10 98 13 98 11 97 1 91 8 97 9 91 5 96 14 91 7 96 12 95 
5 1 22 11 46 13 43 3 52 2 65 
11 7 95 13 98 11 99 8 98 4 95 3 97 5 98 9 96 1 96 15 97 2 95 
10 7 60 9 76 4 93 13 68 11 68 14 97 2 66 8 86 1 94 5 86 
11 15 85 6 86 10 92 7 88 3 90 8 92 14 92 4 96 13 93 5 87 2 94 
10 5 8 7 24 2 21 1 18 12 23 8 8 3 20 15 21 9 14 13 17 
9 2 36 11 55 8 85 3 53 5 57 4 71 7 54 15 59 12 74 
11 8 74 12 90 13 94 11 82 3 77 1 80 9 95 15 83 7 79 4 85 10 91 
11 3 51 7 52 14 76 10 88 12 63 13 66 4 82 15 85 1 72 8 73 11 86 
9 12 89 15 98 2 98 13 90 6 93 10 97 5 97 3 89 8 90 
11 6 19 11 46 13 46 1 30 3 20 14 43 15 37 12 57 4 52 5 21 9 39 
7 3 82 1 85 11 96 14 87 15 87 12 83 8 99 
5 6 40 10 40 2 95 15 45 8 86 
10 2 66 14 86 11 89 4 83 5 96 13 69 15 66 10 92 12 82 3 66 
8 14 53 8 69 10 66 2 69 12 74 6 53 7 56 5 82 
9 15 91 14 92 8 98 4 96 13 98 12 95 2 98 6 98 1 92 
6 6 54 4 90 1 69 15 61 14 93 8 55 
10 9 21 5 56 4 35 6 63 11 62 7 51 15 50 1 50 10 45 12 42 
5 8 48 3 67 7 98 2 80 1 52 
11 1 15 5 33 12 15 13 20 2 31 10 35 15 42 4 28 14 33 9 27 7 18 
6 12 58 10 77 1 91 8 58 3 77 11 70 
5 15 86 3 99 10 98 12 98 9 88 
7 1 37 11 96 2 60 4 44 3 42 7 82 13 66 
7 14 38 7 67 8 56 9 79 1 45 11 38 4 63 
6 15 56 5 60 1 75 2 97 14 74 3 65 
8 8 54 10 97 3 98 5 94 1 80 9 79 2 91 12 77 
10 4 88 3 94 13 98 2 91 15 95 1 94 5 97 12 97 8 88 14 88 
11 14 65 8 77 11 74 9 78 10 77 3 97 13 82 15 65 12 65 2 73 1 85 
10 5 38 11 67 4 82 3 52 12 82 2 50 7 80 6 90 10 86 13 51 
8 2 23 5 37 15 36 13 68 11 26 6 30 14 42 9 44 
7 13 53 10 79 1 74 6 92 15 74 8 99 3 86 
8 15 20 12 57 2 31 13 22 3 30 5 47 4 44 6 53 
6 9 82 15 85 14 90 11 88 3 96 13 98 
8 12 25 1 55 11 44 15 73 7 46 13 34 14 68 3 46 
8 15 36 10 79 13 47 2 74 5 72 8 65 9 50 4 42 
5 14 51 1 94 7 62 2 63 4 98 
6 12 18 10 28 14 31 8 42 7 41 11 32 
6 7 62 12 77 9 92 13 72 3 90 5 89 
10 1 18 9 33 12 32 13 49 14 34 4 31 6 44 11 32 10 30 3 36 
6 2 54 15 86 9 76 5 66 12 62 6 69 
7 10 93 1 93 15 94 11 96 9 97 6 93 2 99 
6 5 53 1 66 6 67 2 99 9 70 4 93 
8 11 93 7 95 4 99 10 93 2 94 8 96 1 93 12 98 
7 9 88 1 94 11 95 10 96 6 95 8 89 7 90 
5 15 76 12 95 4 89 10 95 13 78 
6 14 29 4 59 8 63 9 34 7 44 13 60 
11 7 6 13 17 11 11 8 14 5 18 10 15 3 8 9 11 15 8 2 14 1 9 
8 6 50 15 54 8 87 7 55 12 64 10 77 11 88 2 78 
8 4 43 8 78 7 53 12 55 6 60 14 78 15 85 3 73 
9 12 84 5 90 6 85 10 94 15 93 4 93 14 93 7 84 1 97 
7 4 74 3 88 6 85 7 79 15 74 12 91 14 91 
7 5 86 1 96 4 97 11 95 6 97 8 99 10 91 
9 4 92 2 94 5 96 6 98 3 97 14 92 13 95 9 99 11 99 
7 15 65 8 99 4 80 13 67 12 92 3 76 2 76 
8 2 33 1 56 12 34 13 40 4 58 15 60 9 34 5 84 
10 13 80 6 93 12 97 7 95 9 81 15 91 2 83 5 99 10 94 8 94 
6 11 27 13 58 8 46 1 72 10 42 14 30 
8 5 50 7 59 1 80 12 63 3 64 4 86 14 77 6 58 
10 6 62 14 80 15 78 11 63 4 85 2 72 7 85 8 65 12 79 5 77 
11 15 81 1 94 13 81 12 85 14 86 7 86 8 88 6 87 4 98 9 83 10 99 
7 4 36 5 45 1 60 10 53 8 81 2 79 3 41 
9 1 44 2 48 3 52 8 48 10 44 13 55 11 54 12 63 14 87 
11 15 20 10 51 7 55 11 28 13 21 3 46 12 48 2 59 14 27 5 21 1 53 
11 8 33 9 65 14 84 1 71 15 52 2 59 5 77 3 54 4 77 6 54 13 90 
5 13 82 8 97 6 98 10 92 4 98 
10 1 45 2 94 8 66 10 61 7 95 12 77 6 54 11 56 15 87 4 90 
5 9 90 13 97 11 99 2 91 5 96 
6 7 86 9 94 10 86 3 93 4 88 8 88 
6 3 29 4 35 8 82 13 33 14 54 10 63 
10 9 29 2 53 15 83 11 65 8 31 6 66 5 82 7 34 12 38 10 53 
8 10 40 14 50 7 89 11 96 1 92 15 83 6 77 9 49 
11 6 1 5 1 3 2 4 3 12 2 15 3 11 3 8 2 14 3 7 3 1 2 
10 3 33 11 69 14 75 4 52 9 71 15 94 13 70 2 35 7 73 1 42 
11 13 79 5 88 12 89 7 87 6 81 14 99 8 96 2 85 9 96 4 87 11 95 
9 1 79 7 80 15 95 2 99 8 90 14 88 4 91 13 88 3 89 
5 14 24 11 43 8 65 5 25 12 45 
10 5 33 12 80 11 96 8 72 15 67 13 56 6 44 4 63 1 46 7 57 
6 12 63 1 92 14 82 10 94 5 64 11 65 
5 3 5 10 12 14 10 8 12 6 7 
11 2 69 13 93 5 82 15 97 9 88 4 90 6 83 14 77 11 79 10 70 1 97 
6 6 27 11 77 5 40 8 27 14 74 4 66 
10 10 57 4 81 7 83 15 64 11 81 13 65 12 73 9 87 1 95 3 97 
11 3 21 8 44 12 21 2 25 15 40 14 51 11 23 10 57 6 56 13 37 7 44 
10 9 82 1 85 15 87 3 92 7 84 11 88 12 85 2 90 8 88 6 92 
9 2 43 14 76 7 84 9 43 6 57 5 53 10 89 3 94 15 60 
11 3 78 2 87 4 97 5 84 8 89 13 87 10 85 11 94 9 98 15 83 6 82 
6 11 26 9 78 14 45 15 69 3 34 6 50 
5 4 44 9 98 11 46 10 61 1 52 
6 13 91 7 96 11 94 2 94 6 99 12 91 
10 12 97 3 97 6 99 14 99 11 99 8 97 5 97 13 97 10 98 2 99 
6 8 71 15 84 3 83 7 85 11 82 12 88 
7 2 16 7 38 15 36 3 46 8 19 12 18 10 42 
11 6 93 11 97 12 96 15 94 8 97 4 96 13 95 2 99 7 97 10 99 5 99 
5 8 8 12 16 6 14 4 13 13 17 
7 13 93 7 93 2 99 4 97 1 98 6 98 3 93 
11 2 18 13 26 8 40 6 21 9 31 14 54 11 22 15 39 5 27 4 23 1 49 
7 13 43 9 63 4 71 15 44 2 43 6 54 11 56 
11 10 51 4 66 1 94 14 79 12 69 11 56 6 58 13 72 15 82 7 74 5 94 
11 3 24 8 57 9 50 13 70 7 28 15 53 6 72 11 30 4 67 12 28 14 27 
9 12 84 7 95 13 92 4 86 3 85 11 96 9 87 10 84 14 86 
9 9 54 2 64 15 93 5 59 14 91 10 77 7 73 4 96 1 90 
8 2 5 5 13 8 5 12 7 4 6 7 6 6 12 1 6 
8 15 88 8 88 5 94 12 92 6 95 4 93 13 92 14 88 
6 11 22 1 41 3 59 13 42 5 30 8 37 
5 10 28 7 84 15 76 13 35 6 39 
6 5 35 8 72 3 49 4 55 6 79 7 81 
8 15 52 14 84 11 82 6 73 8 76 10 89 1 81 12 95 
9 11 5 4 9 12 7 6 14 10 6 9 13 2 13 15 11 1 6 
6 14 74 10 84 12 78 7 90 9 96 5 98 
7 7 75 12 88 1 84 14 88 8 94 11 96 5 84 
7 3 48 7 84 4 81 5 74 1 82 6 62 8 78 
6 3 26 4 56 8 78 15 41 12 30 5 73 
7 15 47 2 49 14 96 3 52 12 91 7 56 9 70 
8 2 75 1 91 8 81 4 78 15 91 11 79 7 90 12 98 
8 13 7 10 21 4 11 8 17 7 12 2 13 12 14 9 20 
8 2 52 13 76 10 89 1 54 7 60 5 82 8 64 9 53 
6 4 79 2 96 1 89 13 95 3 85 15 94 
11 10 75 14 79 6 83 4 94 15 89 13 82 9 77 12 95 5 79 8 92 1 90 
5 8 75 7 81 15 82 11 80 3 86 
5 5 91 14 95 4 98 15 98 6 96 
9 13 27 14 64 11 69 5 34 4 59 10 62 8 44 1 71 3 47 
6 4 47 11 62 6 74 12 47 5 61 14 94 
9 6 7 12 21 2 9 3 13 8 14 1 12 15 13 14 10 11 18 
8 6 15 7 44 5 42 9 40 10 20 3 29 1 22 11 32 
7 10 37 1 90 5 52 4 89 3 46 13 77 6 94 
6 3 39 5 85 2 58 12 80 11 39 10 70 
5 4 47 12 77 6 50 1 66 9 97 
10 2 7 4 8 7 12 3 10 14 12 15 11 12 17 1 19 9 14 11 21 
8 2 99 10 99 14 99 13 99 4 99 5 99 9 99 7 99 
11 3 9 9 18 14 27 5 16 8 11 6 20 2 22 4 15 1 17 12 25 11 14 
6 14 21 13 44 10 33 3 28 7 52 5 51 
10 6 12 8 35 2 21 9 24 5 32 11 36 3 21 4 31 14 27 1 17 
10 9 23 13 68 4 63 6 27 2 51 3 60 12 26 1 50 7 62 11 41 
10 2 97 4 97 7 99 12 97 15 99 9 97 13 99 3 97 10 98 1 98 
5 6 90 10 93 15 99 13 99 9 91 
8 10 97 7 97 9 98 5 97 13 97 6 97 8 98 2 98 
10 11 66 8 93 15 78 1 92 5 71 14 79 2 87 10 98 4 97 7 94 
9 9 82 13 93 10 96 4 85 8 90 11 98 6 99 1 88 3 84 
7 14 31 15 35 8 51 6 32 5 79 11 57 10 47 
5 3 50 1 64 14 99 11 91 2 97 
10 1 40 9 86 15 89 10 59 8 40 2 46 14 80 3 50 13 83 4 73 
9 11 57 15 70 12 65 14 62 6 57 1 88 10 99 8 66 13 60 
10 1 45 9 80 12 49 3 94 4 53 7 55 8 50 11 46 5 45 10 71 
10 12 76 6 95 15 88 1 78 5 99 14 94 7 83 11 87 2 93 10 76 
10 14 89 13 97 9 98 6 97 3 99 4 99 5 96 8 91 2 97 1 93 
6 5 48 13 84 2 70 4 90 11 73 6 81 
6 11 23 2 28 6 36 1 25 15 30 12 32 
7 4 18 9 32 14 44 13 35 2 29 11 46 5 39 
6 5 44 4 64 8 59 1 69 12 61 9 81 
9 2 75 13 91 4 92 3 90 14 87 7 96 9 84 5 79 1 93 
11 12 37 1 68 2 42 15 59 7 42 3 50 8 85 4 95 11 52 13 74 14 53 
9 3 10 2 20 5 18 6 26 14 21 11 26 10 25 9 24 13 25 
5 12 24 10 39 14 32 8 69 7 34 
5 14 1 7 2 10 2 13 2 8 1 
5 4 46 3 62 7 98 14 91 11 93 
10 5 10 2 25 12 15 4 17 10 25 9 11 13 14 1 15 3 23 14 27 
11 4 38 1 52 7 97 9 86 5 76 10 66 15 62 6 75 2 93 8 69 12 64 
7 5 4 12 9 6 8 9 10 8 12 10 12 11 11 
5 5 71 1 75 11 75 10 99 15 93 
8 15 30 6 86 11 32 9 77 13 55 7 90 3 71 8 69 
10 2 14 10 26 11 35 15 21 5 23 14 16 8 23 9 16 12 19 6 42 
7 4 10 2 26 7 24 12 27 11 17 1 15 13 20 
11 5 55 4 68 1 86 13 87 15 86 9 80 8 76 3 72 6 81 10 85 12 69 
10 10 47 7 80 8 55 2 74 9 56 11 72 15 79 1 82 14 91 3 49 
8 14 61 10 91 7 98 1 82 15 84 3 86 4 95 11 72 
8 1 11 11 14 10 27 12 31 9 14 2 17 3 29 8 15 
6 12 39 6 64 5 93 9 83 11 63 2 45 
8 2 61 7 84 12 77 3 81 15 80 10 67 9 62 13 99 
11 4 81 7 88 6 84 11 95 14 97 10 83 5 87 8 94 3 90 1 93 15 96 
7 8 66 15 87 11 94 9 84 12 86 7 93 2 96 
8 12 17 9 51 11 30 13 34 8 18 7 31 3 22 5 24 
5 10 99 8 99 11 99 1 99 12 99 
10 9 29 14 75 12 47 13 33 5 34 11 51 10 31 6 60 1 43 4 33 
10 13 5 8 13 6 7 1 8 12 7 9 8 10 14 11 10 4 8 5 5 
11 8 37 1 67 14 87 5 45 9 56 13 43 12 83 15 90 3 48 7 43 11 68 
7 4 58 3 66 5 99 9 94 11 68 10 82 2 70 
7 5 37 10 81 1 87 9 55 8 86 7 81 3 71 
7 6 46 9 86 2 79 5 66 11 71 15 66 1 51 
5 10 60 1 60 9 65 14 68 15 80 
8 12 22 5 53 8 39 6 50 10 29 1 33 13 53 14 56 
6 14 53 15 73 2 64 8 71 10 99 3 88 
7 11 46 5 54 3 53 4 85 12 59 6 69 15 64 
6 11 57 12 59 6 61 5 98 8 66 3 70 
6 5 4 4 10 14 12 6 12 10 5 1 6 
8 1 9 5 10 15 15 14 22 12 22 11 16 7 19 4 20 
7 3 90 5 99 10 90 8 94 4 96 1 97 11 96 
10 2 29 15 78 14 69 12 42 4 49 1 46 5 50 9 83 11 85 8 36 
5 8 60 7 74 15 91 5 76 10 88 
10 10 82 4 97 5 82 12 97 9 93 15 97 13 82 3 94 6 92 7 84 
5 14 90 6 96 5 97 2 92 12 98 
9 4 93 3 97 12 95 6 99 7 98 8 93 11 99 5 96 14 96 
6 5 70 13 84 8 72 9 78 7 90 6 94 
5 2 56 14 61 13 88 11 89 6 91 
10 11 1 1 2 15 3 5 1 10 3 7 1 2 1 13 2 3 1 8 2 
6 13 38 8 86 2 81 14 95 7 44 3 71 
6 8 59 10 60 15 85 14 99 9 93 13 90 
11 15 8 4 23 9 19 11 22 10 8 6 16 8 22 12 24 13 8 14 12 2 22 
6 3 41 2 90 4 52 6 49 5 42 8 71 
7 4 2 8 2 11 5 6 5 15 2 12 2 1 2 
7 10 49 4 66 8 84 9 76 14 97 7 71 6 87 
10 9 99 3 99 11 99 10 99 13 99 8 99 15 99 7 99 6 99 1 99 
9 6 7 12 18 5 21 1 16 13 16 14 11 2 9 4 20 11 13 
6 14 75 12 86 3 75 15 84 5 77 13 90 
5 2 38 11 66 15 60 6 68 7 69 
7 2 84 13 94 15 90 1 98 7 89 11 96 4 92 
5 8 3 12 3 6 5 14 3 13 7 
9 6 59 2 92 11 63 8 88 7 75 12 84 14 90 13 92 1 85 
10 8 66 2 89 7 77 13 67 10 87 9 80 14 77 11 79 4 97 15 72 
11 5 87 6 92 13 91 2 91 15 95 4 88 7 96 9 98 1 95 10 91 14 94 
7 14 55 13 60 8 65 1 74 15 91 4 95 3 73 
11 8 78 14 91 11 83 7 94 9 95 6 95 13 83 2 98 10 87 4 89 3 94 
8 11 63 9 70 7 65 13 81 2 83 5 98 12 84 10 64 
8 7 32 8 84 13 41 5 82 3 41 10 81 14 75 1 53 
10 6 2 10 6 13 4 5 5 12 6 2 2 3 3 11 6 14 5 4 5 
5 10 37 15 44 3 82 13 39 4 54 
9 11 55 14 61 15 99 9 76 10 91 8 87 3 71 6 82 12 81 
7 11 35 14 35 9 77 7 54 8 64 2 64 5 93 
8 14 56 12 73 6 79 5 68 8 75 15 94 11 59 7 91 
8 5 1 9 3 1 3 11 1 8 3 13 2 2 1 6 2 
9 15 5 9 9 11 8 2 15 8 7 13 5 12 15 5 11 6 13 
10 7 94 5 95 13 96 8 99 3 94 1 94 6 96 12 96 10 96 15 98 
10 14 48 6 75 15 74 3 67 2 53 8 54 9 60 1 85 10 99 7 94 
8 14 26 13 54 7 51 6 57 8 38 15 58 1 73 3 41 
9 12 72 4 80 7 78 13 85 3 75 11 89 2 83 6 89 14 87 
7 12 89 8 99 1 96 3 94 13 96 4 98 10 98 
8 6 5 14 15 3 8 7 14 4 10 5 9 8 9 11 5 
5 15 69 8 88 12 85 11 74 7 93 
5 8 85 6 86 1 89 3 93 9 87 
7 5 46 1 59 13 57 8 68 12 55 15 78 4 53 
9 4 78 12 84 1 99 13 97 6 86 7 79 8 87 2 84 15 86 
5 13 38 12 90 5 45 15 47 14 91 
7 3 9 7 19 15 13 6 25 11 10 10 25 14 20 
8 4 85 9 98 14 86 10 92 3 96 13 90 2 93 6 90 
10 13 42 9 95 1 87 5 78 15 71 10 62 12 48 7 96 6 90 2 51 
6 6 21 14 21 12 53 1 31 10 51 13 21 
9 8 60 11 92 13 67 6 89 4 91 12 75 10 82 15 87 3 97 
9 12 22 15 56 14 30 7 41 1 56 4 22 2 28 9 32 6 59 
7 8 84 3 99 1 96 14 95 10 91 6 85 9 85 
5 15 89 10 91 13 92 9 94 7 90 
8 4 79 9 83 2 98 15 86 1 93 14 94 12 99 8 99 
9 10 8 13 22 8 22 3 19 14 15 11 13 4 11 7 23 15 21 
9 2 30 11 45 15 62 8 76 10 31 7 81 6 33 5 52 1 42 
6 11 28 14 84 10 52 12 68 3 81 9 72 
8 9 38 14 44 11 76 2 57 4 56 1 71 15 60 13 70 
7 9 65 11 98 5 84 14 90 15 96 4 77 3 70 
6 8 60 12 87 1 89 6 79 2 98 4 84 
6 5 54 3 88 2 67 9 56 14 73 1 90 
9 6 79 12 83 5 98 7 99 3 93 15 89 14 95 2 81 4 83 
5 10 87 14 92 11 95 2 90 4 89 
10 15 59 2 92 8 62 10 69 11 76 14 83 13 93 7 78 5 75 9 91 
10 9 80 14 89 2 85 5 84 12 92 3 96 7 95 8 87 13 85 10 86 
9 3 10 1 20 13 25 11 29 4 24 12 21 8 29 14 28 5 18 
6 6 4 13 5 5 6 9 8 2 11 14 5 
11 6 48 11 87 7 75 9 91 4 50 1 87 2 87 14 59 5 48 15 65 10 84 
5 8 86 3 98 4 94 11 90 1 86 
10 12 56 15 88 14 57 8 58 13 64 2 71 1 63 9 64 10 90 11 99 
7 6 64 3 67 2 98 10 84 12 94 11 99 1 87 
10 8 52 9 96 4 61 11 87 3 87 2 92 13 85 12 65 10 66 6 83 
11 14 24 12 57 8 27 6 71 11 59 7 49 1 61 2 26 5 35 3 41 10 65 
6 3 75 5 99 1 94 8 79 13 96 4 94 
9 1 87 8 99 13 88 5 98 14 92 15 98 9 99 3 90 4 87 
5 9 8 6 8 12 22 3 9 10 16 
8 11 64 15 99 4 77 1 72 5 70 9 84 7 96 6 82 
10 10 49 12 92 11 49 7 86 13 62 9 64 8 68 4 98 15 59 3 78 
11 1 78 4 90 5 99 13 99 10 79 14 95 15 86 11 78 6 84 2 84 12 89 
7 4 52 3 99 6 80 7 97 5 66 15 88 14 58 
10 11 91 13 98 8 94 6 93 15 95 7 97 1 98 12 99 9 98 5 95 
9 5 66 7 93 13 75 10 71 6 83 8 97 1 69 14 68 2 71 
6 15 30 4 45 12 58 10 54 13 75 5 43 
10 2 90 15 90 4 90 11 91 3 95 12 93 7 95 14 96 10 97 1 91 
9 9 12 4 35 11 29 13 20 5 32 1 14 10 33 15 29 7 34 
9 15 77 5 97 2 80 9 98 13 92 10 99 8 90 11 99 12 89 
11 3 60 4 75 10 70 11 77 1 81 15 63 5 96 12 92 2 66 14 72 7 87 
9 2 82 14 90 3 94 1 92 8 97 15 93 11 84 6 83 10 88 
11 9 73 2 86 14 95 12 92 6 93 13 74 11 76 8 87 1 83 5 88 3 82 
8 1 84 4 93 10 85 7 99 6 87 13 98 2 99 9 90 
10 4 53 9 82 15 86 5 68 7 63 2 72 8 95 6 54 14 57 1 54 
7 4 53 13 61 12 83 5 68 10 93 2 59 3 56 
10 15 63 6 83 1 88 12 91 10 93 4 86 7 88 13 66 11 65 5 90 
9 9 72 13 75 14 78 6 74 5 93 3 94 1 86 2 81 15 97 
7 8 13 3 21 9 17 6 26 5 16 10 22 11 39 
5 3 60 11 85 13 80 15 79 12 84 
11 9 30 3 46 6 77 4 81 8 42 12 40 1 84 15 71 14 85 13 58 11 43 
8 14 43 4 49 6 45 13 53 12 70 9 74 3 63 10 74 
11 13 60 7 76 15 61 6 86 8 62 12 69 11 92 14 97 2 78 1 75 9 94 
7 10 26 15 40 12 35 6 58 2 27 13 26 7 45 
8 9 65 12 89 6 66 10 92 8 75 3 92 13 78 4 90 
5 3 86 15 93 14 90 2 90 11 94 
10 5 56 10 84 1 88 14 66 7 93 2 98 3 85 4 85 15 78 13 86 
11 14 22 9 45 11 66 2 60 6 52 10 51 8 30 15 45 12 37 3 36 4 43 
7 3 67 14 85 7 92 11 69 5 97 13 88 6 94 
8 2 84 3 89 11 85 8 99 5 87 13 92 14 97 10 99 
7 8 68 6 72 12 99 9 87 1 79 2 93 14 92 
6 12 74 11 85 5 81 13 82 3 88 14 79 
5 14 76 12 95 7 98 6 92 4 91 
5 3 86 5 86 10 98 11 89 7 89 
5 13 11 11 24 9 13 8 25 14 18 
8 8 25 2 70 15 74 14 58 13 36 7 61 9 53 6 64 
10 15 20 10 25 2 34 6 36 12 40 4 34 9 26 13 27 14 29 5 60 
6 12 14 7 16 15 21 14 27 9 42 11 28 
10 4 68 7 88 5 79 8 87 12 83 6 71 9 69 15 69 11 81 1 73 
9 9 21 2 35 10 41 12 58 14 30 5 25 3 26 7 38 1 26 
11 9 85 15 95 14 85 4 98 8 89 12 95 11 94 7 94 6 91 13 93 2 96 
9 14 77 13 81 8 79 6 77 10 83 5 91 4 80 15 91 2 89 
11 5 55 2 75 10 76 3 76 14 77 1 94 6 98 7 75 13 67 8 74 9 97 
5 15 18 3 42 12 49 11 41 10 26 
11 9 88 4 96 2 96 5 96 12 98 10 91 14 92 15 95 6 89 8 94 7 89 
11 13 47 5 52 3 95 12 97 11 81 15 57 6 49 7 89 1 51 9 64 14 51 
10 10 7 13 16 6 19 11 9 4 21 15 17 14 13 2 21 9 12 3 18 
9 13 35 1 76 15 54 8 76 9 84 5 89 14 39 6 55 3 79 
9 2 8 7 13 15 24 9 13 1 22 3 13 8 23 4 17 13 11 
8 15 67 1 99 7 83 10 92 4 98 3 90 11 76 5 90 
8 8 98 10 99 1 98 2 99 6 99 14 98 13 98 11 99 
6 11 69 5 75 8 75 2 89 15 74 7 99 
10 6 95 12 98 1 95 4 96 3 96 15 96 13 96 2 98 9 97 5 98 
8 2 91 5 95 11 94 9 94 6 95 14 91 13 94 4 92 
11 4 95 6 95 2 97 5 95 15 95 8 96 3 98 1 95 14 96 11 97 13 98 
6 10 72 12 72 8 76 1 76 13 86 5 77 
10 14 32 8 87 15 89 7 47 2 44 9 60 11 79 1 59 4 70 10 33 
5 5 11 13 26 9 25 4 12 15 21 
9 9 67 4 81 13 77 12 89 7 69 8 88 1 67 11 84 3 77 
6 8 38 11 68 9 62 14 91 1 55 2 38 
10 15 91 6 93 10 98 12 93 1 96 3 92 14 97 2 99 4 95 5 99 
8 15 31 2 55 6 75 3 78 9 80 14 75 7 74 12 63 
8 13 54 2 71 14 92 5 67 6 59 3 62 1 87 12 97 
7 3 68 4 70 2 93 6 73 1 75 8 68 11 74 
7 6 31 5 74 9 60 10 39 4 80 14 58 7 48 
10 6 95 15 98 7 96 2 98 11 99 1 95 5 97 8 98 9 97 12 96 
9 4 90 14 97 9 93 12 96 11 95 1 95 5 98 15 91 13 92 
10 13 80 5 85 7 84 12 98 4 97 2 99 10 83 3 82 8 98 9 95 
10 3 28 13 52 11 83 7 45 9 82 14 39 12 52 8 68 6 65 15 42 
6 4 85 10 87 8 87 7 87 15 89 5 91 
8 1 67 12 98 3 96 14 83 5 75 13 76 9 76 2 97 
9 14 24 15 53 13 27 4 38 10 48 8 40 9 56 6 31 12 39 
8 4 93 8 95 5 93 10 95 15 93 12 93 11 95 14 99 
6 8 5 7 9 10 8 1 14 11 14 3 14 
5 9 48 14 60 8 78 15 69 3 53 
5 11 82 8 89 13 86 4 94 12 96 
9 1 8 2 23 13 22 7 16 8 11 3 15 12 14 15 8 4 21 
7 12 48 3 85 10 51 7 53 11 84 1 56 15 57 
8 13 10 15 20 10 13 4 14 3 19 1 23 9 23 12 19 
8 11 44 4 52 10 81 8 75 15 45 7 82 12 99 6 56 
5 7 95 15 96 1 95 8 97 14 98 
11 13 29 15 51 10 69 1 37 4 67 8 60 6 64 5 84 7 53 9 55 2 41 
6 3 40 15 73 7 78 14 45 12 89 13 85 
7 6 23 1 44 5 68 14 68 13 39 7 62 4 31 
5 11 7 7 10 15 9 5 19 13 11 
8 3 68 15 83 14 94 13 88 12 85 10 79 9 69 6 85 
11 11 32 3 91 14 89 13 35 2 41 1 82 8 42 7 50 4 74 10 88 6 88 
8 8 15 4 16 13 17 7 24 9 36 2 45 12 19 5 28 
11 14 57 7 67 8 71 10 77 4 79 1 71 6 65 2 63 13 96 11 73 9 87 
9 4 47 8 73 7 76 9 56 11 85 12 59 15 88 1 78 10 97 
5 7 29 15 72 9 30 5 74 4 51 
9 14 86 12 97 6 89 1 91 4 96 9 94 3 96 11 98 10 86 
9 13 69 11 94 2 77 9 97 7 97 14 87 15 76 1 84 12 79 
5 3 66 7 79 12 88 8 66 5 95 
9 7 11 8 11 13 29 2 27 6 16 3 32 14 21 10 13 1 18 
6 10 26 1 53 13 43 6 73 2 55 4 54 
5 8 32 12 41 11 77 13 52 6 85 
10 7 68 15 70 2 88 5 89 10 86 3 91 9 95 13 93 11 74 4 91 
8 2 87 5 96 9 94 10 92 12 95 7 88 3 99 1 97 
9 1 96 6 98 13 96 3 97 5 98 10 99 4 96 15 99 2 96 
10 6 22 10 24 8 49 3 32 1 43 9 51 7 42 4 37 12 28 11 63 
11 15 46 7 55 5 65 4 46 8 57 6 63 10 61 13 92 14 89 1 59 12 50 
11 2 77 8 82 15 94 7 86 9 97 4 94 14 81 6 78 11 78 13 96 10 78 
6 4 5 2 11 12 5 14 14 3 12 13 14 
10 5 54 11 55 2 54 14 79 13 80 7 72 6 82 9 71 10 94 4 70 
8 2 27 15 63 12 74 13 72 14 52 7 36 11 45 8 55 
6 9 34 1 80 15 34 13 85 7 94 2 72 
10 13 33 10 65 7 94 5 68 2 40 14 83 1 77 6 53 15 66 4 66 
9 7 21 12 37 2 25 4 34 11 43 6 58 1 26 15 28 8 57 
9 10 50 6 56 1 68 13 73 11 53 2 72 7 65 5 69 3 97 
9 1 5 9 8 5 13 3 11 4 6 7 5 10 12 12 7 2 15 
10 6 52 3 60 12 75 10 67 4 83 1 88 2 87 13 89 7 64 15 63 
6 4 82 3 97 10 87 5 89 14 94 2 95 
8 8 88 3 98 13 96 5 99 15 89 7 92 10 88 14 99 
6 11 30 12 34 9 84 14 79 2 32 1 61 
9 3 50 6 63 15 99 10 52 9 68 14 69 7 85 2 83 12 70 
11 15 70 11 74 12 95 4 79 1 75 3 86 5 83 7 91 9 81 6 71 13 74 
6 1 6 14 17 12 18 5 15 9 9 15 12 
11 1 85 5 94 4 90 11 91 12 97 7 89 13 88 15 95 2 85 10 95 3 91 
9 13 10 8 28 9 27 14 21 4 10 5 27 11 30 7 17 10 12 
8 13 32 6 48 4 46 7 67 15 52 10 68 11 80 8 40 
6 15 68 5 90 4 72 2 92 8 75 10 83 
10 8 52 2 97 12 86 3 83 15 90 7 66 5 57 13 77 6 61 14 66 
11 7 4 1 11 10 11 15 9 3 6 4 8 5 9 9 9 6 9 13 12 8 6 
11 14 91 6 97 3 97 4 94 15 97 1 91 13 94 10 98 7 97 5 92 12 95 
7 14 5 6 10 9 14 7 15 4 12 1 8 8 13 
6 11 1 1 1 3 2 13 2 15 3 10 3 
7 2 2 4 5 9 3 12 6 11 5 13 3 8 5 
6 1 48 2 67 4 75 11 79 5 98 15 87 
8 10 57 11 88 4 95 13 79 9 76 12 77 3 65 14 82 
8 5 99 11 99 12 99 13 99 4 99 2 99 10 99 7 99 
5 3 4 5 4 10 12 15 9 1 10 
5 6 90 8 93 4 96 12 91 14 91 
5 7 61 10 94 3 99 1 80 5 62 
7 5 84 15 86 1 89 4 84 12 90 13 91 6 99 
6 1 6 5 14 4 7 11 8 3 7 6 14 
6 15 6 2 12 11 17 4 16 6 7 1 8 
6 2 3 14 8 15 8 11 6 13 5 6 9 
10 2 66 10 66 11 78 4 72 13 73 12 99 6 96 3 85 5 86 7 88 
7 11 66 8 89 14 76 15 73 13 95 7 80 12 80 
8 5 13 1 22 13 26 3 29 10 15 9 31 12 25 2 33 
7 8 25 12 75 3 38 5 45 10 73 7 42 2 62 
10 5 15 3 37 14 15 9 21 11 38 12 36 10 15 1 38 2 24 8 45 
10 11 75 7 78 2 81 12 85 8 98 4 85 5 94 14 92 3 99 15 78 
9 3 9 12 16 7 9 8 17 6 15 14 22 5 11 10 27 15 27 
11 3 49 13 73 4 90 5 62 9 91 7 87 8 50 1 83 11 99 12 96 14 62 
5 3 5 1 7 2 12 4 12 15 8 
7 13 48 9 81 1 59 8 89 11 74 4 85 5 54 
6 6 46 3 95 9 97 7 73 10 85 4 89 
11 10 16 1 40 2 33 7 43 11 28 13 27 12 19 15 29 3 41 14 16 5 16 
8 15 92 10 95 7 97 8 92 9 97 4 95 13 99 1 96 
10 4 51 12 52 1 89 11 95 13 80 15 68 8 75 7 87 10 82 9 83 
6 5 17 7 40 2 43 8 47 9 51 6 18 
9 3 11 11 24 14 20 7 14 8 24 6 25 2 15 13 15 9 23 
