439 381 5
1 2
2 3
3 4
4 5
5 6
6 7
7 8
8 9
9 10
10 11
11 12
12 13
13 14
14 15
15 16
16 17
17 18
18 19
19 20
20 21
21 22
22 23
23 24
24 25
25 26
26 27
27 28
28 29
29 30
30 31
31 32
32 33
33 34
33 35
36 37
36 41
36 45
37 38
38 39
39 40
40 49
41 42
42 43
43 44
44 49
45 46
46 47
47 48
48 49
49 50
72 73
73 74
74 75
75 76
76 77
77 78
78 79
79 88
80 81
81 82
82 83
83 84
84 85
85 86
86 87
87 88
88 89
89 90
90 91
91 92
92 93
93 94
94 95
95 96
96 97
97 98
98 99
99 100
100 101
101 102
102 103
103 104
104 105
105 106
107 108
107 117
107 126
108 109
109 110
110 111
111 112
112 113
113 114
114 115
115 116
116 135
117 118
118 119
119 120
120 121
121 122
122 123
123 124
124 125
125 135
126 127
127 128
128 129
129 130
130 131
131 132
132 133
133 134
134 135
135 136
136 137
144 146
145 146
146 147
147 148
148 149
149 150
150 151
151 152
152 153
153 154
154 155
155 156
156 157
157 158
158 159
159 160
160 161
161 162
162 163
163 164
164 165
165 166
166 167
167 168
168 169
169 170
170 171
171 172
172 173
173 174
174 175
175 176
176 177
177 178
179 180
180 181
180 187
181 182
182 183
183 184
184 185
185 186
186 193
187 188
188 189
189 190
190 191
191 192
192 193
218 219
219 220
220 221
221 222
222 223
223 224
224 225
225 226
226 227
227 228
228 240
229 230
230 231
231 232
232 233
233 234
234 235
235 236
236 237
237 238
238 239
239 240
240 241
241 242
242 243
243 244
244 245
245 246
246 247
247 248
248 249
249 250
250 251
251 252
252 253
253 254
254 255
255 256
257 258
258 259
259 260
260 261
261 262
262 263
263 264
264 265
265 266
266 267
267 268
268 269
268 282
269 270
270 271
271 272
272 273
273 274
274 275
275 276
276 277
277 278
278 279
279 280
280 281
282 283
283 284
284 285
285 286
286 287
287 288
288 289
289 290
290 291
291 292
292 293
293 294
295 296
296 297
296 314
297 298
298 299
299 300
300 301
301 302
302 303
303 304
304 305
305 306
306 307
307 308
308 309
309 310
310 311
311 312
312 313
314 315
315 316
316 317
317 318
318 319
319 320
320 321
321 322
322 323
323 324
324 325
325 326
326 327
327 328
328 329
329 330
331 332
332 333
333 334
334 335
335 336
336 337
337 338
338 339
339 340
339 353
340 341
341 342
342 343
343 344
344 345
345 346
346 347
347 348
348 349
349 350
350 351
351 352
353 354
354 355
355 356
356 357
357 358
358 359
359 360
360 361
361 362
362 363
363 364
364 365
366 367
367 368
368 369
369 370
370 371
371 372
372 373
373 374
374 375
375 376
376 377
377 378
378 379
379 380
380 381
381 382
382 383
383 384
384 385
385 386
386 387
386 393
386 399
387 388
388 389
389 390
390 391
391 392
393 394
394 395
395 396
396 397
397 398
399 400
400 401
401 402
402 403
403 404
405 406
406 407
407 408
408 409
409 410
410 411
411 412
412 413
413 414
414 415
415 416
416 417
417 418
418 419
419 420
420 421
421 422
422 423
423 424
424 425
425 426
426 427
427 428
428 429
429 430
430 431
430 434
430 437
431 432
432 433
434 435
435 436
437 438
438 439
4 1 85 4 85 3 86 2 93 
3 3 71 1 97 5 81 
4 2 94 3 95 5 95 4 97 
3 4 2 1 4 3 3 
2 4 6 5 16 
2 4 69 1 77 
4 2 31 5 51 3 38 1 49 
3 5 47 3 68 4 68 
4 2 32 5 93 3 34 4 79 
3 2 8 3 12 1 12 
2 5 99 4 99 
4 1 5 2 7 3 12 5 15 
4 4 12 1 17 3 12 2 29 
3 2 88 3 88 5 90 
2 1 25 3 74 
2 5 46 4 51 
2 1 70 4 80 
2 3 84 5 99 
4 5 48 3 64 4 66 2 70 
4 5 34 1 66 4 51 2 98 
3 2 97 1 97 4 98 
4 1 14 2 42 4 35 5 34 
3 5 77 4 92 2 94 
2 5 18 3 21 
3 5 68 2 91 3 95 
4 2 47 1 93 3 81 5 85 
4 4 99 2 99 3 99 5 99 
4 2 49 3 57 4 56 5 73 
3 5 90 1 93 3 94 
2 2 80 1 98 
2 1 20 2 29 
2 1 72 4 77 
2 3 86 2 98 
2 1 24 2 28 
4 2 82 4 97 5 98 3 82 
4 3 51 4 87 1 52 5 63 
2 2 59 4 66 
4 1 17 3 21 5 39 2 45 
4 2 65 1 94 3 81 5 84 
3 1 47 5 81 4 49 
4 2 48 3 94 4 57 1 49 
3 5 6 2 16 4 7 
4 4 64 2 95 1 76 5 99 
3 4 50 3 54 1 62 
2 3 67 2 70 
3 2 77 5 87 1 87 
2 3 93 5 95 
4 2 15 4 15 1 21 5 23 
2 1 48 3 65 
3 1 97 3 98 4 97 
4 1 15 4 31 2 30 5 27 
4 4 79 3 88 2 83 5 79 
4 1 97 4 98 2 99 3 98 
3 5 2 1 6 4 5 
2 3 58 4 67 
3 1 29 5 76 4 81 
3 2 93 1 98 5 98 
3 3 90 2 94 4 94 
3 5 66 3 72 4 81 
2 5 92 3 99 
2 1 18 3 48 
2 2 6 1 15 
4 2 57 1 90 5 63 4 70 
2 5 82 4 99 
4 3 74 4 89 2 90 1 80 
2 1 71 3 82 
4 2 97 3 98 1 98 4 99 
2 3 73 4 79 
2 1 98 4 98 
4 4 13 2 19 1 35 5 16 
4 5 25 3 51 2 31 1 38 
4 3 96 5 96 1 99 4 98 
4 2 42 5 91 1 79 4 97 
3 1 40 3 86 2 82 
2 2 5 4 6 
3 3 1 2 1 4 3 
4 2 15 1 18 3 34 5 33 
3 5 91 1 95 4 93 
4 2 86 5 88 1 91 3 94 
2 1 12 2 20 
2 2 98 4 99 
4 3 79 5 84 4 86 1 90 
4 4 68 3 94 1 75 5 78 
2 2 2 4 6 
2 3 41 4 86 
2 2 20 1 24 
4 1 50 2 81 3 74 5 97 
3 2 86 4 96 1 94 
4 3 55 2 96 4 99 1 84 
3 4 74 1 79 3 90 
3 1 49 2 85 4 52 
3 1 74 2 74 3 88 
3 5 99 4 99 2 99 
2 5 35 3 69 
3 5 31 3 32 1 90 
3 4 12 1 25 3 30 
2 5 42 3 42 
4 5 43 2 45 4 86 1 61 
2 3 60 5 62 
2 1 66 4 93 
4 1 34 2 87 3 39 4 68 
4 1 97 3 97 2 99 5 97 
2 2 58 1 99 
3 1 70 3 70 2 70 
4 1 99 2 99 4 99 5 99 
3 1 90 5 96 3 91 
3 4 40 3 44 1 70 
2 1 29 2 30 
2 4 38 3 38 
4 4 20 5 59 2 41 3 42 
2 5 92 3 96 
3 5 77 1 91 4 94 
4 3 27 4 37 2 29 5 60 
3 1 15 3 39 5 16 
4 1 7 4 14 3 17 2 19 
4 5 48 1 68 2 58 3 96 
2 3 95 2 98 
3 4 19 1 30 5 23 
4 3 19 2 31 4 46 1 39 
2 2 73 3 93 
3 5 15 1 29 4 37 
4 4 25 2 73 1 47 3 70 
2 3 15 5 19 
4 2 93 5 93 3 99 1 95 
3 4 52 1 87 3 69 
4 1 43 4 61 3 55 2 96 
4 3 54 5 77 2 72 1 72 
4 5 21 3 55 1 29 4 21 
3 5 36 1 91 3 96 
2 5 65 3 75 
4 4 47 5 61 2 97 3 56 
3 3 94 4 96 2 95 
4 3 13 4 14 2 28 1 18 
4 2 79 1 91 5 95 3 82 
2 3 85 4 99 
3 3 4 2 5 5 6 
2 2 54 1 99 
3 5 55 1 78 4 81 
4 1 83 4 98 3 97 5 85 
2 5 56 3 67 
4 1 91 5 97 2 96 4 98 
4 3 70 1 76 4 80 5 72 
3 3 74 2 85 5 78 
2 5 30 1 80 
2 1 20 4 48 
2 1 14 4 34 
4 1 45 4 74 3 58 5 56 
4 3 4 4 12 2 8 5 6 
4 1 23 5 58 4 53 2 41 
4 2 58 3 70 1 61 4 91 
3 4 85 3 94 1 93 
2 2 40 5 53 
2 1 4 4 4 
3 5 98 2 98 1 98 
2 2 87 3 96 
3 4 3 5 8 3 4 
2 2 87 4 95 
2 3 96 4 99 
4 4 94 2 95 3 95 1 94 
2 5 87 4 95 
4 3 71 1 92 5 93 2 91 
2 3 18 5 44 
4 3 28 2 37 1 33 4 50 
2 2 68 1 93 
2 5 17 3 39 
2 5 56 3 95 
2 1 4 2 7 
2 2 47 4 86 
3 4 84 5 95 3 85 
4 3 40 4 92 1 40 5 77 
2 4 69 2 85 
3 5 64 3 78 4 68 
4 3 18 2 18 5 26 4 34 
3 2 56 4 86 1 75 
3 4 89 2 93 5 94 
3 1 19 2 25 3 20 
3 5 58 4 60 2 63 
3 5 60 3 89 1 99 
3 1 66 2 69 5 87 
4 5 63 2 87 3 85 4 81 
3 4 35 3 70 2 37 
2 3 55 5 75 
3 2 81 1 89 5 83 
3 5 48 1 55 3 84 
2 2 20 5 54 
4 3 99 4 99 1 99 2 99 
2 1 37 2 86 
2 3 19 5 30 
2 1 62 5 89 
4 3 2 5 5 4 6 2 4 
4 1 24 3 40 2 53 4 47 
3 2 15 1 15 4 15 
2 4 95 1 95 
3 3 27 2 65 4 55 
4 1 49 3 91 2 56 4 93 
2 2 22 5 46 
3 5 78 4 88 1 97 
4 1 34 3 96 2 95 5 40 
3 5 58 4 96 2 82 
4 1 74 5 79 2 84 4 85 
4 4 13 5 17 1 36 3 33 
3 3 66 4 99 2 99 
3 4 39 1 75 5 97 
3 1 24 3 38 5 45 
2 5 17 2 33 
2 1 81 3 85 
3 5 59 3 81 1 88 
4 4 59 1 95 2 89 5 73 
2 4 29 2 46 
2 1 84 2 92 
4 4 80 1 89 5 82 2 95 
2 1 68 5 99 
4 3 3 1 7 4 8 5 9 
4 3 90 4 95 5 98 1 90 
3 3 15 1 42 2 34 
2 5 12 1 31 
2 4 21 5 34 
3 5 95 4 99 1 98 
2 3 16 2 18 
3 2 20 4 31 5 31 
2 5 11 4 11 
4 2 46 4 61 3 68 1 61 
2 3 7 2 16 
2 1 57 3 82 
4 2 74 4 86 5 75 3 79 
2 3 81 5 87 
2 1 13 5 26 
4 5 89 1 91 2 94 4 94 
3 3 72 1 73 5 89 
2 1 71 5 85 
4 1 78 4 90 3 90 2 85 
4 2 98 1 98 3 99 5 99 
2 2 64 3 74 
2 2 76 1 81 
4 3 92 2 99 5 97 1 96 
3 5 36 4 81 2 90 
2 4 76 1 88 
4 4 55 5 98 2 77 3 97 
2 3 16 5 33 
3 1 6 5 7 3 7 
4 4 43 2 73 5 44 1 58 
4 2 16 1 29 5 17 3 22 
4 4 74 2 79 5 91 1 94 
3 5 44 2 86 1 93 
3 5 74 2 79 1 90 
3 3 66 2 72 1 69 
3 4 58 5 77 3 73 
4 3 90 4 94 1 90 2 94 
2 5 34 4 72 
3 2 12 5 20 1 20 
3 4 68 1 72 5 87 
4 1 84 5 85 4 96 2 90 
2 1 30 3 83 
3 5 52 2 89 1 73 
3 2 40 4 82 5 77 
4 2 24 4 37 3 53 5 24 
3 4 63 3 80 2 78 
4 2 41 3 76 5 45 1 48 
3 3 38 4 48 1 42 
4 1 69 5 96 2 77 4 96 
3 5 73 1 97 2 86 
2 2 65 1 69 
4 2 85 3 97 5 91 1 86 
3 4 84 3 94 2 92 
3 2 10 1 15 4 17 
2 5 1 1 2 
2 1 55 5 91 
4 2 66 4 78 3 68 1 76 
2 3 64 5 77 
3 3 24 2 45 4 50 
2 2 46 4 53 
3 3 17 5 24 4 31 
2 4 46 1 58 
2 1 92 5 92 
4 5 98 3 99 1 98 4 99 
4 2 9 5 12 3 22 1 25 
2 4 84 1 84 
3 4 16 5 25 3 47 
2 3 30 1 62 
3 5 50 2 65 3 62 
3 3 78 2 93 5 91 
2 2 7 5 17 
4 2 76 4 87 1 89 3 81 
4 2 21 4 49 5 21 3 52 
3 4 29 2 65 1 40 
4 1 18 2 27 4 29 3 22 
2 4 43 2 59 
4 4 4 5 8 1 8 3 10 
3 5 24 2 64 1 53 
3 2 68 5 89 3 83 
3 4 55 1 69 3 84 
3 4 79 2 81 3 98 
2 2 51 1 54 
3 5 68 4 95 3 99 
2 3 63 1 77 
3 1 71 2 81 3 95 
2 5 84 2 96 
3 4 28 5 64 3 44 
4 5 65 4 83 1 75 3 96 
3 4 33 5 64 1 62 
4 4 4 1 5 5 11 2 10 
3 2 86 5 98 1 89 
3 5 15 1 36 3 24 
4 4 14 1 19 5 38 3 42 
2 1 34 5 63 
3 2 92 3 93 4 97 
4 3 67 4 97 1 89 2 93 
2 5 6 4 15 
3 2 47 3 77 4 88 
2 5 23 1 67 
3 1 66 2 78 3 81 
2 1 90 4 92 
3 4 10 5 10 3 16 
2 5 34 1 43 
2 5 20 2 35 
2 2 88 1 94 
3 2 97 5 97 1 98 
4 1 62 2 90 3 63 5 71 
3 3 88 1 90 5 91 
3 5 7 3 19 2 20 
3 4 21 2 47 5 55 
4 1 20 5 40 2 38 4 39 
2 5 60 1 95 
3 2 47 1 53 3 92 
2 2 22 1 29 
4 3 36 4 73 2 44 1 76 
2 2 95 4 97 
4 2 43 4 80 5 89 1 75 
3 5 98 3 98 2 99 
3 2 82 5 84 4 99 
4 3 1 2 3 1 3 5 1 
3 2 10 5 30 1 28 
2 4 91 5 96 
3 5 29 3 64 1 46 
3 5 70 2 86 3 83 
3 3 34 1 47 5 58 
2 4 65 5 91 
3 3 96 1 96 5 98 
3 1 50 2 71 3 76 
4 3 43 5 80 2 62 1 77 
4 5 70 2 81 1 85 4 92 
3 3 71 4 90 2 93 
4 3 59 5 65 2 66 1 86 
2 3 28 4 55 
3 4 15 2 34 5 43 
4 1 1 3 2 5 3 4 2 
2 1 7 4 9 
2 5 78 2 81 
4 3 68 4 97 5 84 1 97 
3 4 40 5 42 1 61 
4 4 78 2 94 3 99 1 86 
3 2 89 1 90 4 99 
2 2 54 1 54 
3 4 11 2 22 5 17 
4 5 52 3 67 1 86 2 92 
2 5 47 4 61 
4 1 27 3 56 5 33 4 74 
3 4 27 1 64 5 63 
3 1 60 3 79 4 93 
4 1 74 5 83 2 90 4 74 
4 5 30 3 30 1 79 4 81 
4 3 83 5 86 4 93 1 91 
2 1 84 3 89 
3 3 86 5 89 1 87 
3 5 48 4 94 2 82 
2 3 9 5 23 
2 4 46 5 84 
4 4 1 1 2 3 3 2 3 
2 4 33 1 73 
2 2 14 4 39 
4 3 13 5 30 2 33 1 34 
2 5 77 4 81 
4 5 43 4 72 2 63 3 45 
4 3 78 5 88 2 93 1 89 
3 1 25 3 45 2 53 
3 4 3 3 7 2 3 
3 3 28 4 33 5 70 
3 3 49 5 68 2 63 
4 5 76 2 92 4 96 1 86 
2 4 80 5 91 
4 4 20 5 29 3 50 2 22 
3 1 54 5 98 4 85 
4 4 95 3 95 2 98 1 97 
4 4 99 1 99 3 99 5 99 
4 1 11 3 25 4 11 5 33 
4 4 59 2 62 5 61 1 91 
3 5 30 1 33 2 68 
4 2 77 3 93 5 79 4 87 
4 1 39 3 91 4 76 5 90 
2 2 99 1 99 
4 5 31 2 84 4 54 3 86 
3 4 45 2 94 1 91 
3 1 76 3 96 2 91 
4 4 16 3 25 5 27 2 26 
3 1 29 4 69 2 29 
4 4 55 2 98 1 77 3 73 
3 2 41 1 67 4 88 
4 5 20 2 55 4 25 3 23 
4 1 33 2 76 4 46 5 50 
2 2 24 1 40 
3 5 72 4 99 2 75 
3 3 54 5 57 2 78 
4 4 57 3 70 1 95 5 76 
3 1 44 4 46 5 75 
3 1 76 4 82 2 83 
3 3 21 1 35 2 22 
4 4 44 3 94 1 55 2 81 
3 2 82 1 97 5 98 
4 3 67 1 67 2 83 4 73 
3 5 73 2 97 1 84 
3 2 57 4 68 3 95 
2 1 29 2 82 
4 2 1 5 2 1 2 4 1 
2 1 50 3 50 
3 3 33 2 91 5 37 
3 3 72 1 94 4 72 
2 2 25 5 66 
4 1 62 3 86 4 88 2 69 
2 1 43 4 96 
3 2 25 4 49 1 64 
4 2 79 4 90 1 83 5 89 
2 2 35 4 41 
3 2 68 4 79 1 97 
3 2 6 4 16 5 15 
2 4 16 2 27 
2 3 37 1 60 
4 1 50 3 65 2 91 5 87 
2 5 47 3 71 
2 1 83 4 95 
2 2 35 5 36 
3 4 59 5 83 2 89 
2 3 14 2 21 
3 1 53 5 96 2 85 
3 1 64 5 94 3 77 
3 3 46 4 76 1 70 
2 2 36 5 56 
4 3 84 1 88 5 96 4 89 
3 5 24 3 60 4 31 
2 1 57 5 78 
