201 174 5
1 2
2 3
3 4
4 5
5 6
5 12
6 7
7 8
8 9
9 10
10 11
12 13
13 14
14 15
15 16
16 17
18 19
19 20
20 21
21 30
22 23
23 24
24 25
25 30
26 27
27 28
28 29
29 30
30 31
31 32
32 33
33 34
35 36
36 37
37 38
38 43
39 40
40 41
41 42
42 43
43 44
44 45
45 46
46 47
47 48
48 49
50 51
51 52
52 53
53 54
54 55
55 56
56 57
57 58
58 59
59 60
60 61
61 62
61 64
62 63
64 65
66 67
67 68
68 69
69 70
70 76
71 72
72 73
73 74
74 75
75 76
76 77
77 78
78 79
79 80
80 81
81 82
83 84
83 87
83 90
84 85
85 86
86 93
87 88
88 89
89 93
90 91
91 92
92 93
93 94
94 95
99 100
100 101
101 102
102 103
103 104
104 111
105 106
106 107
107 108
108 109
109 110
110 111
111 112
112 113
113 114
114 115
115 116
116 117
118 119
119 120
120 121
121 122
122 123
123 124
124 125
125 126
126 127
127 128
128 129
129 130
130 131
130 132
130 133
134 135
134 137
135 136
136 139
137 138
138 139
150 151
151 152
152 153
153 154
154 155
155 156
156 157
157 158
157 161
157 164
158 159
159 160
161 162
162 163
164 165
165 166
167 168
168 169
169 176
170 171
171 172
172 176
173 174
174 175
175 176
176 177
177 178
178 179
179 180
180 181
181 182
182 183
183 184
184 185
186 187
186 191
187 188
188 189
189 190
190 195
191 192
192 193
193 194
194 195
2 5 71 1 96 
3 2 12 5 34 1 18 
2 1 40 4 79 
2 1 1 5 1 
4 3 89 2 95 5 92 4 94 
4 2 36 1 63 4 40 5 37 
4 5 15 3 28 2 32 1 24 
3 2 11 5 13 3 30 
2 2 63 5 96 
2 2 75 3 85 
4 2 18 3 40 4 40 1 48 
4 1 55 2 85 5 93 4 83 
2 1 44 3 72 
4 5 50 3 96 4 65 1 97 
3 2 80 3 98 4 88 
4 4 23 1 26 2 51 5 67 
3 3 18 5 26 4 32 
3 5 84 4 96 2 86 
2 2 48 5 96 
4 4 88 5 98 3 94 1 88 
3 5 9 1 17 4 19 
3 4 1 1 3 3 3 
4 2 57 3 67 4 97 5 87 
3 1 96 4 98 3 98 
4 2 62 3 82 5 84 1 67 
4 1 72 5 74 3 88 4 87 
2 3 86 5 94 
2 2 3 1 5 
2 1 69 5 93 
3 5 8 2 12 1 24 
4 1 70 2 92 5 85 4 85 
4 2 7 5 12 1 11 3 9 
4 5 66 2 77 1 94 3 80 
4 4 45 3 50 1 73 5 77 
4 4 87 2 91 1 95 3 98 
2 4 53 5 56 
3 2 37 5 67 1 98 
3 5 24 1 32 2 55 
4 5 87 1 98 2 99 4 91 
4 1 52 3 57 2 65 4 93 
3 5 84 2 86 4 98 
3 1 47 5 66 3 78 
3 4 58 2 72 5 71 
3 5 2 3 4 4 5 
2 1 91 5 91 
4 1 8 3 18 2 20 4 17 
4 3 24 4 38 2 36 5 57 
4 5 6 2 16 3 9 4 7 
3 1 15 5 35 4 26 
4 1 30 3 88 5 74 2 86 
2 5 78 2 88 
3 2 98 3 98 1 98 
3 3 92 2 98 5 96 
2 5 75 2 98 
3 2 95 1 97 4 95 
4 2 45 5 80 4 91 1 91 
4 4 90 3 92 2 99 1 96 
2 5 72 3 77 
2 4 31 5 83 
4 3 28 1 64 5 29 4 44 
4 1 4 4 7 3 12 2 5 
3 4 15 3 38 1 18 
4 2 41 5 59 3 80 1 43 
4 3 88 1 98 2 90 4 97 
4 3 42 1 64 4 90 5 78 
4 1 83 4 96 3 90 5 92 
4 4 49 1 88 3 89 5 81 
3 4 34 3 98 5 68 
3 1 53 4 79 3 85 
2 3 31 2 80 
4 1 14 4 19 2 23 5 16 
3 5 87 2 95 4 93 
3 3 22 4 64 2 47 
4 3 46 1 66 4 50 5 66 
3 5 25 2 45 4 46 
2 5 39 3 68 
2 5 70 4 96 
2 5 98 3 98 
4 3 60 1 78 2 82 5 71 
4 5 94 2 99 3 99 4 99 
2 1 79 5 91 
2 5 78 1 87 
3 2 11 4 16 1 19 
2 3 63 4 82 
3 2 5 1 15 4 11 
4 2 57 1 61 5 63 3 83 
4 2 69 1 77 5 85 4 97 
3 1 59 5 98 2 93 
3 3 81 2 93 4 90 
4 4 60 1 75 5 78 2 83 
3 5 68 2 95 3 76 
3 2 59 4 70 3 62 
4 2 44 1 44 5 86 3 55 
2 5 21 2 39 
3 3 20 5 32 2 45 
2 4 24 2 62 
2 2 84 3 99 
3 1 56 4 73 5 99 
2 4 1 3 1 
4 2 56 3 79 4 79 1 73 
4 5 12 2 31 1 18 4 15 
2 3 80 2 86 
4 3 69 1 89 4 74 2 81 
2 3 13 5 20 
4 5 45 1 72 2 82 4 58 
3 4 76 2 85 5 79 
4 5 22 1 40 4 27 3 56 
4 4 48 1 83 2 97 3 63 
4 3 73 2 77 1 89 4 84 
4 3 45 2 68 1 75 4 98 
2 1 80 2 86 
4 3 33 1 53 4 94 2 94 
3 4 23 2 46 5 30 
3 2 72 1 84 5 85 
2 2 79 4 94 
2 4 49 1 94 
4 1 33 5 37 2 48 3 48 
3 4 74 2 88 5 85 
3 4 81 1 88 5 88 
2 5 15 4 17 
2 5 4 4 12 
2 2 66 3 75 
4 3 39 1 84 4 78 2 72 
4 4 49 2 89 3 57 1 97 
2 2 81 1 90 
2 3 87 4 94 
3 5 20 4 26 3 47 
2 3 74 5 93 
2 4 65 3 74 
2 3 87 1 98 
4 4 19 3 50 5 35 2 32 
3 1 70 4 79 2 93 
3 1 41 5 64 3 71 
3 5 96 2 99 3 97 
3 1 88 3 92 5 93 
2 4 35 1 79 
4 4 48 2 61 5 51 3 69 
4 2 50 4 84 5 94 3 96 
3 3 86 5 93 1 91 
2 1 31 3 46 
2 2 91 1 97 
2 3 68 4 82 
3 3 28 2 76 5 67 
3 4 78 5 95 1 96 
2 1 62 2 90 
4 3 14 4 14 2 40 5 22 
4 3 94 5 96 4 97 2 94 
2 3 63 4 73 
4 2 9 4 14 3 13 1 25 
3 2 28 3 52 1 40 
4 3 60 4 98 2 71 1 69 
3 2 81 1 85 4 84 
2 3 10 1 19 
2 1 61 3 85 
2 1 34 4 74 
3 1 18 2 31 4 50 
3 3 40 5 64 2 66 
3 5 98 1 98 3 98 
3 5 19 3 35 2 31 
4 1 56 5 92 3 83 2 79 
3 1 77 2 91 4 77 
4 4 4 1 11 3 11 2 12 
3 4 5 2 11 5 10 
2 1 11 5 31 
3 2 21 1 39 4 40 
4 4 33 1 86 5 64 2 85 
3 4 36 3 66 1 56 
2 3 63 4 90 
2 3 10 1 16 
2 2 78 1 81 
3 1 97 5 98 4 99 
4 3 30 4 40 5 33 2 83 
2 5 87 4 96 
2 4 61 3 61 
4 3 2 4 5 1 4 2 5 
4 1 93 2 97 4 94 3 94 
2 2 30 4 47 
4 5 40 4 96 2 47 3 53 
2 3 47 5 49 
3 3 13 1 38 4 37 
3 3 48 1 69 4 89 
3 2 71 5 74 1 84 
4 1 49 2 79 3 55 5 93 
3 5 2 3 4 1 3 
4 4 1 5 1 1 3 2 1 
2 1 63 5 74 
3 2 38 4 47 1 45 
3 1 60 3 66 5 89 
2 1 57 3 82 
4 2 54 5 75 3 77 4 61 
4 1 33 4 45 3 55 5 93 
2 4 96 1 97 
2 3 21 2 23 
4 2 56 3 96 1 84 5 80 
2 2 66 1 90 
2 1 99 2 99 
4 4 65 3 98 1 86 2 82 
2 1 67 5 96 
4 3 97 1 97 2 98 5 99 
3 4 16 3 17 2 48 
3 5 59 1 95 4 95 
