420 360 25
1 2
2 7
3 4
4 7
5 6
6 7
7 8
8 9
9 10
10 11
11 12
12 13
13 14
14 15
15 16
16 17
18 19
19 20
20 21
21 22
22 23
23 24
24 25
25 26
26 27
27 28
28 29
29 30
29 32
30 31
32 33
34 35
34 39
35 36
36 37
37 38
38 43
39 40
40 41
41 42
42 43
43 44
51 52
52 53
53 54
53 62
54 55
55 56
56 57
57 58
58 59
59 60
60 61
62 63
63 64
64 65
65 66
66 67
67 68
68 69
70 71
71 72
71 76
71 80
72 73
73 74
74 75
75 84
76 77
77 78
78 79
79 84
80 81
81 82
82 83
83 84
85 86
86 87
86 90
86 93
87 88
88 89
89 96
90 91
91 92
92 96
93 94
94 95
95 96
100 101
101 102
102 103
103 112
104 105
105 106
106 107
107 112
108 109
109 110
110 111
111 112
112 113
113 114
115 116
115 121
115 126
116 117
117 118
118 119
119 120
121 122
122 123
123 124
124 125
126 127
127 128
128 129
129 130
131 132
132 133
133 134
134 135
135 136
136 137
137 138
138 139
139 140
139 142
139 144
140 141
142 143
144 145
146 147
146 148
146 149
147 150
148 150
149 150
150 151
151 152
165 166
166 167
167 168
168 169
169 170
170 171
171 172
172 173
173 174
174 175
175 176
176 177
177 178
178 179
178 180
178 181
182 185
183 185
184 185
185 186
186 187
187 188
188 189
189 190
190 191
191 192
192 193
193 194
194 195
195 196
196 197
197 198
199 200
200 201
200 205
200 209
201 202
202 203
203 204
204 213
205 206
206 207
207 208
208 213
209 210
210 211
211 212
212 213
217 218
218 219
218 227
219 220
220 221
221 222
222 223
223 224
224 225
225 226
227 228
228 229
229 230
230 231
231 232
232 233
233 234
235 236
236 237
237 238
238 239
239 240
239 244
239 248
240 241
241 242
242 243
244 245
245 246
246 247
248 249
249 250
250 251
252 253
252 254
253 255
254 255
268 269
269 270
270 271
271 272
272 278
273 274
274 275
275 276
276 277
277 278
278 279
279 280
280 281
281 282
282 283
284 285
285 286
286 293
287 288
288 289
289 293
290 291
291 292
292 293
293 294
294 295
295 296
296 297
297 298
298 299
299 300
301 302
302 303
302 308
302 313
303 304
304 305
305 306
306 307
307 318
308 309
309 310
310 311
311 312
312 318
313 314
314 315
315 316
316 317
317 318
319 320
320 321
321 322
322 323
323 324
323 328
323 332
324 325
325 326
326 327
328 329
329 330
330 331
332 333
333 334
334 335
336 337
336 338
337 339
338 339
354 355
355 356
356 357
357 358
358 359
359 360
360 361
361 362
361 365
361 368
362 363
363 364
365 366
366 367
368 369
369 370
371 372
372 373
373 377
374 375
375 376
376 377
377 378
378 379
379 380
380 381
381 382
382 383
383 384
384 385
385 386
386 387
388 389
389 390
390 391
391 392
392 393
393 394
394 395
395 396
396 397
397 398
398 399
399 400
399 402
399 404
400 401
402 403
404 405
406 407
406 411
406 415
407 408
408 409
409 410
410 419
411 412
412 413
413 414
414 419
415 416
416 417
417 418
418 419
419 420
9 3 81 4 83 5 99 19 86 9 92 12 88 24 94 18 87 10 85 
8 10 59 12 84 1 72 17 90 25 90 16 64 3 79 18 67 
12 22 77 1 92 10 99 20 80 7 89 13 91 16 89 3 82 12 84 19 79 23 96 8 77 
8 1 80 5 99 8 82 14 85 15 83 22 96 17 82 13 86 
17 18 53 20 60 16 87 25 69 10 67 4 66 23 66 6 86 9 93 7 73 15 82 1 82 19 94 14 68 8 91 17 70 11 91 
17 1 12 17 19 20 23 15 32 12 25 3 27 21 36 9 23 7 29 23 26 11 26 4 20 8 24 18 17 19 19 10 26 25 12 
18 3 33 4 91 16 52 17 78 11 40 19 57 12 54 15 33 21 94 7 74 5 37 13 63 20 48 9 56 2 63 22 90 1 83 10 46 
12 10 53 11 70 19 84 24 85 6 84 14 95 23 97 3 53 9 56 20 99 21 54 2 99 
18 22 13 21 31 14 35 1 22 6 18 20 13 5 27 24 34 15 24 17 36 13 36 18 37 10 24 12 32 11 28 8 37 3 13 9 13 
18 2 98 9 99 22 98 14 99 16 99 11 98 17 99 20 99 7 98 1 98 3 99 19 99 24 98 5 99 23 98 15 99 12 99 8 99 
9 20 77 9 85 2 97 15 81 21 83 24 82 19 97 23 77 8 83 
12 4 25 2 38 15 39 8 39 9 29 25 67 7 36 3 47 5 34 14 29 18 46 17 60 
16 10 92 1 94 19 97 22 97 18 97 8 98 4 95 16 97 20 96 14 92 11 94 25 99 15 97 9 96 12 97 7 92 
10 18 74 10 76 1 98 20 82 8 93 23 82 21 81 11 95 7 94 16 91 
14 18 66 15 83 20 75 2 68 10 88 3 89 14 98 19 80 7 67 25 67 5 91 21 87 17 85 1 89 
15 5 23 4 58 13 41 9 37 1 23 8 53 10 46 18 63 16 66 14 44 11 35 15 44 23 43 24 44 6 24 
9 11 47 22 53 9 82 5 96 19 98 8 77 13 86 15 85 24 92 
17 6 78 7 83 23 85 15 87 3 81 10 88 12 78 18 78 21 80 5 81 22 94 9 84 25 81 11 81 4 91 24 87 8 79 
14 2 67 20 75 16 92 24 91 5 99 4 95 8 83 13 68 25 89 17 79 15 98 21 88 11 82 14 90 
15 24 25 18 62 10 50 14 25 23 74 22 61 11 51 20 29 4 58 8 28 19 60 1 52 17 75 5 42 21 62 
14 4 5 20 14 7 5 3 15 12 7 22 9 2 10 24 9 5 9 21 14 9 13 23 6 17 15 13 11 
16 18 39 4 76 3 58 5 91 7 67 10 97 22 96 23 48 1 52 21 49 16 85 15 81 17 71 25 93 2 48 13 51 
12 10 18 24 48 16 39 9 45 7 36 25 39 4 24 13 42 19 48 12 29 18 50 20 19 
18 24 15 17 20 25 41 7 16 16 28 1 24 23 20 18 34 15 29 8 24 2 31 6 22 5 19 19 19 10 36 13 44 9 38 21 20 
9 19 72 18 87 17 85 21 89 10 74 13 74 16 87 5 78 12 81 
18 16 43 14 67 24 65 15 60 20 60 4 71 9 81 21 84 17 46 19 74 5 48 11 51 22 92 10 64 1 50 7 93 23 84 2 50 
18 15 42 24 46 11 82 16 84 10 85 12 92 3 92 23 71 25 47 14 50 21 52 4 68 1 77 9 57 19 76 6 73 8 71 20 93 
18 22 11 18 26 16 33 11 17 9 20 17 18 21 28 7 32 13 25 15 13 5 19 23 12 1 26 25 19 12 27 6 29 3 33 14 16 
14 21 98 13 98 6 99 5 99 1 98 14 99 20 99 23 99 11 98 16 98 15 99 7 98 22 99 12 99 
18 6 97 17 97 3 99 21 99 22 97 11 99 15 99 19 99 24 99 12 99 13 99 14 97 7 97 20 99 5 98 10 97 9 97 8 97 
11 16 77 23 99 12 93 3 95 9 86 1 96 8 97 10 84 2 94 15 93 21 98 
11 9 32 6 37 17 38 5 51 11 92 12 75 22 77 18 79 3 47 20 52 7 36 
9 19 83 14 88 7 88 1 89 12 98 9 86 15 92 25 93 11 96 
14 9 25 1 48 5 37 13 49 12 60 25 72 24 29 20 47 2 51 11 75 17 48 14 59 15 65 21 62 
15 12 32 2 55 19 40 22 48 9 45 21 68 11 86 16 76 20 42 8 47 7 53 6 86 13 96 14 91 23 53 
17 2 66 15 85 6 66 1 83 21 71 7 67 22 94 11 97 19 92 3 99 14 96 25 77 4 74 13 77 20 81 18 79 5 74 
14 4 54 22 97 23 91 19 91 1 62 16 65 5 71 9 58 18 82 25 86 17 96 2 93 7 59 6 91 
12 2 35 6 76 1 42 9 48 16 60 8 83 4 80 25 51 20 46 10 95 22 54 18 55 
8 20 9 6 10 13 25 10 12 22 9 5 17 9 12 8 14 
8 9 24 21 35 16 42 20 52 19 54 12 43 22 37 18 39 
9 25 26 19 64 9 57 13 61 5 78 18 37 22 71 24 50 11 28 
11 25 23 19 66 18 51 16 69 13 24 12 28 10 66 21 61 9 47 15 24 11 43 
10 25 23 4 51 12 60 17 35 8 37 7 43 15 24 6 46 24 43 10 57 
11 9 63 19 82 11 95 10 88 23 94 16 72 8 74 7 90 14 97 12 97 13 94 
18 5 98 9 99 1 98 25 98 10 99 15 98 7 99 13 98 16 99 8 98 6 98 4 99 11 99 20 98 2 98 12 98 14 98 24 98 
17 20 57 14 66 24 72 22 86 25 82 13 89 2 62 8 88 19 85 6 86 3 97 7 62 18 84 5 83 12 61 1 93 21 61 
13 5 10 12 29 22 15 20 22 10 28 4 29 25 12 1 30 15 20 11 28 9 24 8 17 23 13 
8 15 17 7 31 20 31 21 30 11 40 12 51 23 21 22 42 
18 24 63 14 68 15 95 3 74 17 72 1 87 16 89 23 93 11 63 13 82 19 77 4 89 9 90 22 92 25 87 20 65 7 96 6 97 
11 15 65 24 95 14 84 13 91 12 84 16 65 10 91 23 67 11 71 9 86 5 95 
16 1 93 11 95 20 98 21 98 4 97 24 94 16 98 22 99 9 99 19 96 18 98 5 97 14 99 6 97 23 94 17 95 
15 11 70 25 94 1 98 6 82 3 91 13 73 24 75 2 88 18 74 23 70 14 71 10 81 20 97 21 80 4 97 
10 16 9 7 18 5 15 17 13 8 27 25 16 13 19 14 15 1 18 2 26 
10 6 73 21 95 23 92 13 77 2 92 11 81 16 89 18 92 17 88 8 96 
11 21 49 5 53 17 70 23 81 2 56 22 86 10 99 1 95 13 65 14 93 12 77 
13 16 16 22 48 11 23 3 37 20 21 8 46 1 48 12 34 13 33 24 39 23 33 7 43 18 20 
9 13 89 18 98 9 95 8 96 2 99 1 92 22 91 4 89 5 98 
11 13 31 16 34 19 67 11 66 5 38 3 59 15 69 14 82 18 81 24 35 21 58 
17 16 74 8 80 23 83 24 74 17 90 20 79 2 82 22 96 13 79 5 80 1 80 19 97 15 74 11 98 9 85 6 78 25 82 
13 2 53 23 66 17 95 24 67 9 93 18 63 5 83 12 85 14 94 19 77 10 53 8 85 16 55 
8 3 50 18 58 12 66 20 73 25 51 6 53 15 55 23 90 
12 12 30 14 62 25 89 5 45 1 89 24 83 8 55 3 64 22 69 13 62 16 38 4 43 
11 19 71 14 72 24 82 22 90 2 82 6 72 11 90 21 95 12 77 4 95 25 98 
9 20 88 24 97 7 96 10 91 23 94 5 98 12 93 17 92 22 90 
14 16 72 11 73 8 82 20 78 6 74 21 92 23 98 9 77 17 85 18 74 12 72 5 82 10 86 7 75 
10 3 28 11 54 15 63 25 61 6 36 22 33 1 37 21 50 18 44 12 32 
11 17 40 18 82 16 40 12 81 10 75 22 40 19 84 24 93 13 73 8 53 1 57 
13 23 4 20 8 15 9 3 10 8 11 17 5 10 5 22 8 7 6 16 9 19 10 5 12 14 8 
8 18 79 19 96 5 84 6 93 25 86 7 96 22 97 11 91 
16 15 34 22 44 14 52 6 83 9 57 25 38 1 54 5 64 2 71 18 43 24 64 12 69 19 79 4 63 16 65 20 73 
17 7 99 3 99 19 99 1 99 15 99 2 99 18 99 20 99 14 99 5 99 24 99 9 99 12 99 22 99 13 99 4 99 21 99 
18 1 97 19 98 4 99 23 99 8 98 12 99 16 98 24 99 22 98 25 98 14 99 2 97 6 98 20 97 10 97 15 98 11 97 13 99 
14 8 34 9 74 25 90 1 48 16 57 2 65 7 37 10 47 17 96 14 82 5 98 15 40 11 61 20 68 
14 22 34 23 61 11 66 21 48 20 91 25 80 17 97 16 44 24 43 5 73 12 95 7 92 10 58 18 46 
9 1 82 11 83 25 89 6 82 24 90 19 87 15 83 18 82 14 86 
14 25 83 6 83 19 97 15 94 22 92 13 98 9 99 12 88 4 90 5 94 1 85 20 97 11 91 2 96 
16 14 79 7 94 3 89 16 82 2 92 6 90 13 80 5 85 24 84 10 86 11 96 19 82 23 86 1 93 20 97 22 86 
18 24 66 23 68 10 78 18 68 17 87 14 98 8 72 11 93 19 85 13 86 9 82 2 67 4 85 15 79 25 94 22 95 20 93 6 79 
17 21 40 12 96 4 64 18 61 2 96 24 80 17 61 19 43 16 95 1 53 14 88 8 47 3 55 5 85 10 70 13 88 25 89 
18 18 27 10 31 5 32 16 42 19 69 4 67 13 53 1 55 22 79 24 55 14 35 2 56 11 60 8 64 15 39 9 81 7 59 3 60 
11 5 25 25 57 21 52 10 66 8 32 9 33 20 36 4 31 23 58 7 41 22 63 
15 4 66 21 93 9 66 1 74 11 96 5 92 23 97 13 74 12 99 24 85 19 96 3 98 14 73 7 75 2 81 
8 8 22 20 25 19 60 16 28 17 41 13 40 15 47 9 58 
12 2 77 10 92 16 84 21 91 17 79 3 91 20 87 6 77 15 81 14 98 18 78 12 88 
8 6 98 16 98 24 98 4 99 13 99 17 98 15 98 2 98 
18 9 1 7 2 19 3 2 3 10 2 5 1 18 3 16 1 25 1 14 1 4 3 1 1 23 2 3 3 12 1 15 1 20 3 8 1 
18 20 27 18 57 21 74 7 51 15 76 25 27 23 70 24 77 22 58 8 68 3 31 16 34 1 78 4 30 2 64 9 54 17 78 12 52 
13 4 72 14 84 25 90 12 94 23 90 24 79 6 79 19 84 16 78 13 82 3 78 22 96 20 82 
10 7 66 8 82 12 76 4 81 5 77 15 95 22 98 2 94 16 87 11 73 
8 2 24 5 61 15 25 16 61 3 53 17 43 25 41 13 44 
14 23 70 22 81 1 78 21 82 12 91 9 85 6 71 2 71 19 76 16 78 10 82 25 98 18 89 3 76 
10 10 69 22 72 21 87 6 86 19 82 15 95 4 81 3 85 18 80 5 92 
15 1 31 15 43 8 81 9 78 3 40 7 40 12 91 22 72 18 52 13 85 6 73 14 88 19 90 24 35 20 57 
17 9 13 13 23 19 39 12 33 11 35 18 38 23 15 8 13 7 24 6 25 24 36 5 25 15 31 20 31 10 18 16 29 22 30 
18 5 67 9 83 21 89 16 77 25 72 19 91 6 85 14 75 8 91 2 79 17 96 15 96 22 70 11 67 3 93 12 89 1 94 7 98 
11 19 41 3 76 20 41 13 73 21 74 16 62 23 87 9 47 6 58 8 86 12 44 
13 15 91 1 95 9 98 19 98 17 95 6 98 25 96 11 99 22 91 7 91 3 99 24 94 14 99 
9 10 67 13 93 20 67 25 75 23 70 18 97 8 70 7 70 11 67 
12 9 73 17 78 14 81 7 79 3 85 5 93 19 74 8 75 1 78 6 96 4 74 20 83 
16 16 41 15 83 24 93 13 91 19 64 3 45 10 94 1 65 22 60 25 58 4 57 11 84 8 85 14 76 20 85 6 93 
10 17 41 23 45 16 84 20 45 15 49 9 52 13 79 6 96 10 60 3 42 
16 17 61 22 78 12 83 18 61 5 67 3 87 23 82 20 94 10 94 19 64 11 74 24 76 6 84 7 87 4 76 1 77 
12 11 36 24 40 15 73 12 60 14 40 23 70 20 93 22 62 19 80 18 36 8 66 21 56 
15 2 15 21 33 12 19 8 29 11 29 4 40 6 45 14 25 1 32 18 26 25 15 19 38 7 21 23 23 16 42 
15 4 97 14 99 23 97 22 97 21 98 5 97 10 97 3 98 24 99 12 98 18 99 25 98 9 98 7 99 17 98 
17 17 53 14 54 16 85 12 82 13 72 9 98 19 54 6 96 10 85 2 69 20 92 24 91 8 80 18 86 21 81 4 81 7 55 
11 5 25 22 32 3 55 13 33 11 65 15 42 12 48 10 55 7 45 21 29 9 62 
17 19 72 16 89 7 91 6 93 25 84 12 95 20 82 11 98 4 87 18 98 23 79 2 77 8 98 5 92 3 75 10 77 13 76 
16 25 97 15 99 23 99 12 98 21 98 18 97 19 98 24 97 13 97 11 97 16 98 10 97 1 98 17 97 4 98 5 99 
10 17 84 5 96 20 90 8 99 9 97 24 93 23 89 6 95 19 97 1 92 
18 12 64 3 74 24 72 4 85 8 98 1 94 14 70 20 72 5 97 2 82 19 79 6 75 22 64 11 97 18 67 7 98 16 94 21 92 
16 22 75 17 75 4 91 9 88 10 89 14 79 16 99 12 96 24 76 11 99 8 88 6 80 21 89 2 77 15 87 18 85 
10 21 49 15 68 18 55 1 73 4 56 8 63 23 95 11 69 3 98 19 65 
8 9 84 10 94 4 98 24 90 25 85 23 84 19 91 8 98 
8 2 95 6 97 25 99 9 95 10 95 7 95 16 96 4 99 
18 21 30 13 30 6 46 10 51 14 83 20 77 24 90 8 44 7 49 19 44 3 51 25 79 23 41 11 32 18 90 5 66 16 48 2 42 
10 11 53 23 74 1 89 8 64 25 67 22 86 20 90 4 55 17 58 7 93 
13 16 59 8 99 3 82 23 71 9 90 7 61 11 76 6 80 1 61 19 72 10 91 2 95 5 89 
10 8 27 21 74 13 58 14 78 11 63 22 60 5 31 3 39 2 68 9 71 
17 2 23 18 46 17 58 6 65 5 44 23 31 20 42 16 34 13 27 11 23 19 27 4 56 7 50 24 48 9 48 12 66 1 30 
14 22 89 23 90 16 90 5 96 19 94 21 98 12 91 11 93 3 93 18 97 10 97 15 94 20 99 8 98 
14 12 69 20 90 11 94 2 78 15 80 18 87 9 88 16 85 19 90 5 86 23 76 4 83 1 86 13 84 
10 17 79 10 93 21 79 3 80 9 98 6 95 16 90 2 98 22 84 8 83 
8 1 75 23 97 22 93 3 89 21 96 15 91 25 92 17 92 
9 23 5 10 8 7 9 18 6 24 6 21 15 3 13 12 5 19 14 
14 22 52 2 72 5 75 4 62 12 63 19 88 15 66 24 63 6 85 14 72 13 99 3 55 21 77 10 58 
9 17 44 5 46 25 78 16 48 3 64 15 89 12 90 8 68 21 60 
8 24 80 7 94 4 94 22 89 18 80 19 99 13 88 10 88 
16 21 5 12 5 11 5 4 8 3 6 6 5 17 10 2 15 1 15 22 8 14 9 18 7 5 7 13 7 10 5 16 5 
18 23 44 20 71 11 98 15 71 25 97 18 87 3 69 4 59 9 55 17 83 8 81 19 73 12 92 1 54 21 55 5 61 13 78 16 97 
15 13 67 2 96 15 97 19 69 12 71 23 85 4 82 6 67 10 81 25 77 9 99 7 83 22 93 1 81 11 92 
15 22 50 8 60 13 88 17 94 9 50 24 86 19 63 18 69 2 65 10 55 11 77 25 67 12 92 21 51 3 98 
18 25 46 11 62 18 93 23 54 15 47 5 83 17 60 20 84 22 50 10 98 14 75 13 83 8 59 16 95 21 80 4 50 24 55 7 63 
8 15 94 12 99 13 96 4 95 7 98 19 97 8 97 11 97 
8 5 55 10 91 15 72 13 99 18 90 19 88 11 59 16 83 
18 2 14 1 33 11 34 8 16 3 20 7 33 10 33 13 40 5 23 14 14 17 23 22 39 6 21 16 28 25 15 19 22 24 42 12 18 
17 14 59 3 67 18 99 23 94 15 97 24 76 17 85 16 76 5 62 25 89 8 66 9 76 13 63 1 72 10 75 4 78 6 96 
8 17 40 16 83 6 96 14 77 21 55 11 86 12 64 9 60 
18 11 53 13 99 2 74 7 92 6 71 17 99 22 59 1 69 4 80 19 81 15 83 14 79 8 95 24 79 23 77 3 72 21 61 10 78 
17 11 83 15 83 25 88 20 89 13 91 8 97 18 95 21 98 12 90 6 88 22 84 14 99 4 97 17 98 24 92 9 87 16 89 
18 20 26 10 50 1 78 9 74 14 40 6 77 25 50 22 34 2 66 21 66 16 47 7 40 15 48 12 37 11 76 23 71 8 58 13 26 
11 11 11 24 28 6 16 19 20 25 25 12 23 23 15 3 19 2 21 5 25 16 20 
16 3 62 7 90 4 96 24 89 14 81 2 88 15 92 9 89 11 90 20 65 17 91 5 86 19 71 10 74 6 99 22 77 
16 15 30 22 78 23 54 6 59 4 40 10 55 17 85 2 44 8 44 9 44 13 32 11 87 12 46 1 79 19 84 16 81 
13 10 22 1 35 16 48 18 22 7 33 2 38 8 59 17 22 24 53 11 45 20 42 3 30 9 66 
13 18 66 21 93 2 81 6 67 16 68 4 79 10 67 12 85 19 76 13 66 1 77 25 76 8 69 
16 22 61 19 63 16 82 15 84 9 72 11 78 24 86 21 96 6 88 4 80 7 61 2 73 17 80 8 90 1 70 10 97 
18 11 68 9 72 20 97 3 77 6 73 12 99 21 81 17 69 13 86 5 69 8 96 16 82 23 74 10 86 19 89 1 90 25 91 4 87 
9 9 74 4 86 20 85 3 88 12 95 22 99 23 94 10 96 13 91 
18 25 83 4 93 12 96 20 91 5 97 22 89 8 92 19 83 15 83 23 90 1 97 17 99 2 88 7 92 16 87 10 93 18 94 11 98 
12 23 17 16 18 6 45 5 46 8 28 24 45 15 35 20 29 2 30 17 44 3 49 25 42 
9 8 48 7 50 19 57 23 64 9 70 21 65 11 67 14 86 20 74 
16 20 66 10 70 15 83 19 72 18 83 25 66 14 82 23 81 5 68 11 90 6 74 16 73 24 87 13 96 4 99 7 87 
8 3 16 2 29 22 29 13 36 25 41 23 21 5 16 16 45 
13 24 8 9 11 16 11 18 12 21 11 11 13 6 18 23 8 13 11 10 11 1 12 14 9 15 9 
17 5 43 16 89 4 47 19 57 11 82 20 58 9 98 22 52 13 68 2 62 21 49 7 92 3 92 24 93 23 92 6 86 15 74 
16 19 46 22 65 23 59 10 61 8 46 2 51 16 54 20 89 3 48 15 73 17 46 25 54 6 53 24 80 7 57 4 53 
9 1 34 16 91 14 82 23 83 15 54 21 46 20 38 19 46 8 60 
9 9 3 15 3 23 5 20 8 21 7 18 3 7 4 5 3 6 6 
12 3 37 13 71 10 75 11 90 5 72 21 65 7 60 15 89 22 63 4 64 6 96 23 80 
15 23 27 7 70 19 40 20 69 18 48 8 53 9 60 2 47 15 49 10 35 11 47 24 41 1 34 21 71 6 52 
18 9 34 16 96 14 96 15 97 3 54 2 42 23 41 21 79 8 61 20 51 24 70 19 66 4 64 5 58 7 35 10 69 25 79 18 95 
17 16 62 8 93 3 89 14 81 21 75 17 98 2 97 12 78 22 70 18 79 5 96 13 63 25 93 19 66 15 97 6 73 20 76 
15 21 40 7 66 8 68 23 62 13 55 19 46 16 72 18 79 20 47 22 42 14 84 10 47 2 84 17 54 24 51 
14 18 59 2 61 23 83 7 62 9 68 8 88 22 63 15 82 13 64 21 82 20 73 11 72 25 78 5 69 
15 13 46 3 58 24 84 14 81 1 49 16 56 20 75 21 77 10 86 7 55 9 93 4 86 12 57 25 75 23 86 
13 21 84 23 94 14 93 6 96 25 90 8 98 10 99 7 89 16 94 5 96 4 93 13 89 19 94 
12 6 85 25 95 13 90 21 96 23 95 5 93 1 98 8 91 22 85 24 95 20 89 18 94 
13 22 41 15 66 25 71 6 44 11 41 16 80 21 74 10 68 20 64 12 86 5 93 8 63 18 66 
11 24 25 1 44 9 26 21 34 25 29 5 67 7 29 18 35 17 61 11 74 3 61 
9 6 56 25 76 15 94 9 93 11 99 20 63 10 63 16 99 22 68 
10 11 52 25 59 2 59 20 63 24 79 12 66 1 89 15 85 5 66 14 69 
13 17 43 23 75 4 43 5 43 20 47 18 87 12 69 21 49 9 81 7 88 19 73 6 51 10 92 
17 5 29 10 54 16 55 11 76 3 84 12 43 6 83 23 49 19 85 18 59 20 34 24 62 15 56 8 86 22 56 7 65 21 82 
17 18 73 3 81 6 98 14 82 17 82 1 74 9 96 15 79 25 96 13 79 16 98 22 77 20 79 23 97 24 85 8 99 5 73 
9 14 24 11 55 15 54 19 57 20 53 3 32 23 38 21 70 17 26 
8 8 2 18 2 21 4 4 2 19 2 7 4 14 2 5 6 
17 22 95 6 95 18 99 5 98 21 97 11 96 14 96 1 98 15 96 9 95 10 97 23 99 8 96 3 96 2 95 12 97 17 98 
14 4 20 24 48 22 25 11 40 10 26 12 36 19 31 3 42 9 38 16 56 13 45 8 55 23 27 15 23 
9 2 41 12 93 4 41 8 89 7 77 22 65 23 69 10 41 9 87 
9 13 41 11 89 3 94 16 44 6 46 19 45 25 77 1 41 15 71 
12 13 19 23 28 2 27 3 47 17 28 6 37 16 54 4 30 22 21 25 44 8 25 5 56 
11 11 63 10 89 15 68 18 63 6 82 9 82 13 63 21 88 14 87 8 69 4 96 
15 3 83 18 84 20 98 2 96 13 86 25 95 8 86 23 94 6 92 11 97 7 93 21 97 4 84 1 99 22 90 
18 18 49 4 83 12 77 9 63 17 77 25 80 1 76 10 80 6 73 11 93 13 68 3 60 24 67 22 60 2 61 8 68 15 98 19 55 
13 8 12 15 26 12 19 9 23 22 14 2 34 4 35 16 12 6 32 5 26 17 34 10 34 11 17 
13 15 29 13 40 7 56 5 73 11 68 14 64 22 55 18 68 21 30 3 85 10 83 6 79 25 77 
14 15 53 4 57 8 87 17 66 14 59 21 68 19 88 1 99 16 57 5 81 13 54 6 70 25 70 24 62 
18 5 6 21 14 17 13 25 12 18 18 13 12 20 12 8 13 2 7 16 16 14 11 9 18 10 15 12 11 6 8 23 9 4 10 22 15 
8 14 56 6 79 7 66 11 69 2 79 25 81 9 64 4 88 
10 10 62 20 62 21 82 3 84 24 82 5 63 11 66 12 75 1 96 7 72 
9 24 67 15 97 14 70 8 88 23 92 6 89 1 86 2 79 18 85 
18 6 62 18 84 21 68 16 75 12 89 11 63 25 85 22 62 23 92 17 94 24 69 13 98 2 75 3 80 9 93 20 90 19 93 5 85 
9 3 62 8 65 4 93 14 92 10 84 24 69 13 90 2 76 25 71 
9 11 33 9 83 5 42 14 56 21 91 1 34 25 67 18 62 12 88 
15 13 56 22 90 23 87 24 84 18 98 16 95 10 57 5 67 14 79 17 71 11 78 2 69 4 85 21 78 8 94 
8 3 40 11 96 1 84 14 75 15 88 16 48 2 79 17 40 
10 16 23 21 60 24 63 5 61 17 67 20 61 10 39 18 32 14 66 6 67 
15 20 63 6 74 2 69 24 76 7 96 17 67 25 85 11 67 14 92 21 95 13 67 10 67 18 87 1 92 5 99 
17 19 36 17 50 2 71 16 96 20 46 6 53 18 67 5 80 25 65 4 78 21 72 11 84 8 38 10 52 9 87 14 56 15 82 
12 18 13 25 13 8 30 19 39 3 39 22 23 12 25 5 16 16 27 23 18 20 20 9 34 
12 18 76 15 88 22 85 5 84 17 76 21 86 25 82 1 89 19 86 3 79 7 79 2 94 
16 11 56 17 93 23 77 5 80 22 81 7 87 4 59 14 74 13 67 8 83 9 96 3 85 18 74 20 78 19 86 21 73 
16 20 92 5 95 6 97 7 98 14 92 22 96 11 98 17 96 10 95 24 97 15 98 25 96 3 97 8 96 21 94 13 92 
14 18 49 4 87 15 57 14 59 2 85 17 68 6 62 23 58 10 56 19 71 13 64 21 70 9 90 5 91 
13 7 66 16 81 13 82 1 84 19 84 18 88 10 83 21 88 4 94 17 97 22 85 11 77 23 90 
10 11 16 24 37 2 40 5 44 6 22 25 46 14 38 23 47 20 36 9 39 
16 17 32 3 92 10 52 23 33 12 66 22 36 19 61 4 62 15 38 18 91 6 35 20 46 11 39 2 36 25 83 8 39 
18 16 26 23 67 1 53 25 70 8 54 9 59 24 40 11 76 17 64 13 30 6 63 2 62 19 59 3 42 12 44 14 37 22 55 5 77 
16 22 87 19 94 14 94 9 92 17 92 5 92 1 93 2 89 12 98 16 94 24 97 6 98 18 94 11 97 7 90 13 99 
10 13 1 18 1 21 3 24 2 5 3 15 1 14 1 19 1 17 2 3 1 
17 9 29 20 72 10 44 18 54 25 46 13 68 23 73 3 74 6 75 4 43 21 51 22 42 14 56 24 37 19 83 8 49 5 83 
9 13 25 23 33 22 68 19 68 16 29 9 73 15 53 3 72 7 30 
15 22 86 20 91 13 95 18 94 15 95 3 96 11 90 5 91 25 88 9 92 16 90 6 96 24 93 1 99 17 89 
18 15 18 2 20 23 27 20 42 10 46 7 30 25 36 14 19 9 21 4 53 21 38 13 52 16 18 19 39 17 34 8 33 3 30 22 39 
11 4 88 9 92 15 91 3 97 5 94 12 99 1 96 16 96 6 93 10 89 23 97 
10 13 96 9 98 24 99 20 97 3 97 22 97 18 97 14 98 12 99 11 99 
11 19 71 17 97 1 88 25 82 2 86 18 90 9 92 10 78 13 75 16 78 20 88 
16 15 60 6 91 12 65 24 74 7 75 22 90 14 82 11 74 1 64 8 81 21 95 20 90 3 63 13 82 19 86 5 84 
16 19 43 4 45 7 54 23 89 21 71 16 58 22 48 8 84 14 58 24 89 5 60 3 57 25 64 12 56 6 65 13 62 
15 8 3 24 6 2 9 23 9 7 7 16 7 18 8 13 8 14 7 10 9 20 9 12 5 15 3 9 9 3 7 
15 7 37 1 67 20 89 9 89 13 84 23 94 19 82 2 75 8 88 25 96 18 94 10 37 21 79 5 98 14 38 
12 9 77 13 77 23 84 24 98 12 87 25 87 5 81 10 87 18 80 14 83 11 79 7 87 
11 2 96 12 97 9 97 16 97 18 98 23 96 13 99 15 97 14 96 8 99 4 96 
10 14 64 12 64 9 91 1 95 25 98 10 72 2 73 5 81 6 66 13 64 
13 10 75 24 80 22 84 4 76 20 83 2 78 14 81 7 75 25 77 12 75 13 80 3 84 19 81 
11 9 15 14 43 11 17 16 44 22 43 12 35 1 31 3 36 6 40 25 19 18 33 
10 15 72 8 82 5 92 25 88 18 89 12 78 14 76 23 73 6 93 20 83 
18 22 41 19 94 15 59 17 98 7 87 8 84 11 46 18 78 24 95 16 85 5 94 2 70 6 72 3 55 4 52 13 92 10 78 14 93 
18 15 89 8 98 1 92 19 99 7 93 2 99 18 97 22 98 9 91 4 96 16 97 13 94 10 99 11 91 14 96 25 94 20 90 17 90 
13 3 27 7 29 8 58 19 63 17 28 24 67 15 52 18 32 6 32 5 44 2 36 13 29 21 40 
14 20 23 9 25 24 62 25 31 1 51 21 63 19 44 6 69 12 69 4 58 18 51 7 43 5 42 15 26 
17 25 82 20 95 13 97 19 83 21 95 16 89 6 89 18 92 24 84 12 84 5 95 17 94 8 94 22 97 14 98 23 88 9 95 
17 11 19 13 35 8 53 25 25 2 48 23 31 24 53 3 34 7 38 20 40 17 32 9 25 16 49 6 30 5 29 21 23 1 52 
15 10 79 3 82 8 89 20 97 23 94 1 83 14 90 21 80 7 80 17 84 5 90 6 93 18 96 2 82 11 90 
8 2 99 17 99 9 99 20 99 1 99 6 99 18 99 11 99 
16 1 76 18 96 23 84 3 81 16 98 4 96 24 80 25 96 22 76 21 78 13 77 10 91 12 98 15 80 8 86 6 81 
15 13 6 3 15 2 18 1 17 18 16 8 13 14 14 9 12 23 7 24 12 21 15 12 13 22 6 20 16 7 16 
17 23 84 21 85 18 85 6 92 11 87 4 86 13 89 2 86 25 91 14 93 8 84 20 84 16 91 7 87 9 90 19 96 10 98 
15 10 68 8 79 5 96 22 84 21 93 4 97 25 76 2 88 6 77 20 68 16 82 14 74 13 97 24 98 7 97 
13 1 53 11 72 22 95 21 62 23 53 18 80 19 75 10 54 7 69 13 84 20 56 9 99 12 60 
11 5 21 6 58 22 31 21 52 11 28 3 45 9 40 10 49 8 53 2 50 7 41 
14 15 53 24 87 21 78 20 66 22 58 25 72 12 66 13 85 16 99 17 72 2 86 5 72 9 58 6 54 
12 12 32 11 72 15 89 19 53 1 85 14 75 17 37 24 38 18 43 6 41 9 40 20 51 
10 2 61 20 68 1 98 10 83 7 86 8 64 19 70 25 72 16 68 17 89 
11 6 9 1 22 4 22 9 20 18 14 16 27 10 26 17 12 15 13 8 13 21 16 
15 19 24 2 57 24 56 5 38 18 42 13 68 8 43 14 57 4 48 1 49 25 45 6 31 11 26 3 25 10 42 
14 11 67 5 96 21 74 25 94 13 69 19 68 20 97 16 78 3 82 15 92 6 72 14 69 9 96 17 70 
13 13 50 9 96 16 83 20 59 11 94 25 57 18 95 21 89 7 97 17 56 14 57 10 84 23 76 
13 1 39 3 44 9 84 13 59 22 43 4 65 12 82 10 62 17 53 21 72 5 91 14 74 24 64 
14 17 9 3 26 9 15 15 26 19 27 12 9 11 21 6 22 1 19 20 17 8 23 18 20 13 10 2 25 
14 4 63 24 84 1 92 11 67 8 89 3 72 15 93 9 97 6 98 17 80 2 96 13 80 22 93 21 91 
12 8 30 12 34 21 83 2 33 16 30 17 44 1 73 15 48 25 36 6 69 22 33 11 60 
14 17 15 11 31 4 37 6 43 10 40 3 20 22 21 9 40 21 18 2 44 14 38 19 32 18 40 8 19 
13 22 92 21 97 9 98 7 92 20 94 16 99 12 96 10 92 8 92 13 92 18 98 4 98 14 92 
8 17 8 24 24 7 11 12 24 2 14 1 14 4 16 16 18 
18 14 3 1 7 6 3 16 9 10 7 5 3 2 6 22 8 4 9 20 3 24 5 3 8 12 4 23 6 8 5 17 6 7 8 13 7 
12 14 89 12 93 9 90 17 91 4 97 23 93 13 89 18 98 8 97 16 96 10 94 7 93 
17 25 10 24 14 21 11 15 29 23 27 16 18 10 24 11 19 20 27 17 19 13 11 18 27 7 18 12 27 9 27 2 26 1 12 
15 21 91 6 97 23 91 14 91 24 98 20 92 7 95 9 96 25 96 17 91 18 91 8 97 2 97 3 94 15 94 
9 9 61 16 79 22 92 24 76 18 84 21 67 23 63 25 70 4 61 
11 22 48 6 96 16 99 1 90 23 50 4 76 13 64 3 56 17 48 12 73 24 85 
11 17 93 10 98 24 95 19 95 13 93 15 96 8 93 14 95 6 98 22 94 5 96 
13 14 10 24 18 10 30 17 24 25 20 23 19 5 24 2 27 11 10 3 17 7 21 18 28 21 23 
13 16 36 2 51 23 44 21 99 10 60 4 67 9 47 12 76 15 57 18 57 17 82 13 52 3 41 
12 16 82 18 95 13 87 3 85 10 94 19 82 17 99 11 84 20 95 4 88 1 84 14 86 
18 10 31 2 34 3 48 14 72 12 54 5 78 18 46 17 49 20 54 22 72 16 41 7 60 1 48 11 47 19 82 8 90 23 39 13 41 
18 22 37 16 75 18 60 5 62 3 58 21 41 8 53 10 95 7 52 23 58 15 46 11 70 6 46 1 43 4 49 2 73 14 37 20 96 
14 4 97 21 99 7 98 19 99 23 97 14 97 11 98 2 99 25 99 13 98 6 99 22 97 10 98 9 97 
13 17 14 4 26 7 33 12 31 20 32 10 22 3 15 25 17 18 36 22 33 5 38 2 34 16 38 
18 2 21 1 48 13 24 23 25 22 46 11 34 18 42 6 57 3 56 10 38 20 32 25 39 8 33 5 61 4 32 21 27 14 25 12 51 
15 24 51 20 97 7 80 13 94 19 85 21 57 11 83 8 72 4 74 17 96 9 69 23 99 6 84 18 76 2 69 
12 8 29 21 79 7 68 4 41 24 59 17 46 2 43 22 36 15 72 1 32 18 66 11 74 
16 9 13 7 24 1 22 18 18 17 37 24 18 12 26 3 26 21 35 13 29 14 27 25 15 2 24 20 33 15 24 6 30 
13 19 40 1 61 9 63 2 85 3 41 14 57 23 51 22 81 17 99 18 50 16 49 21 59 13 70 
15 2 25 25 41 6 38 12 40 24 32 16 30 10 74 3 44 11 39 17 52 1 62 8 26 22 50 14 72 23 42 
18 1 50 12 89 20 70 21 91 22 74 4 70 7 68 16 79 10 93 17 83 9 94 2 99 25 85 18 66 6 85 13 65 15 52 5 94 
18 20 97 21 99 19 99 23 99 14 97 24 97 25 98 9 98 17 98 18 98 7 97 3 98 11 99 8 97 15 99 4 99 6 99 10 97 
9 6 40 23 40 10 66 21 78 17 66 9 41 4 40 7 82 16 42 
13 6 86 15 95 25 99 12 94 10 88 7 96 4 89 13 89 19 92 20 88 2 91 21 89 9 95 
17 12 24 7 42 18 39 5 37 22 52 11 69 14 59 6 32 25 56 15 37 8 42 1 67 13 33 9 55 16 42 19 39 17 34 
13 3 60 10 87 4 75 2 83 8 94 16 75 24 92 12 81 6 80 17 94 21 96 15 80 9 79 
9 17 86 8 86 25 96 22 90 13 91 10 90 19 96 21 96 6 90 
16 11 19 3 49 23 55 2 51 21 36 16 36 4 30 12 40 17 41 13 26 20 23 19 48 7 53 22 31 24 46 5 31 
10 7 32 24 57 8 52 16 91 21 51 5 38 20 50 3 74 1 43 14 66 
16 17 98 16 99 25 99 13 99 3 98 19 99 5 98 7 98 21 98 14 99 22 98 18 99 12 98 24 98 23 99 15 98 
9 4 97 9 98 15 98 13 98 20 98 24 98 2 99 19 99 21 97 
18 7 68 11 90 21 89 14 97 10 81 19 71 4 91 15 92 9 72 5 98 18 95 24 94 8 89 12 78 17 93 3 98 13 96 16 85 
8 25 36 2 79 21 90 11 43 9 67 10 51 22 98 20 96 
12 15 92 25 94 5 96 14 98 16 97 12 94 7 94 24 94 21 96 19 95 22 95 6 95 
18 2 69 8 80 3 85 11 99 12 85 13 69 9 93 1 72 17 92 4 74 18 79 20 87 5 96 14 97 22 90 7 75 16 72 19 93 
18 18 79 8 81 11 85 15 94 23 90 5 86 14 90 7 96 19 94 1 80 17 91 13 96 2 81 4 99 6 89 10 97 9 86 3 85 
12 9 71 10 99 21 86 3 86 16 99 14 81 19 97 4 89 8 81 6 86 20 90 22 84 
17 13 32 6 40 4 40 11 37 23 68 14 38 7 43 10 34 25 66 20 63 24 74 5 44 1 93 21 89 16 86 12 61 17 71 
10 3 36 9 78 22 52 11 97 17 94 15 93 25 73 8 38 12 48 21 80 
11 11 95 5 98 13 99 2 95 19 95 17 98 1 99 10 98 21 99 20 96 22 95 
9 11 97 6 98 17 98 15 99 8 97 2 97 24 98 10 97 5 97 
18 21 39 13 67 14 41 20 69 4 65 9 64 8 83 18 67 7 62 2 78 12 39 25 70 6 93 23 54 22 95 24 90 16 90 5 83 
8 18 89 10 92 15 91 24 96 4 89 19 99 21 99 14 97 
14 18 17 10 17 7 42 8 32 19 17 2 39 21 48 1 46 11 45 17 28 5 42 14 18 15 32 25 44 
8 13 60 25 81 23 64 24 62 4 81 6 77 17 65 20 72 
12 19 84 20 91 2 86 6 85 24 93 14 99 12 85 25 95 21 97 22 88 11 85 10 98 
11 6 38 13 70 3 44 15 75 14 52 17 59 2 70 22 58 11 67 25 90 10 87 
8 18 21 17 28 14 44 15 41 22 50 25 48 6 22 13 29 
11 11 2 1 4 15 2 12 3 3 2 7 6 21 6 13 4 19 2 16 3 5 2 
12 14 55 15 64 12 87 6 56 3 95 25 77 13 65 2 83 9 65 23 97 17 66 24 97 
11 6 72 23 89 1 76 5 86 9 79 17 83 24 93 15 78 21 80 22 91 12 97 
18 25 55 23 83 6 90 2 58 4 87 8 85 11 62 5 93 20 70 7 94 17 79 24 71 19 62 14 89 12 68 18 62 13 67 16 65 
8 5 41 25 52 2 73 4 42 1 76 7 91 13 92 6 43 
11 23 79 12 94 4 84 2 79 17 91 11 85 20 91 21 88 9 83 1 86 13 93 
18 24 17 1 29 4 29 11 41 15 32 5 42 12 36 18 26 3 42 19 21 20 43 22 38 13 18 23 25 14 31 17 28 2 51 25 47 
8 23 99 16 99 22 99 14 99 15 99 25 99 6 99 1 99 
8 1 98 15 99 8 98 2 99 18 98 6 99 20 99 5 99 
16 11 80 19 81 25 96 21 81 10 80 3 85 14 96 17 97 15 80 5 98 22 85 13 92 6 91 12 96 4 85 24 94 
13 14 8 15 8 12 16 7 10 13 14 22 24 3 12 11 8 1 16 17 14 6 20 10 21 18 22 
15 16 58 20 99 14 72 19 84 2 95 22 62 25 84 17 86 4 92 11 95 8 79 24 89 23 73 21 98 18 78 
12 22 87 17 93 7 94 13 95 5 96 24 89 12 92 11 98 20 93 15 92 21 99 6 96 
11 24 94 9 97 14 96 12 95 25 99 11 98 16 97 7 96 21 98 10 98 3 95 
17 7 22 20 61 24 63 10 41 8 22 18 66 5 53 4 30 2 28 13 29 1 61 21 44 23 43 19 47 15 24 16 22 3 42 
8 14 67 12 70 3 88 20 85 23 95 24 78 2 82 6 71 
9 20 35 21 97 16 66 4 39 12 48 15 92 24 79 17 47 22 48 
14 12 46 19 64 1 82 13 56 25 69 6 62 23 68 4 99 2 56 7 97 15 95 5 72 17 96 11 70 
12 20 18 4 31 19 22 21 38 12 35 10 31 18 43 5 18 2 42 1 54 14 28 15 46 
13 14 46 4 65 8 85 18 87 10 47 2 86 21 83 12 89 7 71 19 69 16 99 9 56 11 96 
17 19 37 3 73 24 72 4 41 23 84 20 50 22 50 2 84 5 42 16 93 1 90 17 65 6 49 12 80 11 55 13 55 15 44 
11 6 81 17 99 2 94 16 96 3 86 9 89 8 82 10 98 21 85 18 82 23 98 
11 3 86 5 97 23 98 10 97 7 98 25 98 14 97 11 91 20 93 19 96 12 94 
8 25 64 6 95 20 78 16 88 2 94 5 96 3 72 23 82 
16 17 10 21 28 2 13 12 22 16 13 10 18 15 11 3 14 9 12 1 26 14 20 22 18 23 28 20 10 7 27 8 12 
13 24 82 9 91 19 89 17 82 11 85 4 97 1 91 6 91 23 98 21 99 20 89 8 88 18 85 
10 3 56 11 88 15 87 12 81 10 68 4 58 25 64 7 67 6 85 2 92 
12 5 53 3 85 25 84 7 97 11 88 20 75 4 76 6 96 8 59 18 55 13 76 12 87 
12 20 95 25 95 15 95 9 98 12 97 22 98 7 99 18 96 1 95 16 99 24 97 13 96 
11 4 84 1 98 8 86 15 95 14 86 25 98 7 91 24 93 10 85 5 94 21 91 
17 2 52 4 55 24 66 3 99 19 56 11 79 20 85 13 52 12 65 7 67 15 92 9 58 10 54 25 96 6 94 16 90 5 70 
18 23 52 10 59 4 96 1 55 24 60 9 71 22 72 19 68 25 56 2 52 7 87 14 86 17 80 20 52 5 66 18 99 3 52 15 80 
14 20 1 5 1 18 1 12 3 14 1 16 1 13 1 10 3 25 2 15 2 3 1 9 1 1 2 6 3 
13 12 33 24 76 15 98 25 67 3 44 18 44 19 85 22 59 11 55 13 82 4 80 14 51 21 47 
12 24 24 22 67 15 68 5 55 9 24 1 38 21 72 14 37 7 61 23 48 19 40 10 70 
11 21 86 2 90 6 98 25 86 20 92 3 93 4 90 23 94 7 91 14 92 15 86 
9 21 73 13 83 16 73 2 83 1 90 7 80 10 94 15 87 4 86 
18 9 2 16 6 18 3 7 6 21 4 12 5 3 4 22 4 24 5 8 4 10 5 14 4 20 2 19 5 2 2 23 6 17 5 4 6 
15 22 49 11 91 13 79 25 58 3 79 15 64 16 56 4 54 9 49 24 71 12 95 21 87 7 86 20 92 23 88 
9 1 9 15 22 4 10 24 23 8 17 16 15 9 19 7 16 20 20 
9 9 53 22 63 17 87 7 88 19 69 12 68 10 58 1 73 8 57 
16 10 6 5 6 18 14 23 6 19 10 2 7 13 13 1 18 22 18 15 8 20 13 6 6 16 18 25 18 3 13 12 7 
11 16 40 15 52 8 81 12 88 14 88 11 63 25 83 7 72 2 71 23 83 20 66 
10 4 72 14 97 20 98 11 95 25 78 2 73 15 89 24 96 23 72 3 91 
12 12 91 18 97 1 92 19 94 21 91 11 96 9 95 10 97 7 91 22 96 8 91 24 95 
13 5 13 18 26 9 29 1 24 10 35 7 30 12 32 8 25 25 24 22 29 3 33 14 23 15 21 
10 9 12 17 33 19 24 5 16 24 15 7 15 16 17 10 27 8 31 11 36 
16 13 63 17 73 6 67 18 70 22 66 24 99 14 80 8 95 4 66 16 88 3 75 20 83 25 87 2 95 1 77 7 83 
10 20 79 9 88 3 98 25 84 14 83 16 95 6 79 1 92 18 92 23 98 
10 14 23 22 63 15 57 2 59 12 37 4 33 21 49 9 61 11 35 25 50 
18 17 22 13 53 8 37 9 55 2 63 24 50 19 29 12 28 5 51 7 61 23 65 16 66 4 28 18 46 14 40 1 54 22 54 20 54 
15 14 37 8 83 11 70 6 94 16 56 24 69 22 57 4 40 9 80 3 64 5 40 15 97 12 53 2 83 18 38 
17 17 17 9 20 19 47 3 34 15 29 22 39 2 29 5 24 23 26 18 36 7 31 20 47 11 26 25 21 21 27 14 35 8 51 
11 12 51 2 54 6 76 4 96 25 68 15 92 9 93 21 58 13 52 10 65 18 76 
12 18 12 6 20 14 12 12 30 13 14 8 12 10 28 20 25 16 12 7 18 2 24 22 18 
16 10 43 20 85 19 78 22 90 7 80 14 68 12 69 6 79 13 80 2 76 8 98 9 99 4 66 16 63 24 93 17 60 
11 21 6 17 12 22 7 23 9 12 11 25 16 16 9 19 8 7 17 8 7 9 14 
16 20 34 3 57 6 76 10 81 16 73 12 40 18 63 13 84 15 91 4 61 17 48 23 37 19 72 9 69 5 38 24 48 
14 11 40 1 67 2 56 21 69 10 50 5 96 17 83 23 82 3 94 6 91 13 66 7 98 24 86 4 43 
17 15 2 5 3 20 3 18 4 17 6 13 6 25 5 4 2 14 6 3 2 1 2 8 4 7 2 9 3 6 6 23 4 10 2 
16 21 37 22 90 4 81 6 49 1 97 14 70 15 50 7 64 5 84 9 61 19 67 16 85 2 62 8 58 17 82 10 98 
15 18 54 1 74 3 98 19 85 6 90 20 65 13 74 7 67 25 77 2 69 5 72 14 93 17 73 15 92 11 61 
18 1 18 25 19 3 32 8 27 22 31 11 44 20 28 7 31 23 28 15 51 2 34 14 36 19 36 12 24 5 46 9 38 21 34 13 42 
18 20 76 13 79 1 82 22 93 24 99 17 99 4 84 7 88 2 83 18 98 19 99 21 78 23 82 11 81 16 90 6 96 9 84 14 92 
14 15 59 5 92 21 90 1 68 19 85 20 65 11 92 10 94 23 66 8 67 18 90 16 59 9 81 17 91 
8 11 13 14 39 21 28 5 18 15 23 12 29 16 28 4 14 
8 5 23 2 24 10 57 19 32 16 32 6 68 7 32 1 46 
9 2 94 20 97 22 96 15 97 5 97 12 95 13 98 21 96 1 96 
10 11 52 19 94 22 83 20 70 17 52 9 73 7 56 6 65 24 64 12 67 
13 25 64 4 73 16 97 10 71 2 97 9 94 7 74 12 73 11 84 14 93 8 79 5 88 22 69 
15 9 27 6 35 18 29 7 59 12 27 17 58 11 57 20 60 4 69 15 70 5 39 13 41 23 56 2 79 19 33 
14 5 14 17 37 12 18 21 27 8 24 7 18 25 36 2 18 20 24 3 27 10 18 16 29 13 28 11 29 
17 23 44 10 65 19 66 21 59 17 84 9 44 2 78 4 67 1 48 15 89 25 93 20 98 18 94 8 85 6 77 16 63 5 48 
9 15 83 1 93 25 96 7 99 2 94 10 85 21 87 5 90 18 93 
11 8 48 14 53 7 84 4 61 9 86 18 95 23 55 3 89 21 61 16 55 2 75 
11 19 96 1 96 12 96 9 99 22 97 2 99 11 96 17 98 18 98 8 96 23 98 
16 4 10 8 12 2 22 11 22 14 11 21 25 22 20 20 19 10 11 24 16 3 15 13 29 17 26 12 24 6 25 9 22 
10 23 16 13 19 15 37 12 24 3 35 4 20 2 47 14 37 22 43 9 46 
13 18 54 10 92 12 78 22 95 19 69 6 58 3 59 4 71 23 63 20 57 21 80 13 77 5 64 
18 12 58 17 97 13 77 23 78 22 63 24 89 10 79 11 71 3 64 2 97 4 64 25 66 9 94 19 95 15 79 14 61 1 70 8 95 
17 24 35 20 55 3 84 17 48 18 58 15 64 21 75 25 37 11 90 9 48 7 45 4 78 13 75 16 60 19 86 8 50 1 60 
9 25 80 14 94 9 98 1 99 3 88 15 85 6 80 17 92 16 99 
12 9 54 21 76 2 99 4 56 19 78 14 57 11 70 23 54 20 66 12 88 13 95 22 63 
11 21 21 7 30 1 34 4 26 19 29 18 23 5 25 2 35 15 48 3 63 13 33 
11 20 55 14 59 19 64 10 62 11 60 7 61 1 83 4 86 23 73 24 79 8 85 
18 18 67 23 75 8 70 21 80 1 76 20 68 17 99 7 93 12 94 24 75 10 68 2 69 22 91 14 72 13 86 15 73 16 75 5 67 
9 3 24 11 41 20 37 9 57 21 64 23 56 13 51 12 68 15 36 
11 11 57 10 91 19 90 25 63 15 65 18 91 3 67 8 98 2 61 9 65 12 99 
13 16 37 17 62 10 67 15 67 20 95 13 43 19 39 4 86 22 97 21 56 24 98 2 67 8 47 
16 19 22 21 44 7 48 10 25 12 29 17 27 5 41 22 40 9 58 15 48 2 26 16 53 25 25 14 48 6 30 20 36 
10 15 4 19 12 14 10 10 8 7 5 23 9 3 5 9 8 11 12 20 11 
8 23 92 21 99 4 97 13 96 20 97 25 93 2 92 9 94 
8 16 61 2 88 14 89 5 80 12 66 18 67 4 99 21 83 
17 23 5 17 7 8 8 24 11 12 15 7 8 20 12 9 15 16 6 13 12 22 7 6 14 4 6 3 11 2 5 15 9 14 10 
12 12 39 25 51 20 59 8 63 5 76 6 77 9 82 21 86 23 76 2 72 4 99 16 48 
12 15 54 18 87 4 99 23 59 24 71 19 99 16 63 1 57 11 77 20 66 17 58 10 90 
15 15 56 16 96 14 69 20 68 2 61 17 89 10 77 24 99 7 94 4 76 8 69 18 99 11 87 1 63 9 63 
17 14 42 10 74 24 59 6 58 19 73 11 65 5 98 25 80 7 53 23 45 17 48 8 95 21 65 18 67 12 45 1 55 16 69 
9 23 64 1 83 25 94 18 90 6 87 12 86 21 91 19 64 20 89 
8 21 53 3 59 23 85 18 59 16 93 8 65 2 70 9 92 
16 7 51 22 96 25 54 13 64 11 71 10 65 20 92 15 87 5 57 24 73 12 78 18 57 3 60 21 89 23 64 4 94 
8 8 30 9 67 23 62 19 38 15 48 10 90 18 61 7 39 
14 17 92 5 95 10 93 4 99 7 96 11 97 9 98 20 99 21 99 1 96 13 95 19 96 12 93 14 97 
9 3 48 11 89 15 79 9 62 16 50 24 70 12 73 21 97 19 63 
12 13 4 21 5 15 5 8 6 3 4 24 10 6 12 2 4 11 7 23 9 18 12 5 4 
15 3 47 1 97 18 53 7 71 23 51 25 96 10 80 6 99 16 50 19 62 8 68 22 96 13 96 4 68 12 68 
9 7 23 4 68 3 69 18 38 21 43 22 56 17 45 19 57 11 35 
13 8 51 2 74 12 54 23 77 6 93 17 76 13 84 18 64 4 65 5 93 1 86 24 61 22 98 
9 5 10 11 12 23 20 9 10 16 25 13 29 4 29 3 22 1 17 
12 9 28 13 30 21 73 17 63 25 38 18 60 24 31 22 50 1 38 5 52 8 35 10 34 
14 9 20 12 52 24 41 5 35 8 40 25 31 15 27 22 52 18 38 17 41 2 35 1 42 7 21 11 50 
9 4 12 15 27 5 25 17 17 22 22 25 19 23 21 9 26 10 26 
17 11 38 22 76 2 60 1 49 6 50 9 69 16 64 7 47 4 45 25 67 23 85 21 73 18 95 20 81 5 94 12 92 24 63 
14 3 84 6 93 20 87 18 89 15 95 24 94 16 95 17 90 14 85 8 97 11 89 25 96 1 89 12 98 
13 22 90 2 98 10 96 14 93 8 94 15 90 21 90 19 95 6 99 16 99 12 98 25 91 4 94 
17 14 93 23 97 1 98 13 99 25 97 15 99 4 97 22 96 21 97 8 99 9 94 20 97 12 96 2 96 5 99 11 96 6 94 
