276 238 10
1 2
2 3
3 4
4 5
5 6
6 7
7 8
8 9
9 10
10 11
11 12
12 13
13 14
14 15
15 16
16 17
17 18
17 19
20 21
21 22
22 23
22 24
22 25
23 26
24 26
25 26
39 40
40 41
41 42
42 43
43 44
44 45
45 46
46 47
47 48
48 49
49 50
50 51
51 52
52 53
53 54
54 55
54 56
54 57
58 60
59 60
60 61
61 62
62 63
63 64
64 65
65 66
66 67
67 68
68 69
69 70
70 71
71 72
72 73
73 74
75 77
76 77
77 78
78 79
79 80
80 81
81 82
82 83
83 84
84 85
85 86
86 87
87 88
88 89
89 90
91 92
91 96
91 100
92 93
93 94
94 95
95 104
96 97
97 98
98 99
99 104
100 101
101 102
102 103
103 104
104 105
105 106
107 108
107 111
107 114
108 109
109 110
110 117
111 112
112 113
113 117
114 115
115 116
116 117
124 125
125 126
126 127
127 128
128 129
128 134
129 130
130 131
131 132
132 133
134 135
135 136
136 137
137 138
139 140
139 144
139 148
140 141
141 142
142 143
143 152
144 145
145 146
146 147
147 152
148 149
149 150
150 151
151 152
156 158
157 158
158 159
159 160
160 161
161 162
162 163
163 164
164 165
165 166
166 167
167 168
168 169
169 170
171 172
172 173
173 174
174 175
175 176
176 183
177 178
178 179
179 180
180 181
181 182
182 183
183 184
184 185
185 186
187 188
188 189
189 190
190 191
191 192
192 199
193 194
194 195
195 196
196 197
197 198
198 199
199 200
200 201
201 202
202 203
203 204
205 206
205 208
206 207
207 210
208 209
209 210
223 224
224 225
225 226
226 227
227 228
228 229
229 230
230 231
231 232
232 233
233 234
233 236
233 238
234 235
236 237
238 239
240 241
241 242
242 243
243 244
244 245
245 246
246 247
247 248
248 249
249 250
250 251
251 252
252 253
253 254
254 255
254 256
254 257
258 259
259 260
260 261
260 266
260 271
261 262
262 263
263 264
264 265
265 276
266 267
267 268
268 269
269 270
270 276
271 272
272 273
273 274
274 275
275 276
7 6 53 8 68 7 92 1 96 3 89 2 79 5 68 
4 6 77 7 80 3 87 8 89 
4 4 39 8 65 3 45 9 99 
6 10 27 3 61 4 34 5 79 7 77 2 30 
5 8 37 9 88 7 99 3 62 6 69 
7 4 61 1 64 6 73 3 64 10 71 2 94 7 91 
7 9 56 1 77 4 78 6 87 3 78 10 92 7 57 
3 8 33 7 40 10 47 
6 9 41 10 75 7 67 6 49 1 58 2 87 
4 8 89 7 98 10 94 4 92 
6 2 89 1 89 9 91 10 95 4 89 5 96 
6 9 27 1 54 2 31 7 42 3 58 8 29 
7 4 16 7 19 5 45 2 31 3 33 9 40 6 25 
5 9 3 3 7 6 3 8 9 1 6 
6 1 35 8 96 5 84 3 64 10 92 2 58 
6 8 15 1 38 9 17 2 24 4 40 10 45 
4 2 50 8 55 1 59 6 80 
6 4 21 6 63 5 39 7 34 1 31 2 30 
5 2 60 6 77 10 65 7 61 9 93 
7 2 52 7 73 6 60 3 88 10 73 5 89 4 79 
3 3 74 8 85 6 90 
3 9 41 3 74 7 84 
4 5 22 3 56 1 59 8 52 
6 4 3 2 8 3 5 6 3 7 9 1 6 
7 6 71 2 81 9 97 8 90 5 72 4 78 3 97 
4 3 72 4 97 2 77 6 92 
3 3 28 10 45 2 58 
6 6 92 5 97 1 97 9 95 2 97 7 94 
7 9 40 4 54 5 64 2 78 8 91 7 49 10 69 
3 8 26 6 68 7 71 
3 1 84 9 94 5 91 
6 7 82 1 92 4 95 5 85 6 82 2 90 
5 9 14 3 18 8 40 1 39 10 34 
6 1 46 2 87 10 77 3 49 8 98 7 87 
7 7 92 10 94 5 93 6 96 8 95 4 98 3 92 
6 2 94 4 98 10 98 9 95 6 99 3 96 
7 3 91 2 93 10 99 6 99 9 98 4 97 7 97 
3 4 10 2 16 5 24 
7 1 89 5 98 6 89 4 89 8 96 7 97 3 91 
5 9 91 7 97 5 96 2 91 1 95 
5 4 54 2 64 3 83 10 74 9 56 
7 4 84 5 99 6 96 8 92 2 99 10 98 9 91 
4 9 17 10 45 3 24 5 41 
4 5 23 1 54 3 47 10 46 
7 2 79 6 88 3 83 7 92 8 81 9 89 10 96 
6 7 32 4 81 6 40 8 37 5 46 10 37 
5 7 34 10 51 9 69 2 72 8 43 
5 7 20 1 41 4 53 10 32 5 43 
6 3 89 2 92 10 94 7 92 1 95 5 97 
4 10 29 2 53 4 49 6 67 
3 8 87 5 90 2 89 
3 7 18 1 41 5 25 
5 7 87 4 97 1 95 8 89 5 93 
6 6 5 7 13 10 10 1 9 9 10 2 15 
7 4 63 6 67 10 67 2 75 1 76 7 75 5 63 
3 3 35 6 48 7 77 
6 10 8 4 20 6 11 7 14 5 20 2 11 
7 10 79 7 94 5 82 6 96 2 89 4 98 9 79 
4 4 83 7 88 1 90 10 99 
7 10 82 9 91 7 82 3 87 8 96 5 90 6 88 
5 5 77 7 80 1 91 3 98 6 84 
3 10 23 4 33 6 62 
4 8 98 6 99 10 99 7 98 
6 5 27 3 53 6 75 1 39 10 59 7 73 
5 9 25 7 58 5 41 1 51 10 56 
7 8 32 3 88 6 33 2 48 7 36 10 80 4 33 
4 6 51 4 59 1 81 10 95 
3 1 49 7 58 5 62 
6 3 72 4 86 6 90 7 88 5 82 8 81 
6 4 38 7 43 10 91 5 52 3 78 2 73 
4 4 3 6 6 8 9 10 5 
7 1 39 9 87 5 69 7 72 2 46 8 48 4 55 
6 7 82 2 83 1 88 4 98 9 93 5 88 
6 7 33 3 42 5 33 9 46 2 88 1 65 
7 7 80 5 85 6 99 3 84 9 84 2 86 1 93 
3 6 59 4 88 5 83 
6 10 55 1 61 8 64 5 94 6 90 7 64 
5 6 93 8 99 3 93 2 97 4 96 
3 8 12 7 17 3 13 
7 6 11 2 19 5 25 9 29 3 28 8 21 1 18 
4 6 59 2 73 5 71 4 94 
7 3 67 1 92 7 73 2 90 8 96 9 83 6 69 
6 9 89 5 98 3 89 1 91 4 93 2 89 
6 8 28 10 50 7 41 4 68 6 49 5 72 
5 7 78 6 94 10 84 5 82 2 93 
6 5 31 4 32 1 43 3 37 10 43 2 74 
5 4 31 9 76 1 31 7 91 8 70 
4 4 80 8 97 2 81 3 84 
4 1 71 3 79 4 82 2 75 
5 6 81 2 98 1 87 9 88 3 93 
4 8 81 7 95 5 84 10 95 
4 2 45 10 56 4 60 8 66 
3 2 95 1 95 6 99 
3 9 73 10 75 1 98 
5 3 65 7 69 6 95 10 74 1 78 
3 10 97 5 98 3 99 
6 6 53 10 69 2 90 8 73 9 85 4 66 
7 3 84 1 87 5 90 2 92 9 89 10 90 7 98 
5 4 81 5 97 10 91 6 97 7 97 
4 10 51 9 81 5 92 2 52 
4 6 35 9 84 2 46 7 60 
4 2 69 1 90 10 78 7 79 
3 5 64 2 65 1 88 
3 8 34 10 40 4 60 
5 8 97 1 98 3 98 6 98 4 97 
7 5 95 3 99 9 95 8 95 10 99 1 95 6 98 
6 5 8 7 22 8 22 4 16 3 8 9 12 
7 9 96 10 98 2 96 6 98 8 97 1 96 3 99 
3 4 40 2 72 1 90 
5 10 52 8 81 3 68 7 93 6 77 
5 9 18 6 18 7 39 1 50 3 22 
3 4 23 9 42 2 26 
6 7 88 4 96 2 92 3 99 1 97 5 95 
3 5 78 4 86 10 97 
3 5 44 3 73 4 68 
3 10 68 1 75 3 97 
7 6 19 7 34 3 22 2 47 5 32 1 50 10 30 
6 2 40 4 94 5 83 1 87 8 73 3 52 
6 3 35 9 89 5 78 7 47 6 47 4 63 
6 6 44 7 98 4 75 2 98 10 45 5 51 
4 8 60 3 83 9 90 7 97 
4 8 95 6 95 9 98 1 96 
3 3 89 9 98 8 94 
6 7 9 1 10 2 22 3 23 6 14 4 17 
3 7 28 4 74 10 76 
7 2 94 6 98 1 95 10 96 3 98 4 99 5 95 
6 5 80 10 96 2 89 1 88 8 94 6 80 
7 2 88 3 95 5 99 8 99 7 98 1 97 9 96 
4 9 9 8 26 2 20 3 10 
3 5 19 10 32 4 21 
3 1 39 7 82 2 63 
5 10 74 9 97 1 85 4 80 6 92 
7 10 79 1 81 7 85 5 91 8 81 2 90 9 85 
5 5 94 4 96 8 94 1 99 7 99 
6 4 72 8 85 10 91 7 78 3 98 6 91 
5 6 66 1 83 8 79 10 99 7 83 
6 4 85 8 91 6 89 7 93 1 86 2 87 
6 3 67 1 72 6 86 8 98 10 77 2 76 
5 6 27 10 73 8 33 7 37 1 68 
6 6 62 1 64 3 78 2 87 5 91 7 99 
3 1 3 3 3 10 6 
6 1 86 6 95 4 86 2 92 7 87 9 95 
6 7 20 8 57 9 49 10 44 3 28 1 55 
4 1 84 2 95 5 85 8 84 
4 7 82 3 85 4 90 6 82 
5 5 50 8 84 2 64 1 53 3 81 
5 7 29 6 65 5 64 3 80 1 84 
7 6 97 8 97 1 99 7 98 3 98 4 97 5 97 
6 2 48 6 79 10 75 4 92 7 59 9 76 
7 2 64 7 78 10 89 5 77 3 87 4 69 8 88 
5 2 66 5 78 6 77 3 69 9 78 
6 7 82 4 99 3 88 5 85 9 90 6 93 
4 8 29 7 80 9 78 4 57 
4 8 19 6 47 5 44 2 22 
5 10 31 1 67 4 51 3 72 7 61 
3 2 7 9 8 8 9 
5 9 37 7 41 10 62 6 55 5 42 
4 1 30 4 49 5 65 3 41 
4 10 32 1 81 9 85 5 35 
7 4 60 6 98 9 97 2 62 3 67 8 85 5 86 
3 3 57 2 76 9 65 
3 5 77 3 82 10 88 
5 1 4 3 7 6 4 10 11 7 9 
5 6 18 3 20 9 47 2 33 7 28 
7 5 70 3 74 6 74 8 91 9 81 7 90 1 72 
7 9 92 8 95 6 94 7 95 4 97 1 92 2 95 
6 9 5 7 15 5 9 10 11 3 15 6 14 
6 9 47 6 87 1 78 2 60 3 78 8 70 
6 3 9 6 26 9 19 10 20 4 15 2 13 
6 8 4 5 11 9 7 7 9 10 4 4 12 
4 5 78 1 85 2 86 4 92 
6 9 12 4 14 2 16 3 13 6 33 1 21 
4 8 23 2 27 9 31 1 47 
5 9 79 10 93 8 79 2 83 3 89 
4 3 46 7 83 6 82 10 61 
5 4 16 5 25 7 42 3 25 8 41 
7 10 3 8 7 3 9 6 6 1 9 5 7 7 8 
4 8 72 4 98 7 95 9 83 
6 1 70 9 78 4 92 5 92 3 95 10 99 
7 9 66 6 79 4 83 8 93 7 70 3 66 1 89 
5 10 95 5 95 1 97 2 95 3 98 
6 7 4 6 6 1 12 8 10 4 12 9 4 
7 6 50 4 92 10 52 7 82 3 78 5 65 9 82 
5 1 89 9 89 4 89 7 89 2 92 
4 8 28 1 47 2 34 6 77 
6 2 37 7 50 1 62 5 63 9 57 10 40 
4 4 71 1 99 5 77 3 96 
6 1 67 2 75 6 90 7 81 10 96 3 89 
6 6 46 8 62 10 47 4 67 2 48 5 59 
5 6 69 7 99 1 86 8 81 4 79 
7 6 66 8 74 1 80 10 89 7 99 9 88 2 94 
7 10 18 3 51 7 23 6 51 4 19 5 54 1 44 
4 10 79 6 79 7 93 2 90 
4 10 21 6 42 2 52 4 63 
5 9 7 5 9 6 17 1 16 10 17 
4 7 78 4 93 2 93 3 92 
6 2 65 4 94 1 89 7 98 10 96 6 88 
3 1 47 7 67 3 97 
5 4 68 9 79 6 79 8 68 3 79 
6 10 65 3 94 2 85 1 74 4 83 7 73 
6 10 73 1 90 4 90 9 88 5 95 2 86 
4 4 93 8 99 1 98 3 93 
4 10 18 3 40 8 53 2 37 
4 5 13 10 20 8 27 3 14 
7 3 68 5 98 9 77 8 71 10 82 2 98 7 74 
4 7 88 8 89 5 98 6 99 
3 9 68 4 99 7 71 
4 5 80 2 97 6 83 1 91 
3 8 7 5 11 2 13 
4 10 66 7 71 9 90 1 79 
7 4 66 10 73 9 88 2 72 8 83 5 68 6 76 
5 9 9 7 9 10 12 3 23 2 11 
5 10 7 4 16 8 10 5 16 7 20 
4 8 16 2 21 10 29 7 44 
4 4 46 3 71 5 50 2 93 
5 7 49 9 87 3 50 8 96 10 65 
6 9 77 6 84 2 93 7 95 8 86 1 86 
5 5 19 1 19 8 30 7 52 10 19 
7 5 29 6 57 1 65 7 75 8 40 3 76 9 41 
6 3 93 6 95 9 93 1 99 10 96 5 98 
4 5 36 1 90 3 62 2 75 
3 4 31 9 43 2 90 
3 8 15 7 35 3 34 
4 1 12 8 31 7 16 3 19 
3 8 19 3 39 5 30 
3 9 93 4 98 6 94 
4 8 27 9 74 10 52 1 56 
6 8 41 4 90 10 91 7 87 1 64 3 85 
4 9 5 4 10 10 5 8 12 
5 7 35 5 78 9 44 10 57 6 40 
6 9 22 3 27 4 29 1 28 8 66 10 40 
5 8 53 9 63 10 62 4 73 3 83 
6 10 71 3 89 8 92 7 82 6 81 5 95 
3 2 78 3 98 5 78 
5 7 59 1 84 3 94 4 86 9 87 
7 1 22 3 55 5 39 7 48 10 45 9 26 6 63 
3 1 1 5 1 6 1 
3 9 3 3 5 6 6 
4 5 57 4 94 3 88 8 57 
5 8 27 7 80 2 60 6 27 5 37 
6 10 72 1 74 2 92 3 89 5 78 4 78 
3 7 65 1 93 8 96 
3 7 78 6 90 5 98 
7 10 13 3 29 2 18 7 16 1 34 4 25 5 39 
3 5 86 9 89 8 87 
6 9 38 10 67 2 57 7 61 1 53 6 83 
7 1 35 10 53 5 43 8 40 2 77 7 72 4 52 
7 9 47 5 73 10 76 8 67 2 97 4 91 1 98 
4 9 61 4 93 5 66 2 66 
7 9 11 5 33 8 16 2 28 1 11 4 31 3 14 
7 10 10 7 30 2 10 3 21 6 21 9 20 1 30 
5 9 48 6 60 3 59 1 95 2 82 
4 3 44 2 94 5 91 1 75 
7 6 35 3 44 1 84 10 65 4 54 5 77 2 73 
5 6 94 2 98 4 94 7 98 1 99 
6 1 15 9 18 3 31 2 29 5 43 8 27 
4 6 24 3 33 5 35 4 35 
6 8 77 9 91 10 98 2 79 6 96 5 89 
7 1 30 5 57 3 72 2 59 4 85 7 43 10 39 
3 8 37 7 66 2 86 
3 1 65 2 68 3 71 
7 10 48 1 94 8 63 4 88 6 97 9 79 3 53 
3 6 28 1 34 10 82 
6 8 64 2 98 9 68 5 69 3 94 4 82 
4 4 26 9 50 7 61 1 40 
4 2 2 1 6 3 2 10 3 
3 2 34 7 96 9 88 
5 9 22 1 22 6 26 7 24 8 45 
5 3 27 4 75 10 42 9 50 6 42 
6 1 26 2 52 4 74 10 74 8 71 3 44 
4 9 30 5 55 6 56 3 73 
7 2 85 7 88 5 93 1 87 10 98 4 90 3 88 
6 3 49 6 93 10 53 4 63 7 78 1 76 
5 7 91 6 94 2 95 5 96 3 92 
3 2 89 5 98 3 99 
7 3 80 2 87 4 96 7 91 6 82 1 95 10 80 
