174 153 15
1 4
2 4
3 4
4 5
6 9
7 9
8 9
9 10
10 11
12 13
12 15
13 14
14 17
15 16
16 17
18 19
19 20
20 21
21 22
22 23
22 24
22 25
26 27
27 28
28 29
29 30
29 31
29 32
33 35
34 35
35 36
36 37
37 38
39 40
39 42
39 44
40 41
41 46
42 43
43 46
44 45
45 46
46 47
48 51
49 51
50 51
51 52
53 54
53 55
53 56
54 57
55 57
56 57
58 59
59 60
60 61
60 63
61 62
63 64
65 66
65 69
66 67
67 68
69 70
70 71
72 73
72 74
72 75
73 76
74 76
75 76
76 77
77 78
79 80
80 81
81 85
82 83
83 84
84 85
85 86
87 88
87 89
87 90
88 91
89 91
90 91
91 92
96 97
97 98
97 100
98 99
100 101
102 103
102 105
103 104
105 106
107 110
108 110
109 110
110 111
112 113
113 116
114 115
115 116
116 117
118 119
118 121
119 120
120 123
121 122
122 123
126 127
127 132
128 129
129 132
130 131
131 132
132 133
133 134
135 136
136 137
136 139
137 138
139 140
141 144
142 144
143 144
144 145
145 146
146 147
147 148
149 150
150 151
151 152
151 154
151 156
152 153
154 155
156 157
158 159
158 161
159 160
160 163
161 162
162 163
166 167
167 168
168 169
169 174
170 171
171 172
172 173
173 174
5 4 39 3 68 5 49 2 42 14 96 
8 2 51 9 54 8 56 15 76 10 68 1 55 7 54 4 64 
9 10 63 8 67 5 71 12 79 15 90 2 70 13 85 11 93 3 82 
9 13 89 3 98 4 97 1 99 14 90 8 91 7 97 6 98 12 98 
6 3 29 5 71 4 76 10 79 12 41 6 56 
5 13 2 1 6 12 5 11 4 4 2 
11 6 57 15 69 13 84 5 94 4 60 7 81 11 97 2 94 8 80 1 67 3 57 
6 14 96 11 99 1 98 6 98 9 99 15 97 
6 1 57 5 57 9 97 14 99 6 71 13 93 
5 1 61 4 92 3 89 9 71 11 77 
9 2 12 14 31 12 30 3 12 13 24 15 13 11 31 6 18 10 16 
6 8 87 9 91 5 92 11 89 13 90 6 92 
7 11 92 6 97 15 98 2 97 14 92 8 92 12 95 
9 8 60 4 72 7 65 5 84 10 73 15 80 11 91 12 97 13 83 
11 14 42 7 99 8 65 15 44 13 56 5 56 6 81 2 62 1 65 3 84 12 50 
9 11 64 4 98 6 66 14 94 13 85 5 83 9 64 15 88 10 97 
8 7 48 4 93 9 63 14 70 1 67 8 94 15 95 11 60 
5 15 12 11 34 12 36 2 35 4 30 
11 12 32 1 65 7 35 9 58 13 45 6 86 5 58 8 37 14 61 4 33 10 44 
6 8 28 14 58 7 69 2 48 3 32 6 59 
10 11 15 1 40 7 27 9 27 2 32 13 35 8 33 12 36 5 22 3 42 
8 11 32 2 45 9 53 12 81 13 71 5 45 10 73 4 63 
10 9 71 10 74 11 79 12 93 1 77 6 76 2 88 7 71 4 94 8 71 
10 3 18 2 28 10 32 8 32 9 36 7 21 13 46 1 32 5 39 11 52 
8 13 57 5 83 9 95 1 57 6 82 2 84 11 83 4 91 
11 4 11 10 16 13 26 14 28 7 17 2 32 6 26 9 16 15 28 5 20 11 24 
11 14 89 4 97 13 97 2 90 3 91 15 99 11 89 1 91 5 92 10 89 12 90 
6 3 51 4 94 14 99 12 95 10 88 9 96 
7 14 53 15 80 10 68 4 86 9 69 3 80 11 71 
10 15 82 10 85 7 87 4 98 2 87 9 88 12 87 1 97 14 88 5 85 
11 11 25 15 52 4 63 3 50 5 75 9 27 10 63 2 43 7 58 12 52 8 47 
9 2 42 10 53 15 43 3 84 8 46 13 99 1 77 12 84 4 74 
5 8 23 5 45 3 37 10 34 11 39 
9 5 95 8 95 7 96 2 96 14 96 4 99 12 96 15 97 11 96 
10 1 83 15 86 2 93 7 85 13 91 6 96 5 84 10 91 9 94 11 97 
10 13 56 15 86 9 75 4 90 1 83 8 77 6 61 5 71 7 66 3 59 
10 11 56 4 98 3 80 7 56 13 75 15 99 9 58 1 86 8 99 2 82 
5 14 27 6 71 12 40 10 68 4 41 
11 10 63 12 93 13 90 9 76 7 77 4 72 5 76 3 80 8 67 6 71 1 97 
6 14 8 3 9 10 11 11 22 8 13 1 11 
7 12 80 2 80 5 85 13 83 9 86 14 84 6 91 
6 14 78 3 78 2 96 7 97 4 93 8 88 
9 5 48 4 76 13 60 8 97 14 97 15 68 7 80 10 64 3 74 
8 11 7 8 11 2 18 7 17 15 20 3 16 9 12 10 17 
6 9 42 14 78 13 85 6 94 4 78 11 84 
5 9 22 12 56 6 41 1 64 10 63 
6 14 72 11 76 3 98 10 91 7 92 13 82 
6 11 67 3 99 8 94 7 92 4 72 13 83 
9 7 59 9 70 1 85 14 78 15 59 11 62 8 72 2 75 13 72 
11 10 13 11 24 3 15 6 38 9 28 7 16 4 24 2 15 5 33 14 37 12 36 
6 5 30 14 55 12 84 13 46 1 78 10 80 
9 14 19 10 36 13 20 9 52 7 40 1 34 8 45 4 56 3 25 
8 14 76 8 90 10 77 11 97 12 88 3 88 4 83 2 76 
10 9 75 14 88 12 93 1 94 3 88 2 98 5 75 6 78 4 76 15 78 
7 11 77 2 89 14 84 4 88 3 83 12 81 9 82 
9 3 61 15 75 6 80 1 63 11 78 7 84 10 96 12 88 14 73 
6 2 8 8 18 14 11 1 11 13 10 11 10 
5 1 36 11 63 4 70 12 54 13 38 
11 12 4 5 6 8 10 2 4 11 8 7 10 9 7 4 5 15 8 1 9 3 12 
9 12 1 2 3 10 1 13 3 5 3 8 2 11 1 4 1 6 2 
10 6 30 7 88 4 35 15 86 9 47 2 40 8 70 3 66 14 87 11 48 
7 14 53 10 84 1 74 2 58 12 83 6 72 5 92 
5 4 44 13 71 7 71 11 60 14 78 
9 12 86 8 90 7 91 5 89 14 99 13 89 9 96 11 93 4 90 
7 5 66 1 90 13 83 2 82 10 87 3 88 6 86 
10 14 80 6 88 2 97 9 96 7 98 1 82 12 98 4 81 5 95 3 85 
6 9 2 2 6 10 3 1 4 15 3 4 4 
9 12 90 4 97 5 97 14 93 3 91 6 91 7 95 2 92 13 99 
11 8 87 10 89 7 96 4 99 13 97 12 95 14 95 11 95 3 94 2 97 9 98 
8 4 60 3 83 5 84 14 79 7 99 15 94 13 69 2 78 
11 11 87 6 92 7 96 15 92 2 87 12 96 3 99 9 98 5 89 4 88 8 95 
5 12 38 13 38 2 90 1 88 8 54 
11 10 74 3 96 11 90 14 80 9 92 6 89 4 83 12 95 15 98 8 76 7 81 
6 14 7 6 8 12 9 2 14 7 12 5 16 
5 4 31 13 85 6 43 5 58 8 34 
8 6 26 12 46 8 75 2 37 7 47 11 69 4 71 1 43 
5 12 66 7 88 1 82 14 77 4 92 
10 7 85 13 90 14 90 6 97 12 94 5 95 15 96 8 90 4 96 1 86 
10 8 65 12 79 13 79 10 69 15 99 6 86 2 79 5 96 4 87 9 75 
8 5 30 11 52 13 72 8 75 9 50 3 62 1 43 2 35 
10 5 22 10 33 3 50 2 64 11 22 7 34 9 27 15 46 8 57 13 30 
6 13 57 2 60 1 87 6 77 14 84 3 77 
6 1 5 13 12 7 12 11 7 6 6 10 9 
6 5 61 13 99 14 73 9 71 8 96 10 73 
9 11 48 1 69 2 74 4 48 9 66 5 91 15 84 13 71 7 91 
6 10 35 11 64 5 98 13 88 7 79 6 45 
8 12 10 14 25 2 11 13 17 8 10 15 10 6 29 10 14 
10 5 47 2 72 14 75 7 82 13 64 15 77 11 73 4 85 10 55 9 56 
7 5 34 12 84 2 98 3 90 7 47 11 37 15 69 
11 13 24 9 67 14 28 8 37 7 39 3 49 10 59 5 63 2 58 4 67 11 63 
10 2 71 10 76 1 72 13 75 5 94 9 76 4 72 12 76 11 75 14 95 
6 8 12 9 15 14 17 15 29 7 28 6 12 
8 8 81 11 90 6 99 13 90 15 93 12 81 10 85 2 91 
9 2 18 8 35 14 40 12 54 13 31 6 35 11 47 5 53 3 31 
8 13 35 7 98 6 69 5 91 15 71 11 48 1 83 10 84 
5 4 8 14 8 1 12 2 17 15 10 
7 9 78 8 78 1 81 5 78 12 79 15 97 14 95 
7 4 72 13 86 6 95 11 72 5 96 12 97 10 83 
6 2 81 1 97 8 82 6 85 12 83 9 86 
7 10 6 6 10 14 11 5 16 7 16 9 10 13 17 
8 3 49 8 99 14 51 2 84 6 71 5 60 9 69 7 99 
5 3 43 15 85 12 96 14 81 11 81 
9 13 22 15 56 4 46 8 60 2 61 14 62 6 57 5 57 11 58 
11 15 9 13 10 1 13 2 23 12 22 6 15 14 24 9 16 3 10 7 24 11 12 
8 9 7 3 9 10 20 11 8 13 15 7 7 6 12 4 15 
6 9 30 13 86 14 72 10 88 5 85 2 60 
9 11 6 7 16 3 11 4 14 5 10 9 17 6 11 10 14 12 12 
8 9 50 11 86 10 83 14 79 13 89 7 77 8 90 4 56 
8 13 27 15 34 5 27 1 35 9 58 10 76 11 32 3 50 
6 5 37 8 85 6 49 10 75 7 98 1 84 
9 7 40 1 75 5 46 3 94 15 74 8 91 9 99 11 92 6 68 
11 8 72 3 97 13 78 9 82 14 72 11 73 10 80 5 98 7 90 12 77 2 75 
7 8 36 11 55 4 83 12 65 10 37 15 74 9 74 
5 8 2 10 5 1 2 12 6 5 5 
8 7 8 2 16 12 12 4 16 15 22 5 19 1 16 10 14 
10 13 29 15 71 1 36 7 75 5 81 11 67 2 30 8 79 4 57 12 74 
10 14 79 9 96 12 90 3 80 7 85 6 95 2 93 8 83 11 86 10 89 
8 4 97 7 99 11 97 8 99 1 99 5 97 12 98 10 98 
10 12 51 9 86 4 85 1 59 14 60 13 64 6 61 5 63 7 76 3 92 
6 15 6 1 6 12 17 11 13 6 7 13 9 
8 12 83 3 84 14 84 8 85 5 83 10 83 15 87 6 87 
10 14 63 3 87 15 66 7 89 2 79 13 96 8 85 4 74 12 74 11 95 
11 14 31 13 36 4 58 10 85 15 90 8 49 5 57 1 55 12 71 3 47 11 88 
7 12 52 6 84 11 81 13 99 7 90 9 86 8 79 
11 9 24 5 70 11 61 4 64 1 56 10 27 2 45 8 37 12 66 3 65 13 48 
6 15 85 7 96 14 94 1 90 10 95 13 92 
7 1 37 3 52 14 59 8 68 5 53 6 89 9 93 
10 15 67 10 97 2 96 8 70 9 69 14 98 6 99 7 90 12 82 4 88 
6 12 35 1 80 6 72 14 65 4 41 8 89 
6 6 72 9 84 8 77 5 99 10 75 15 82 
10 4 28 10 28 3 61 15 37 8 40 9 59 1 59 6 79 7 83 14 47 
10 2 4 15 8 7 11 9 4 12 10 11 7 1 11 13 5 8 6 14 9 
5 1 75 3 80 13 87 10 82 15 99 
10 3 2 10 5 14 3 8 2 6 6 2 6 5 4 11 6 12 4 13 3 
6 6 2 8 3 12 2 4 5 1 6 10 2 
10 14 98 12 99 9 98 3 99 10 99 11 98 2 98 13 98 4 99 6 99 
9 1 69 2 86 14 74 13 69 9 71 8 73 4 91 11 77 3 87 
5 10 42 4 78 1 44 9 52 12 81 
9 7 89 1 95 4 91 9 95 13 99 2 91 5 91 11 92 14 95 
11 5 89 3 91 6 91 4 97 14 93 2 97 1 99 13 96 11 95 12 93 15 95 
9 1 94 3 99 12 97 6 95 10 94 5 96 7 97 11 99 14 95 
11 15 19 14 24 10 53 9 49 7 39 4 26 1 57 11 53 3 47 2 51 12 38 
5 11 30 8 65 10 89 9 35 6 63 
5 3 12 13 32 6 22 12 35 15 21 
6 10 25 7 41 14 64 13 25 3 48 11 74 
6 15 44 6 61 10 58 9 84 3 55 12 64 
5 12 34 3 88 13 51 9 40 4 38 
11 6 84 3 88 4 90 11 85 12 87 14 87 15 87 13 87 5 86 1 94 9 92 
7 11 53 6 82 1 79 8 86 12 98 10 93 14 85 
6 7 64 5 87 12 97 2 65 11 85 14 81 
5 5 11 9 19 14 24 8 20 12 12 
10 9 41 14 85 15 58 13 82 11 81 4 65 10 65 8 90 5 75 2 83 
11 4 62 9 89 7 90 6 69 15 85 3 86 10 72 5 71 14 98 13 62 2 83 
9 11 74 6 96 14 93 8 75 9 99 10 81 12 90 3 90 13 77 
7 6 35 3 37 5 73 9 45 14 86 4 54 1 95 
5 4 97 12 99 14 97 10 99 13 99 
11 4 25 14 45 8 57 13 34 6 53 3 43 15 61 7 28 2 75 12 71 9 63 
5 8 96 3 96 12 96 2 99 5 99 
7 9 16 7 42 14 24 2 33 15 35 8 45 12 34 
5 10 88 5 94 15 93 2 90 14 88 
7 11 76 3 85 4 90 9 76 8 81 2 88 6 76 
9 11 78 6 84 15 80 10 91 2 95 9 95 14 97 5 92 3 90 
5 7 72 14 86 10 89 15 85 4 85 
6 1 87 15 95 10 98 7 95 5 97 14 90 
6 8 92 12 99 1 93 5 94 2 98 11 99 
9 8 62 11 74 9 74 4 62 1 71 2 94 3 87 14 81 12 96 
7 6 17 9 27 1 19 3 30 5 43 12 17 8 37 
8 11 66 6 75 12 69 4 74 1 69 5 84 7 99 13 66 
11 5 49 12 53 8 90 1 54 13 66 6 82 3 50 15 80 11 89 4 86 14 85 
10 1 55 7 62 12 65 15 94 8 97 2 71 3 66 14 79 6 57 5 62 
9 7 75 6 91 15 89 14 97 3 93 10 92 8 82 1 91 13 83 
10 14 46 6 58 11 67 3 76 2 46 10 53 1 78 7 80 4 89 13 71 
8 3 94 1 97 9 99 11 99 6 96 14 97 2 95 13 98 
7 15 30 12 70 4 41 8 48 3 47 7 60 2 34 
