192 167 15
1 2
2 3
3 4
4 9
5 6
6 7
7 8
8 9
9 10
10 11
11 12
12 13
13 14
14 15
15 16
17 18
18 19
19 20
20 21
21 22
22 23
23 24
24 25
25 26
26 27
27 28
28 29
28 30
28 31
32 33
33 34
34 35
35 36
36 37
37 38
38 39
39 40
40 41
41 42
42 43
43 44
43 46
44 45
46 47
48 49
48 51
48 53
49 50
50 55
51 52
52 55
53 54
54 55
55 56
63 64
64 65
65 66
66 71
67 68
68 69
69 70
70 71
71 72
72 73
73 74
74 75
75 76
76 77
78 79
79 82
80 81
81 82
82 83
83 84
84 85
85 86
86 87
87 88
88 89
89 90
90 91
91 92
93 94
93 98
93 102
94 95
95 96
96 97
97 106
98 99
99 100
100 101
101 106
102 103
103 104
104 105
105 106
106 107
107 108
112 113
112 117
112 121
113 114
114 115
115 116
116 125
117 118
118 119
119 120
120 125
121 122
122 123
123 124
124 125
125 126
127 130
128 130
129 130
130 131
131 132
132 133
133 134
134 135
135 136
136 137
137 138
138 139
139 140
140 141
141 142
142 143
144 145
145 146
146 147
147 148
148 149
148 155
149 150
150 151
151 152
152 153
153 154
155 156
156 157
157 158
158 159
159 160
161 162
161 165
162 163
163 164
164 168
165 166
166 167
167 168
168 169
178 179
178 183
179 180
180 181
181 182
182 187
183 184
184 185
185 186
186 187
187 188
11 5 63 11 67 3 73 4 72 14 78 9 67 6 74 2 86 15 63 12 78 8 74 
8 15 61 12 96 11 88 7 77 2 94 9 78 1 98 3 77 
6 3 34 15 85 14 66 1 82 13 38 12 48 
10 7 28 11 82 1 44 14 80 10 81 9 48 15 53 8 57 2 44 5 49 
5 12 52 11 84 14 70 6 95 2 65 
6 2 86 3 90 7 94 13 90 14 90 5 97 
9 6 29 14 30 3 43 8 63 10 36 12 82 11 35 9 66 13 76 
10 6 19 15 31 14 51 8 21 7 43 4 41 5 55 13 32 2 50 9 50 
8 4 6 5 18 12 10 15 14 6 6 13 11 14 12 7 6 
10 1 87 10 94 6 92 11 87 8 99 9 89 2 89 7 89 4 90 3 96 
6 9 47 15 69 12 89 7 71 14 54 13 72 
11 5 59 13 63 3 97 2 83 14 91 9 75 1 87 15 85 4 99 10 60 7 61 
9 2 71 11 97 7 71 12 73 5 94 3 93 6 96 10 96 13 72 
10 2 36 3 82 1 71 5 91 9 37 15 88 14 50 8 98 7 53 13 54 
7 14 35 7 46 6 45 13 36 5 97 4 92 3 60 
5 5 6 7 9 8 7 12 18 2 10 
8 15 12 1 19 12 31 2 13 9 22 11 35 3 31 13 23 
6 15 47 7 73 6 87 13 47 1 65 11 60 
8 12 16 15 47 14 34 10 42 6 33 8 31 4 26 11 44 
6 3 44 15 45 13 69 11 67 12 63 14 94 
10 4 72 11 95 9 76 10 89 1 98 7 75 2 79 6 98 12 92 13 84 
10 3 89 5 90 13 97 10 96 4 96 12 93 9 89 1 91 15 91 8 89 
8 6 24 15 26 2 53 1 49 10 38 9 43 5 31 8 36 
9 11 60 3 81 14 97 6 94 5 86 10 70 2 79 13 80 7 94 
10 1 76 2 81 15 89 9 97 14 80 6 88 11 77 10 85 12 89 13 99 
8 8 97 4 98 10 97 14 98 2 97 13 98 9 97 3 97 
7 3 86 15 86 9 90 5 98 4 93 1 95 11 97 
8 1 36 3 59 5 89 14 45 11 42 2 57 9 90 8 43 
11 15 35 7 69 6 62 12 39 14 56 13 88 11 53 9 71 10 78 8 48 5 36 
7 1 77 12 87 9 87 4 89 15 93 5 92 8 92 
10 1 87 3 99 7 90 5 88 8 95 10 90 15 99 12 98 9 89 4 90 
7 11 4 4 5 6 7 10 11 12 5 7 7 2 4 
8 13 14 10 32 7 22 1 24 3 32 2 29 5 38 11 17 
7 3 51 6 93 9 98 15 93 11 88 12 85 4 55 
6 8 56 6 83 13 61 10 97 7 56 2 57 
8 7 25 13 41 10 47 2 54 9 46 8 66 6 46 14 25 
7 14 13 8 28 2 32 12 38 6 29 5 25 13 15 
10 6 57 11 88 15 80 14 65 4 70 2 81 12 97 10 63 9 78 3 57 
5 4 77 9 85 15 90 10 89 8 84 
5 3 50 12 99 1 56 2 53 9 87 
10 14 43 3 74 4 57 9 64 12 56 8 60 2 45 1 79 15 73 5 67 
5 9 51 5 67 3 61 6 77 8 86 
10 9 31 10 60 8 84 1 37 3 65 7 77 6 39 15 62 12 57 11 32 
10 4 71 13 92 5 96 6 88 1 75 10 89 2 78 14 72 12 79 3 90 
9 4 32 5 59 14 94 15 55 13 52 6 61 1 92 8 72 9 67 
5 11 22 2 32 3 59 15 62 9 33 
8 3 15 8 27 15 43 1 24 10 36 13 35 4 28 12 43 
8 8 95 6 97 13 99 7 99 1 96 4 95 14 96 12 97 
5 3 90 7 92 8 93 1 98 12 94 
10 14 23 8 24 11 30 13 50 6 23 1 29 4 56 15 42 7 59 2 66 
8 7 87 5 87 12 95 10 92 6 90 1 89 15 94 11 94 
5 1 6 10 14 12 15 5 14 4 8 
6 11 61 8 70 9 73 7 77 6 98 14 68 
7 10 81 1 81 6 83 11 90 15 86 2 90 4 81 
8 11 48 1 82 6 83 13 66 8 57 2 51 3 94 5 51 
11 5 29 15 72 11 58 14 60 13 34 7 75 10 40 6 67 9 46 1 67 3 37 
5 13 88 3 89 6 99 15 93 1 90 
6 1 44 10 50 5 74 3 99 9 83 8 75 
8 12 67 2 85 14 74 7 94 4 69 3 73 9 69 13 70 
8 8 53 4 79 9 81 10 95 11 82 1 54 2 93 12 69 
5 9 67 11 81 5 79 6 73 15 96 
8 15 50 9 97 8 92 2 96 7 87 13 93 12 60 4 56 
8 1 41 8 87 4 63 15 43 2 81 13 92 9 68 5 91 
6 13 34 2 39 9 66 5 76 4 73 14 77 
11 15 26 14 32 12 31 7 55 9 32 11 35 1 37 6 39 5 58 2 52 3 73 
8 11 70 8 74 10 99 9 97 6 97 12 83 15 75 5 85 
8 9 27 3 50 11 53 6 31 10 59 2 29 8 45 7 64 
5 14 86 8 92 12 92 5 94 6 96 
9 8 31 12 47 2 90 7 91 3 31 1 62 10 67 6 62 14 32 
6 10 74 15 82 9 77 5 79 12 87 1 74 
8 9 76 3 88 1 97 8 90 2 86 11 87 6 77 5 79 
6 8 26 14 37 1 67 13 67 5 70 12 61 
5 6 6 5 18 2 15 13 16 1 8 
10 10 75 5 82 13 93 15 87 3 85 6 94 11 90 7 94 14 99 4 75 
9 12 92 2 98 5 94 14 97 4 94 8 95 10 97 15 99 11 96 
10 10 11 1 14 11 28 14 29 5 20 12 11 2 17 8 21 7 28 4 12 
11 11 84 6 99 9 93 4 98 10 89 13 90 7 86 15 84 5 96 3 94 2 94 
5 12 6 2 18 7 6 14 6 9 15 
7 11 55 6 91 13 81 14 79 8 65 5 80 2 90 
11 1 97 14 98 9 97 8 99 15 98 10 98 12 97 11 99 13 97 2 97 5 99 
8 8 76 2 88 11 89 9 87 14 80 3 77 4 76 1 90 
8 9 99 12 99 11 99 15 99 8 99 10 99 6 99 7 99 
7 1 29 7 45 11 68 13 82 3 65 12 44 14 33 
5 7 5 8 5 3 15 5 9 12 5 
8 5 6 9 15 13 12 6 15 12 9 8 6 10 16 1 18 
11 7 56 10 79 15 81 2 65 11 66 9 56 3 85 6 65 12 74 14 95 8 82 
11 13 15 5 23 9 32 11 44 8 16 15 16 6 35 2 16 4 32 1 23 7 31 
9 14 94 2 96 11 95 1 97 10 95 13 94 7 97 6 94 8 97 
7 10 99 3 99 4 99 13 99 6 99 15 99 14 99 
6 4 37 12 96 15 44 11 94 3 63 7 83 
6 13 12 15 34 10 31 9 25 6 29 1 16 
5 1 27 7 27 2 63 10 40 12 78 
10 5 3 12 8 14 8 7 5 3 7 13 3 10 9 15 7 2 5 9 4 
10 7 96 11 96 6 98 13 97 12 96 8 96 10 96 9 97 4 98 5 96 
7 5 31 12 45 3 44 13 88 6 73 4 53 14 62 
6 15 95 3 97 5 97 6 98 8 99 11 95 
11 5 28 2 77 10 77 1 55 8 64 3 79 15 29 7 47 13 69 9 72 12 31 
9 4 95 9 96 14 97 7 98 1 97 15 98 10 95 11 95 12 98 
10 12 42 1 91 7 51 4 48 6 77 2 93 10 95 15 77 3 63 13 95 
11 2 3 11 6 1 3 6 4 8 7 12 7 15 7 14 6 13 5 7 5 10 4 
8 11 57 2 58 15 80 13 83 6 87 1 97 5 71 3 83 
10 12 80 10 86 7 81 6 84 1 86 3 81 13 95 9 87 5 82 11 83 
5 2 58 3 69 11 68 15 80 14 76 
10 5 26 6 32 3 34 13 59 2 53 8 54 1 66 15 70 14 52 12 75 
9 5 43 10 45 12 61 3 70 9 74 8 80 14 62 11 74 13 46 
9 7 90 5 98 13 91 8 95 12 98 4 99 10 96 6 99 9 90 
9 12 98 1 98 3 98 4 99 14 98 7 98 15 99 11 99 10 99 
8 2 52 14 59 15 90 12 95 5 60 4 90 8 81 11 56 
6 6 94 5 98 7 97 4 98 1 97 8 99 
10 1 23 13 65 8 30 9 45 14 62 11 33 4 39 12 24 6 48 10 47 
9 3 38 1 40 15 98 2 55 14 71 9 65 11 79 6 47 7 88 
9 9 28 15 38 13 84 2 41 5 49 7 44 3 80 8 44 10 38 
10 14 53 12 82 10 91 4 76 3 78 1 93 2 60 15 98 9 57 13 58 
11 11 28 7 42 10 51 3 49 1 67 14 71 2 75 12 61 5 58 8 42 13 60 
7 5 75 15 82 13 89 3 95 4 82 1 78 6 97 
11 13 53 11 56 2 81 4 65 1 59 15 79 14 62 8 81 7 53 10 58 3 54 
11 8 79 4 98 15 91 14 96 2 86 9 88 7 98 13 93 11 99 12 89 10 91 
11 8 13 10 13 12 28 5 35 14 21 9 34 6 39 4 21 15 36 7 27 1 20 
9 9 82 8 87 10 96 15 89 11 89 6 93 4 92 14 88 1 83 
10 8 11 10 27 4 15 5 30 15 24 14 18 2 20 7 27 9 16 11 27 
10 10 17 13 46 4 51 14 28 9 19 2 51 3 36 1 44 15 44 6 50 
6 15 96 8 97 1 98 13 96 3 99 10 96 
10 3 5 15 11 10 5 14 6 1 8 9 13 2 11 11 13 8 7 4 5 
10 8 49 13 59 3 53 4 65 5 83 6 53 15 66 1 54 14 64 10 62 
11 5 87 2 91 1 91 8 90 11 96 12 89 3 99 13 99 4 93 6 97 9 87 
10 14 46 5 46 11 56 8 81 7 66 4 56 3 76 1 56 12 48 10 59 
9 7 16 10 38 3 40 14 22 12 39 6 17 4 21 2 19 5 37 
5 9 63 11 78 10 99 7 72 3 99 
5 1 96 6 96 13 97 7 96 5 99 
7 8 58 6 94 14 79 1 58 13 95 4 63 15 71 
6 9 95 15 98 8 97 13 95 10 96 2 99 
9 5 79 15 92 9 88 14 89 6 89 13 82 7 90 11 87 3 93 
9 7 79 10 87 3 88 2 79 6 99 1 90 12 97 15 88 9 97 
5 2 63 5 91 6 85 11 90 15 82 
7 2 66 9 89 6 82 12 76 3 91 8 96 15 84 
6 10 11 6 15 11 23 7 30 9 22 12 25 
7 10 33 4 86 3 34 2 65 1 58 12 93 5 86 
8 15 99 7 99 11 99 2 99 3 99 5 99 4 99 1 99 
11 7 24 2 24 14 69 13 58 4 36 10 68 3 69 9 50 6 25 5 27 12 31 
5 13 91 14 94 15 91 8 97 10 92 
8 10 96 1 98 13 97 11 97 5 97 3 99 8 96 12 98 
9 5 76 14 87 13 99 2 86 11 92 1 88 7 79 8 97 12 82 
9 7 39 14 73 13 74 12 39 3 58 6 45 9 85 4 83 1 76 
11 15 25 14 67 5 66 8 49 2 74 9 56 12 39 11 64 6 36 4 44 7 39 
10 13 49 10 54 12 88 5 95 11 55 6 80 8 57 9 88 4 83 3 52 
11 10 28 5 76 14 44 11 53 7 47 15 36 1 68 4 50 8 28 13 73 6 29 
11 13 18 15 22 12 23 9 50 7 42 11 30 10 37 8 49 2 27 6 31 1 37 
11 12 80 6 84 4 85 13 93 2 99 14 81 1 92 8 82 9 80 15 82 10 99 
8 8 56 15 94 6 56 9 81 13 60 7 91 14 95 5 99 
7 15 39 8 62 14 91 1 45 7 83 6 65 2 54 
10 12 70 9 91 10 95 3 74 2 78 6 83 13 95 15 76 5 71 1 74 
8 12 5 1 12 6 11 15 5 9 14 13 9 14 6 10 8 
8 15 37 1 42 10 87 9 97 8 97 2 94 13 68 7 91 
10 8 49 1 90 12 79 13 98 5 75 14 98 9 89 7 96 11 78 6 88 
6 8 95 9 95 14 98 2 95 1 99 3 96 
7 14 85 9 88 7 96 4 92 10 99 2 93 12 89 
8 6 4 11 6 15 9 5 4 14 9 2 11 7 6 9 10 
8 5 72 14 96 4 79 10 79 8 99 6 76 2 77 15 77 
8 5 12 10 16 9 31 13 36 6 29 14 32 11 19 7 18 
9 7 44 12 55 5 80 9 67 10 85 3 93 13 58 11 73 1 45 
7 15 96 6 97 7 97 13 96 8 96 10 96 14 98 
8 3 13 7 23 1 30 14 27 15 21 9 15 12 37 2 13 
6 6 26 2 49 3 32 1 51 8 52 11 29 
10 6 32 1 68 8 91 5 40 12 39 4 96 9 89 14 33 13 45 2 76 
11 2 7 5 17 7 17 1 21 14 19 6 18 15 17 10 15 3 10 11 7 4 13 
7 12 13 2 17 9 24 4 31 10 22 6 17 13 26 
11 11 41 8 42 14 42 13 70 1 89 15 88 4 75 9 55 10 98 3 62 7 58 
8 5 9 11 13 6 23 14 9 15 13 2 10 3 26 10 9 
7 15 86 8 88 5 90 11 92 9 88 3 93 12 95 
10 1 83 4 95 12 89 10 95 2 98 6 83 11 97 15 87 5 96 14 85 
8 4 94 7 99 14 97 8 94 11 96 6 97 5 94 12 96 
6 13 66 4 93 6 96 15 97 5 73 3 69 
8 4 12 15 27 1 30 7 18 6 14 9 32 5 14 13 13 
7 5 30 10 78 7 88 2 58 3 73 1 41 4 76 
11 10 99 13 99 2 99 9 99 7 99 12 99 5 99 11 99 3 99 15 99 14 99 
5 8 53 9 70 2 83 12 60 15 93 
7 10 81 6 94 11 93 1 83 4 93 9 91 3 84 
8 7 42 6 48 12 79 2 61 15 89 3 48 5 65 1 51 
5 10 78 2 83 6 88 7 90 12 97 
6 9 74 10 84 11 97 2 91 3 85 13 86 
8 12 63 15 64 9 93 11 90 7 90 10 69 3 71 4 94 
7 10 38 15 72 4 72 1 53 5 97 2 47 3 50 
7 2 82 14 88 15 90 4 93 11 88 8 91 1 82 
8 8 32 1 44 5 67 14 55 2 60 6 42 12 48 3 92 
6 3 25 8 34 5 53 6 39 11 37 2 40 
9 15 44 9 86 8 55 6 74 3 87 2 91 7 70 12 95 11 86 
8 2 86 6 89 8 87 10 89 11 96 14 86 13 95 1 93 
5 6 34 8 77 5 79 15 63 7 96 
7 7 55 11 68 4 85 5 70 3 70 1 72 10 59 
5 9 52 10 99 15 91 7 89 2 84 
6 11 77 14 98 10 93 4 85 1 78 2 78 
6 9 39 6 78 11 93 5 75 12 73 1 91 
