432 364 25
1 2
2 3
3 4
3 15
4 5
5 6
6 7
7 8
8 9
9 10
10 11
11 12
12 13
13 14
15 16
16 17
17 18
18 19
19 20
20 21
21 22
22 23
23 24
24 25
26 27
27 28
28 29
29 30
30 31
31 32
32 33
33 34
34 35
35 36
36 37
37 38
38 39
39 40
40 41
41 42
42 43
42 46
42 49
43 44
44 45
46 47
47 48
49 50
50 51
52 53
53 54
54 55
55 56
56 57
57 58
58 59
59 60
60 61
60 70
61 62
62 63
63 64
64 65
65 66
66 67
67 68
68 69
70 71
71 72
72 73
73 74
74 75
75 76
76 77
77 78
79 80
79 89
80 81
81 82
82 83
83 84
84 85
85 86
86 87
87 88
88 98
89 90
90 91
91 92
92 93
93 94
94 95
95 96
96 97
97 98
98 99
106 107
106 112
106 117
107 108
108 109
109 110
110 111
111 122
112 113
113 114
114 115
115 116
116 122
117 118
118 119
119 120
120 121
121 122
122 123
123 124
134 135
135 136
136 137
137 138
138 139
139 140
140 141
141 142
142 143
143 144
144 145
145 146
146 147
147 148
148 149
149 150
150 151
150 155
150 159
151 152
152 153
153 154
155 156
156 157
157 158
159 160
160 161
161 162
163 164
164 165
165 166
166 167
167 168
168 169
169 170
170 171
171 172
172 173
173 185
174 175
175 176
176 177
177 178
178 179
179 180
180 181
181 182
182 183
183 184
184 185
185 186
186 187
187 188
189 191
190 191
191 192
192 193
193 194
194 195
195 196
196 197
197 198
198 199
199 200
200 201
201 202
202 203
203 204
204 205
205 206
206 207
207 208
208 209
209 210
210 211
211 212
212 213
213 214
215 216
216 217
217 218
218 219
218 230
219 220
220 221
221 222
222 223
223 224
224 225
225 226
226 227
227 228
228 229
230 231
231 232
232 233
233 234
234 235
235 236
236 237
237 238
238 239
239 240
241 242
242 243
243 244
244 245
245 246
246 247
247 248
248 249
249 250
250 251
251 252
252 253
253 254
254 255
255 256
256 257
257 258
258 259
259 260
260 261
261 262
262 263
263 264
264 265
265 266
266 267
267 268
267 269
270 271
271 272
272 273
273 274
274 275
275 276
276 284
277 278
278 279
279 280
280 281
281 282
282 283
283 284
284 285
285 286
286 287
287 288
288 289
289 290
290 291
291 292
292 293
293 294
294 295
295 296
296 297
298 299
299 300
300 301
301 302
302 303
303 304
304 305
304 312
304 319
305 306
306 307
307 308
308 309
309 310
310 311
312 313
313 314
314 315
315 316
316 317
317 318
319 320
320 321
321 322
322 323
323 324
324 325
326 327
326 328
326 329
327 330
328 330
329 330
352 353
353 354
354 355
355 356
356 357
357 358
358 359
359 360
360 361
361 362
362 363
362 369
362 375
363 364
364 365
365 366
366 367
367 368
369 370
370 371
371 372
372 373
373 374
375 376
376 377
377 378
378 379
379 380
381 382
381 383
382 384
383 384
384 385
408 409
409 410
410 411
411 412
412 413
413 414
414 415
415 416
416 417
417 418
418 419
419 420
420 421
420 425
420 429
421 422
422 423
423 424
425 426
426 427
427 428
429 430
430 431
431 432
11 3 68 7 97 2 71 5 91 9 97 20 68 17 92 8 85 12 70 13 77 19 72 
10 17 29 3 68 21 49 24 62 4 69 11 34 13 50 19 47 12 41 7 69 
16 21 31 16 32 1 90 18 62 15 57 23 54 6 76 14 60 7 57 4 87 22 54 3 47 11 71 10 78 25 93 5 83 
18 3 59 7 67 13 77 11 87 2 77 22 82 4 84 5 90 10 84 8 81 19 87 20 92 15 60 16 70 23 80 18 78 9 63 21 65 
9 14 91 11 91 13 92 18 94 1 97 23 92 10 93 16 92 25 97 
13 19 3 9 5 1 3 20 6 5 7 6 3 22 8 8 8 25 5 4 6 7 9 11 5 16 9 
15 25 41 5 64 3 48 18 75 24 94 15 62 9 48 17 86 12 74 8 59 21 64 19 70 11 43 13 60 16 77 
12 1 69 16 79 9 95 6 80 20 85 23 81 15 69 8 84 18 83 4 91 21 72 12 89 
18 19 81 17 88 2 84 12 91 9 82 21 91 3 97 15 84 24 91 25 89 7 81 8 82 22 96 18 97 4 95 23 83 16 96 20 88 
15 20 29 17 73 16 77 5 69 23 56 21 73 18 42 9 59 12 41 22 85 11 56 4 31 8 56 10 41 7 57 
14 17 83 23 98 9 94 7 99 5 94 8 98 6 91 12 88 20 96 14 94 10 89 18 96 15 87 1 89 
11 6 39 4 65 16 73 15 70 17 90 23 98 7 92 21 54 19 63 1 61 8 44 
10 19 33 25 45 5 93 12 59 8 42 22 88 6 58 2 54 7 55 13 87 
14 10 44 13 64 25 77 12 86 5 60 24 78 23 72 20 94 21 74 9 70 7 48 6 52 4 79 2 62 
9 19 20 23 58 20 39 5 41 17 21 1 57 25 47 6 55 14 30 
12 6 10 22 25 7 22 17 21 14 19 13 17 24 17 25 12 23 28 15 16 12 18 19 19 
14 25 76 17 95 9 84 13 93 7 83 14 94 16 79 18 96 15 92 20 96 21 90 19 89 24 96 22 93 
18 19 93 9 94 23 93 2 96 10 96 11 93 18 99 17 93 20 94 13 99 8 96 3 93 6 95 5 96 4 95 24 96 7 95 25 98 
12 18 77 12 94 22 82 7 84 17 77 3 89 2 85 15 94 10 89 6 94 11 90 5 88 
11 5 70 13 98 3 95 9 95 20 95 22 86 25 86 17 80 19 74 18 75 23 82 
18 17 1 20 3 6 2 15 2 9 3 25 1 16 2 12 2 2 3 14 2 23 2 21 2 4 3 1 3 22 1 11 2 8 1 7 2 
15 11 95 8 95 16 99 7 97 9 98 14 98 24 98 2 98 5 95 23 98 18 95 17 99 15 98 13 95 20 99 
12 11 85 6 99 18 97 23 86 24 97 1 87 21 85 22 96 2 93 25 91 5 98 7 94 
16 21 75 22 91 24 93 16 95 9 85 23 79 25 84 10 78 8 82 19 77 14 95 17 91 18 93 7 75 6 88 1 89 
18 7 52 16 91 15 58 22 63 4 63 12 65 18 69 10 64 9 76 6 77 2 65 8 84 23 75 3 61 14 69 1 63 13 57 19 86 
13 9 87 24 99 15 97 2 97 7 96 8 93 20 98 19 96 10 87 5 88 21 92 18 94 16 91 
12 8 98 24 99 11 98 19 98 21 98 18 98 10 99 13 98 17 98 12 99 25 98 22 99 
17 13 77 4 91 5 80 14 87 2 91 3 77 1 97 18 84 20 78 22 78 15 89 6 79 9 83 7 81 12 81 23 97 21 90 
12 4 17 5 45 20 21 7 29 25 30 13 48 24 40 2 35 17 40 6 31 1 46 8 34 
18 16 65 15 80 24 98 20 75 11 99 7 73 5 82 10 88 1 78 3 73 17 86 2 90 6 90 23 83 12 88 4 85 25 93 22 92 
14 22 3 13 7 4 3 3 6 24 3 7 8 23 8 19 8 20 5 12 8 9 4 16 5 6 3 15 3 
9 8 35 4 41 23 99 18 96 21 54 16 54 1 84 11 96 20 82 
17 4 27 8 72 13 35 14 69 9 31 3 33 2 68 19 40 21 35 11 77 20 45 23 74 24 76 1 64 25 59 22 78 5 51 
18 11 3 23 8 21 8 1 3 24 8 10 8 4 9 17 8 6 9 13 7 14 6 16 9 18 3 12 6 2 7 9 5 20 3 15 5 
8 23 34 1 72 9 40 17 54 16 53 22 48 14 85 19 57 
11 1 64 6 72 13 87 12 85 4 71 7 96 20 66 21 84 25 81 9 81 15 75 
12 22 18 10 26 25 54 11 45 2 42 20 46 7 51 5 18 4 39 13 49 19 50 1 20 
15 6 69 24 70 5 84 12 99 15 76 18 93 14 73 17 87 22 69 8 76 11 97 16 87 7 98 23 98 25 88 
14 13 14 19 32 11 20 9 42 20 32 15 33 18 18 23 35 10 42 8 14 14 29 3 42 6 37 1 42 
13 21 79 6 88 2 80 14 80 8 90 20 97 18 88 9 93 23 92 13 96 7 98 24 90 1 97 
17 6 61 21 89 5 71 3 65 10 93 11 83 19 82 7 75 18 65 16 62 25 91 14 95 24 76 22 90 12 85 2 76 8 62 
18 4 19 5 47 23 20 14 28 20 43 10 48 25 29 12 43 11 20 13 28 7 48 2 35 1 23 18 53 3 45 22 34 17 28 8 48 
13 18 6 5 14 19 9 6 9 8 11 13 13 16 8 1 14 23 7 15 10 22 16 7 11 4 8 
11 15 4 22 8 10 5 5 5 14 7 11 6 2 12 8 10 12 6 9 4 1 5 
16 9 4 4 12 17 12 24 9 3 7 20 5 6 11 23 9 21 5 22 5 1 7 18 4 12 12 2 6 11 4 25 5 
9 20 54 5 85 22 57 9 56 12 74 4 74 19 63 25 70 13 94 
14 10 91 5 95 16 91 22 93 15 97 11 96 24 99 23 94 2 97 20 99 7 92 13 95 25 99 3 94 
17 17 97 21 98 1 98 20 99 13 98 22 99 3 98 23 98 7 99 15 97 24 98 18 97 14 99 11 99 2 97 4 98 6 98 
9 1 30 15 68 25 40 3 63 10 70 16 64 21 51 7 38 9 75 
16 7 41 25 96 19 94 14 60 5 76 11 59 18 59 4 49 2 45 6 43 12 63 9 63 3 57 10 57 1 79 20 84 
16 5 41 11 74 21 90 6 82 25 80 3 93 2 69 18 91 15 73 23 80 7 93 8 61 19 97 16 98 14 98 12 72 
14 8 49 11 97 23 74 18 56 2 80 6 99 14 61 20 90 22 78 17 83 12 74 3 68 7 92 21 98 
18 3 17 15 20 18 24 2 47 21 17 20 21 11 48 25 30 8 50 23 28 24 44 6 37 17 47 4 27 13 42 22 22 1 38 7 50 
18 6 2 16 2 19 5 25 5 2 3 1 4 23 2 20 4 10 4 8 5 14 2 22 2 15 3 5 2 11 6 13 3 9 6 17 5 
16 2 17 7 28 6 36 13 17 5 47 3 22 4 18 23 46 22 24 20 19 15 40 24 28 16 32 12 18 1 49 18 39 
16 22 67 19 90 5 83 24 82 25 74 1 92 20 96 7 67 12 67 17 75 16 93 11 95 14 94 10 87 23 99 8 86 
15 24 23 8 46 5 45 2 34 20 45 21 37 13 30 9 49 11 60 1 44 16 38 3 38 17 60 19 34 15 29 
18 19 69 8 84 7 82 17 92 22 95 10 76 15 91 25 72 4 78 6 73 13 84 11 85 14 92 5 84 3 81 16 97 23 89 18 96 
16 2 65 20 67 16 68 19 94 22 94 12 91 5 84 13 79 3 74 9 69 1 94 11 92 10 73 18 85 4 65 21 85 
16 6 29 22 79 24 37 17 66 21 41 20 52 15 46 12 31 7 76 11 76 2 36 25 76 9 50 3 62 4 85 14 61 
9 10 52 21 56 7 74 24 82 20 78 4 97 9 93 3 67 23 98 
12 2 55 13 76 24 79 4 55 3 95 5 59 16 64 10 80 18 61 6 78 12 66 11 63 
8 21 65 18 69 3 92 20 77 1 95 14 73 23 69 4 87 
18 15 25 11 67 23 75 20 45 4 40 5 62 21 61 9 33 10 63 24 70 18 56 7 70 17 64 19 40 25 61 12 52 16 64 13 51 
15 10 4 25 11 7 5 4 11 24 9 12 4 19 6 1 6 6 9 9 10 8 6 17 8 11 6 20 11 14 8 
13 15 20 5 34 2 50 16 21 17 31 10 37 21 55 19 59 14 32 6 39 7 58 13 39 18 22 
16 20 85 4 92 21 98 18 91 15 85 22 85 13 96 9 88 3 96 24 92 8 87 1 95 6 90 2 95 25 94 12 90 
16 19 32 25 47 10 63 14 72 1 89 21 48 6 62 13 72 12 42 22 75 15 49 9 76 16 78 20 67 11 91 3 64 
15 13 35 10 40 1 61 21 56 5 45 15 71 24 67 25 63 9 57 11 79 20 40 19 61 23 95 2 78 16 41 
14 2 18 6 21 25 18 23 48 9 25 3 21 5 31 12 35 24 29 8 49 14 41 18 32 10 44 13 31 
13 23 47 12 55 1 53 14 50 9 52 7 95 11 53 18 50 10 71 6 48 3 75 22 85 19 98 
13 4 90 8 99 14 99 7 91 19 90 13 92 24 94 22 95 6 90 20 91 11 99 5 91 10 98 
8 3 97 17 98 18 99 22 97 25 98 13 98 5 97 14 99 
13 25 2 15 2 7 4 3 5 17 4 1 5 19 6 13 4 24 3 14 3 23 2 18 5 6 2 
18 9 49 7 51 16 94 14 62 6 80 23 76 5 62 2 74 20 65 21 55 12 57 17 54 1 87 3 82 11 73 18 93 19 70 13 96 
11 25 25 1 62 19 52 4 70 8 73 3 37 6 31 11 25 20 74 22 56 17 57 
11 19 60 17 95 24 62 1 84 9 76 23 68 14 82 11 82 8 74 3 68 2 74 
10 20 71 11 86 14 83 1 82 19 90 3 92 5 90 7 72 25 93 24 81 
17 19 7 18 8 24 13 13 18 5 15 22 20 1 20 12 20 10 17 3 17 16 19 17 14 20 12 23 17 2 11 21 12 4 18 
16 5 75 15 84 16 98 22 91 7 80 4 79 8 75 19 98 11 82 20 84 21 97 24 85 23 90 25 99 17 78 18 98 
15 22 14 24 39 23 19 21 35 17 35 16 41 20 42 18 41 14 31 5 24 3 23 13 39 4 37 2 36 1 31 
18 23 67 25 80 14 96 24 89 18 67 10 94 21 98 12 74 7 67 3 67 2 74 9 91 15 92 11 84 4 93 17 72 5 78 20 75 
10 5 69 11 74 19 97 14 87 16 81 18 89 24 75 12 83 7 90 20 95 
8 2 24 13 68 22 35 6 46 5 28 15 64 14 60 25 61 
16 11 13 24 35 12 25 19 38 17 28 21 38 5 13 25 35 23 23 7 25 14 30 8 26 18 35 4 30 15 32 6 26 
8 7 19 24 57 16 57 21 41 23 51 11 36 20 19 1 49 
8 8 75 1 88 11 87 12 85 5 81 7 78 21 97 18 75 
14 14 43 2 52 10 54 7 83 1 75 15 99 22 76 4 76 9 66 3 73 12 77 25 86 18 90 21 45 
15 21 29 2 75 17 78 1 48 24 39 5 84 15 80 6 64 18 37 14 79 3 41 13 32 7 75 20 79 12 39 
17 13 26 2 29 6 41 19 51 25 70 3 69 21 73 15 32 23 68 20 68 24 59 5 71 4 30 18 35 22 74 16 77 14 76 
18 24 20 18 37 14 27 17 49 2 35 11 29 8 27 19 44 16 51 3 55 9 29 12 33 15 49 1 22 20 52 10 28 5 57 6 50 
11 17 20 5 44 24 47 25 21 9 24 12 20 16 56 19 41 20 57 1 56 6 25 
9 9 98 16 99 13 99 10 99 21 99 4 98 23 99 12 98 19 99 
11 15 42 23 71 8 73 22 76 4 59 7 87 20 61 17 71 1 72 12 90 13 58 
15 3 96 24 97 2 98 10 99 11 98 15 99 5 96 25 96 18 98 13 97 17 98 7 99 21 97 23 98 8 98 
18 22 84 3 96 6 92 10 98 2 87 25 91 4 93 15 92 18 96 8 86 11 89 19 96 21 94 14 91 20 99 12 88 9 98 17 92 
15 16 12 24 25 11 35 13 13 21 34 2 32 10 12 4 32 1 28 3 18 22 14 14 30 18 25 9 13 17 32 
18 25 85 20 96 9 88 14 86 4 88 5 97 8 98 15 86 16 98 17 88 13 97 3 96 10 96 7 99 2 86 19 96 24 86 6 90 
15 12 49 19 77 7 70 17 99 15 77 25 99 4 61 2 85 3 82 8 58 11 77 22 68 24 56 10 73 16 55 
8 23 35 17 88 2 62 24 42 6 43 7 47 4 64 11 54 
16 23 25 18 67 2 46 5 62 1 47 19 50 12 63 6 35 9 74 13 37 11 39 3 60 22 51 21 41 10 33 25 51 
12 17 87 18 95 24 94 10 89 22 97 11 89 21 93 25 88 3 89 13 96 20 89 6 87 
10 6 39 3 74 16 60 13 81 20 45 9 68 17 77 4 81 7 64 5 88 
15 12 67 9 85 22 83 24 71 5 89 3 75 10 84 20 82 13 93 19 70 15 69 25 82 7 95 23 69 18 78 
12 14 91 23 97 22 93 21 97 3 98 5 97 18 94 16 93 8 98 17 98 7 94 2 96 
17 3 27 12 52 10 42 22 28 8 46 21 32 24 28 23 35 13 48 1 71 2 70 19 69 11 57 5 73 18 81 15 39 9 56 
8 6 35 22 54 1 56 7 56 23 36 9 92 12 78 8 45 
18 23 42 25 55 14 64 6 75 22 62 7 80 13 87 8 84 12 66 21 96 3 53 11 68 9 88 15 42 24 70 5 43 18 84 20 91 
16 22 29 16 30 8 79 2 45 4 65 18 51 19 46 9 34 21 44 25 81 24 65 5 80 11 77 10 37 20 82 3 77 
9 17 68 12 87 18 96 6 97 3 78 11 82 16 79 20 71 13 96 
18 13 87 6 87 18 89 17 99 14 97 15 95 10 87 1 93 11 89 9 98 8 94 7 95 16 90 22 87 19 97 3 90 23 88 4 97 
9 25 22 5 43 12 44 8 65 1 62 10 48 16 54 21 49 22 47 
18 8 24 2 55 23 64 7 62 3 25 9 41 13 49 25 25 14 41 19 27 24 31 4 30 6 71 1 38 20 44 5 40 18 41 16 28 
18 14 79 4 89 16 85 25 92 24 91 21 91 9 97 10 97 15 79 5 91 3 89 2 90 20 96 12 88 23 91 1 79 19 91 6 91 
16 17 54 20 92 4 85 15 79 11 98 5 71 12 99 1 55 21 78 8 90 14 73 16 86 23 90 24 55 19 71 2 78 
15 10 25 2 45 19 51 9 29 6 34 8 31 16 45 20 56 13 31 7 73 3 50 24 64 1 66 22 59 12 61 
12 23 24 7 64 19 25 8 36 24 65 4 43 25 25 1 48 21 44 16 35 10 28 2 40 
15 18 13 8 15 12 31 4 23 5 13 17 39 14 18 7 37 20 17 1 39 15 28 3 21 2 35 10 32 6 13 
17 1 31 20 44 24 37 5 88 3 69 21 73 19 91 23 73 4 77 13 41 10 33 12 58 16 73 15 81 14 78 11 52 8 69 
8 19 62 1 77 24 63 23 99 8 65 2 62 3 75 25 94 
8 23 77 20 77 4 89 3 85 8 78 9 84 1 97 25 90 
12 12 46 13 63 24 54 21 83 17 87 18 65 20 52 9 88 14 95 22 68 15 70 6 57 
16 2 10 13 15 1 15 21 13 3 18 4 27 11 24 20 26 15 23 24 14 8 22 10 17 7 27 17 12 9 21 12 25 
15 8 3 25 8 18 6 23 5 24 6 2 7 22 5 6 9 9 8 13 4 4 9 10 8 17 3 7 6 16 5 
9 1 4 6 6 10 5 13 9 15 12 2 6 14 7 9 12 3 12 
11 5 91 9 96 21 93 3 93 2 95 10 98 17 95 11 91 22 96 7 95 12 97 
9 22 84 3 87 12 93 13 91 17 99 9 97 18 91 5 97 1 98 
12 12 64 19 75 20 72 14 70 1 81 11 99 2 94 22 78 3 71 24 79 8 69 13 76 
13 21 25 23 65 11 63 19 45 1 69 16 59 25 53 3 37 15 67 20 48 8 42 17 36 6 61 
11 21 12 11 25 16 19 7 14 18 22 9 28 24 23 12 36 6 14 19 28 2 32 
9 19 62 23 75 15 82 8 98 20 95 16 70 7 90 3 95 12 80 
14 3 47 21 72 7 69 10 60 13 89 24 83 1 72 11 85 9 67 17 55 20 51 22 77 6 64 2 50 
16 14 56 19 90 1 65 21 60 20 92 5 96 24 56 16 73 3 71 4 63 10 61 8 89 11 83 7 98 12 95 6 81 
14 5 86 6 97 1 94 10 93 4 92 3 98 23 91 11 90 17 86 25 93 21 89 20 88 13 94 24 88 
16 12 54 6 58 10 97 15 80 24 82 4 98 13 99 5 72 11 57 2 57 3 65 7 75 19 76 23 94 25 61 8 67 
9 23 33 19 90 9 68 7 92 13 63 18 81 15 80 24 37 10 93 
17 4 17 2 36 7 22 19 49 14 47 3 33 11 46 6 50 24 45 10 46 1 30 20 26 13 32 8 25 17 47 5 32 9 32 
11 16 27 20 81 12 58 23 46 15 38 14 78 21 60 25 54 24 32 8 28 19 35 
13 8 67 20 78 13 97 5 69 24 79 11 83 16 67 19 81 15 78 25 97 18 90 1 88 23 75 
8 9 80 23 91 4 87 3 97 17 91 15 80 20 92 2 98 
9 11 56 24 60 21 79 7 84 12 66 20 61 17 66 16 72 23 63 
13 14 96 25 99 12 97 2 97 10 97 20 96 3 96 11 98 9 97 1 97 24 97 8 98 5 98 
11 19 35 9 97 15 88 14 37 11 88 17 88 10 74 8 56 24 69 22 66 25 99 
9 16 95 3 99 11 97 15 96 24 98 19 97 5 97 21 95 2 95 
18 19 61 14 75 17 95 18 92 10 92 4 84 2 95 23 68 22 78 3 95 15 92 13 78 9 86 7 85 5 92 12 75 1 67 8 76 
17 21 66 1 99 19 87 18 67 2 91 25 92 14 78 8 72 10 86 22 92 3 86 11 66 6 82 12 79 16 95 4 95 23 97 
14 13 90 20 92 21 95 6 94 18 99 14 99 15 97 8 92 22 97 4 96 11 96 5 97 19 98 1 94 
17 16 43 25 55 18 83 6 86 19 90 12 53 13 89 2 74 3 80 4 53 11 45 15 77 14 79 9 88 7 44 22 74 1 75 
16 25 8 10 12 9 14 14 9 15 12 19 10 24 19 8 13 20 20 5 15 16 24 2 22 21 20 17 18 11 15 18 19 
18 18 52 2 56 11 86 24 59 22 69 3 56 16 77 8 90 1 94 19 78 20 66 15 56 17 96 21 66 6 54 10 59 23 76 12 75 
11 25 68 10 85 3 88 13 92 22 97 2 74 4 80 6 90 17 71 9 89 21 86 
12 16 51 3 58 21 65 4 75 1 72 2 98 8 71 25 88 7 69 11 64 15 84 6 97 
10 9 94 14 98 10 96 17 95 15 94 25 95 23 94 18 98 24 95 13 98 
17 24 60 8 82 22 98 17 69 4 86 25 70 6 68 10 88 11 71 18 91 23 96 19 75 16 63 14 91 1 83 3 67 2 97 
16 24 19 1 25 11 19 9 42 21 35 17 30 20 56 3 43 6 50 14 30 5 34 12 31 13 36 19 19 4 21 18 29 
12 11 60 16 75 19 79 6 78 17 69 8 83 10 86 4 70 13 93 2 61 12 98 15 65 
11 19 44 6 88 22 68 23 74 7 47 9 48 3 86 17 90 11 94 25 48 8 61 
15 9 89 6 91 12 93 14 96 21 89 22 93 5 90 4 99 3 92 23 91 11 94 2 97 8 90 19 95 20 90 
17 5 46 17 87 4 59 9 55 7 86 12 47 24 77 8 78 18 58 19 77 25 70 3 84 22 56 21 50 23 91 16 62 13 54 
16 9 8 1 9 21 13 13 9 7 10 18 13 17 20 22 17 6 18 23 23 24 13 25 21 8 10 3 12 12 19 19 9 
13 6 33 14 65 20 69 11 77 3 68 21 82 10 57 16 74 4 37 19 94 23 37 24 48 2 65 
8 1 74 11 97 23 76 6 96 12 83 5 84 8 95 18 78 
10 15 42 7 94 11 94 21 66 6 91 14 43 24 84 10 66 3 70 2 59 
14 6 89 4 98 21 97 7 96 23 96 18 94 24 94 19 90 20 99 11 99 13 96 14 98 25 99 16 89 
16 4 3 5 4 7 9 18 3 10 9 1 5 23 6 24 9 13 6 15 7 2 4 19 4 20 6 14 8 25 6 3 4 
14 13 76 8 85 4 85 23 79 19 81 16 77 21 93 9 91 14 95 2 84 3 78 5 86 12 84 18 84 
8 1 72 2 90 24 90 18 99 22 77 23 73 21 87 16 73 
15 9 35 5 37 11 77 14 46 25 81 19 76 20 88 3 54 1 42 6 50 24 37 17 60 12 45 13 74 18 60 
11 21 21 23 53 22 26 11 58 17 37 19 36 25 35 15 55 3 27 5 46 2 27 
18 16 73 6 89 5 83 10 91 14 96 21 87 1 76 23 80 15 86 24 97 8 81 18 78 4 95 25 82 9 80 3 82 7 87 2 74 
18 24 61 21 89 4 75 3 82 15 83 5 96 6 74 20 67 16 61 10 90 12 89 22 73 25 61 14 88 1 63 2 87 7 90 17 71 
18 17 11 21 28 11 23 13 29 24 25 12 29 5 24 18 23 2 26 9 19 3 30 23 26 19 15 4 17 1 18 7 11 14 33 10 19 
13 19 78 16 91 24 96 17 98 4 88 23 95 20 99 5 86 15 85 8 79 1 97 10 78 12 81 
16 14 96 10 97 1 98 20 97 17 98 7 99 5 98 19 96 24 97 18 98 22 96 9 96 8 99 21 99 2 99 15 99 
18 10 51 8 92 22 58 3 80 2 62 15 67 13 56 11 55 21 86 5 63 19 60 14 76 16 96 6 58 23 80 25 58 20 79 18 60 
12 5 90 25 96 11 99 1 93 21 93 12 96 9 96 2 94 7 95 4 91 15 90 24 91 
11 15 99 19 99 2 99 3 99 23 99 20 99 13 99 18 99 8 99 7 99 10 99 
14 13 37 16 82 15 97 12 65 10 44 2 61 7 67 22 70 18 67 17 95 20 74 5 70 6 62 21 66 
15 24 58 14 70 4 74 20 62 6 96 9 94 25 83 19 67 2 98 10 87 12 62 3 85 13 88 8 77 22 61 
10 19 79 13 91 4 94 10 99 5 98 2 79 16 98 22 98 3 91 6 91 
13 16 38 25 49 11 66 10 74 7 97 6 61 15 97 23 42 3 73 9 69 24 65 12 61 13 98 
15 18 86 6 97 22 93 20 93 4 91 7 93 14 92 15 92 5 92 25 86 23 95 13 90 9 88 16 98 21 91 
18 7 94 22 94 4 95 21 94 3 95 24 98 2 95 25 97 17 95 23 96 13 97 8 94 1 97 6 99 10 99 20 94 5 94 11 95 
17 13 89 11 94 15 97 14 98 5 99 7 91 1 98 23 93 9 91 3 92 17 89 20 92 8 90 10 91 2 91 22 92 4 95 
12 1 73 7 74 18 96 23 88 2 97 4 82 5 90 16 97 19 81 24 94 25 88 6 80 
15 7 63 4 97 14 83 1 87 20 88 21 85 10 91 24 84 6 81 8 79 16 79 12 96 17 90 5 83 11 66 
16 15 1 4 2 3 3 17 2 10 3 14 2 18 2 6 2 11 3 25 1 16 2 8 3 13 1 1 3 5 3 2 1 
16 18 75 12 99 6 76 9 82 15 94 24 86 20 86 10 75 8 93 2 85 22 96 13 86 3 83 23 79 17 96 14 99 
18 10 57 18 63 11 98 22 91 13 98 7 99 24 91 4 73 14 80 21 66 6 63 16 68 8 89 2 79 17 88 25 86 15 68 3 59 
9 16 26 7 44 8 78 11 64 15 77 4 60 17 70 24 56 22 61 
13 6 94 24 95 21 95 7 99 18 98 13 97 2 97 8 99 20 99 4 98 25 98 10 96 1 96 
17 22 76 20 83 13 83 19 76 24 90 15 81 11 89 17 84 2 83 14 98 4 96 6 98 9 80 5 94 10 90 21 99 8 76 
10 6 88 15 92 20 90 12 95 2 93 19 93 14 99 1 89 4 91 25 89 
15 21 76 3 93 20 85 10 92 23 78 5 78 18 88 17 98 13 92 1 95 7 87 12 88 9 76 24 79 16 94 
11 4 67 25 94 17 92 22 82 18 87 20 73 1 94 19 77 9 74 11 71 24 76 
14 1 28 25 57 24 46 11 76 22 51 2 58 20 38 10 82 5 68 16 32 21 30 6 58 18 48 17 57 
8 17 11 18 14 14 19 1 20 8 21 20 19 15 20 11 25 
14 19 97 13 99 2 99 3 99 5 97 22 99 8 97 14 99 10 98 21 97 20 99 1 98 11 97 24 98 
14 8 77 5 90 15 97 2 87 16 77 19 84 23 89 4 99 9 86 12 81 11 85 24 92 13 90 17 91 
17 13 5 16 13 2 11 22 6 19 10 5 14 18 5 24 13 4 5 23 15 3 5 11 10 14 8 10 8 1 14 25 9 20 9 
12 18 85 5 90 16 91 8 93 6 96 3 90 1 93 14 88 15 95 7 88 21 91 25 88 
13 9 57 22 61 15 62 14 67 1 79 3 83 20 99 17 72 12 68 25 95 19 88 7 59 16 70 
11 2 9 4 11 12 26 15 22 3 16 25 22 17 25 8 21 22 26 19 20 14 10 
17 2 8 8 20 23 12 16 19 5 10 9 23 10 23 24 19 3 13 4 14 1 22 19 11 7 14 25 12 11 17 12 23 15 24 
13 9 25 3 25 23 26 12 57 18 46 1 57 21 61 22 41 4 72 15 69 7 34 16 35 13 39 
12 11 67 14 77 23 95 20 81 3 88 2 87 21 76 25 97 1 88 16 74 12 95 15 76 
13 17 50 23 64 22 98 7 95 14 71 8 97 12 97 1 69 2 70 19 65 24 59 13 81 5 95 
16 14 97 24 98 13 98 20 99 25 98 8 99 3 99 16 98 9 99 23 97 6 98 18 99 10 97 5 99 12 98 4 97 
10 10 39 16 96 1 53 17 54 9 78 8 83 15 66 25 63 18 80 3 83 
13 17 27 8 57 11 41 21 80 2 80 16 27 20 78 6 28 9 72 13 52 18 45 5 32 12 62 
15 15 49 16 69 23 62 9 55 7 60 21 69 8 90 25 57 17 61 12 67 13 69 3 97 1 55 10 80 22 55 
12 5 96 2 98 20 99 7 97 17 99 19 96 3 99 9 98 6 98 16 98 25 97 13 99 
8 6 80 9 97 24 98 14 86 12 91 7 93 15 88 5 93 
17 8 68 18 83 11 83 20 73 1 68 24 68 13 97 23 79 14 74 25 81 19 76 9 88 5 78 7 98 10 83 21 76 12 77 
18 20 30 9 76 21 55 22 35 23 40 12 41 19 84 17 84 25 55 4 58 13 54 18 48 16 84 24 69 14 48 8 58 15 79 2 42 
9 1 94 9 96 12 98 5 97 18 94 6 95 7 97 15 96 21 94 
16 20 93 22 96 21 97 3 98 8 99 2 95 6 95 15 93 11 95 18 99 5 96 19 94 25 93 1 94 14 95 16 97 
9 18 86 14 86 12 94 17 97 16 95 10 87 2 97 6 97 20 93 
8 16 71 11 76 17 82 10 91 3 85 22 82 1 82 4 97 
12 25 16 3 24 1 41 11 20 2 41 18 27 24 39 17 37 4 37 7 20 20 32 13 17 
9 1 75 14 77 12 79 19 75 18 85 8 75 10 75 7 90 6 79 
16 4 94 10 95 14 96 8 97 18 98 22 97 13 99 1 96 5 96 17 98 20 96 2 95 3 96 11 94 12 94 21 98 
18 11 79 18 88 24 89 12 92 5 79 6 86 17 85 4 82 1 90 8 99 23 90 16 89 7 96 3 85 20 91 21 81 14 96 15 84 
11 18 10 25 26 12 16 6 24 21 29 23 24 14 28 20 16 10 25 22 16 7 12 
17 25 13 21 26 13 24 20 31 17 25 18 21 12 37 14 33 10 35 7 39 22 18 8 33 19 29 11 27 2 38 9 35 23 39 
9 21 83 8 96 24 92 18 95 19 93 11 92 12 94 9 86 16 94 
8 21 90 3 90 16 98 8 94 13 95 20 91 14 95 25 96 
15 25 81 13 91 3 90 5 88 6 87 23 96 10 94 19 83 21 86 2 81 16 82 12 97 20 86 18 99 17 94 
13 20 35 3 76 10 40 11 44 15 95 21 80 17 72 16 47 19 88 25 92 1 72 9 44 22 78 
18 13 93 10 98 2 97 14 95 22 97 4 99 1 93 25 98 23 97 12 95 18 93 11 98 7 99 8 93 15 97 6 98 3 95 24 97 
8 24 90 22 91 12 90 17 93 18 95 11 98 4 96 2 90 
14 16 97 6 97 8 98 10 98 19 99 13 97 17 99 25 99 9 98 14 98 1 98 21 99 3 99 20 98 
16 16 93 23 94 15 96 14 96 22 94 18 93 19 95 13 96 10 98 11 94 20 94 21 97 7 95 25 98 1 96 24 98 
15 2 60 5 85 3 92 20 63 16 68 4 95 22 82 6 94 10 72 23 85 9 84 17 83 13 62 7 71 24 86 
11 4 69 15 73 21 92 3 83 6 79 18 83 22 89 19 89 16 86 7 78 12 91 
16 5 49 3 54 16 79 10 90 15 95 25 77 19 85 7 62 8 88 2 68 21 90 22 98 23 78 9 91 6 78 17 55 
18 8 1 7 2 23 1 25 2 22 3 6 1 19 2 11 1 13 2 10 2 2 3 4 2 18 2 21 1 12 3 20 2 14 2 15 1 
10 4 13 1 23 5 13 12 14 23 26 14 20 21 16 20 38 22 18 16 13 
15 5 67 2 80 23 74 24 94 1 86 11 69 9 99 13 94 19 82 21 79 17 94 14 82 6 75 8 77 18 86 
9 21 30 11 54 2 59 16 84 1 71 22 56 13 61 25 31 19 49 
15 3 14 5 27 17 20 7 41 18 37 25 14 20 27 9 29 22 35 1 17 19 37 12 31 23 27 6 16 4 42 
9 3 54 7 82 13 90 23 60 8 64 15 59 12 89 25 82 9 75 
15 2 93 7 97 16 93 1 93 24 94 10 97 14 99 4 94 17 98 13 98 9 93 22 94 18 93 25 99 5 96 
16 20 14 25 38 5 23 4 23 9 29 16 27 10 33 8 40 24 18 12 28 22 35 13 21 3 42 21 31 18 15 1 17 
11 2 67 9 69 8 82 15 89 21 83 13 73 19 68 1 83 14 88 23 72 16 79 
10 5 56 17 75 7 89 11 93 10 68 25 83 24 89 20 96 19 75 14 67 
14 4 60 5 63 1 78 11 82 6 68 20 60 13 84 17 87 22 94 8 92 7 92 18 86 15 90 2 89 
8 23 64 18 93 9 76 10 99 14 91 1 96 19 99 21 93 
8 23 82 15 85 2 96 22 96 11 87 7 91 12 91 17 85 
8 10 96 5 97 23 96 20 96 2 99 21 99 12 96 14 99 
14 6 26 23 38 19 34 8 29 12 74 25 31 9 54 20 50 5 33 7 57 13 53 2 73 21 76 15 52 
8 5 13 13 19 22 19 18 22 16 31 25 25 19 22 6 18 
16 2 2 6 2 22 6 13 2 11 6 23 5 12 4 9 5 15 3 17 4 4 3 7 3 8 6 19 2 24 4 16 2 
8 25 10 15 11 5 15 11 15 8 13 10 24 24 17 16 18 
17 9 96 25 98 4 99 21 96 15 96 11 98 7 96 10 97 2 98 8 98 6 98 3 98 13 98 20 99 16 99 14 98 19 98 
10 20 12 5 36 21 21 23 32 10 33 17 32 8 22 22 36 19 21 4 13 
8 7 66 16 78 15 82 12 92 3 87 19 97 9 77 22 87 
15 4 13 12 20 6 24 9 19 8 17 10 25 15 37 24 18 21 38 19 35 22 30 14 22 1 26 17 35 16 21 
8 18 69 13 70 3 71 17 81 21 93 20 72 6 83 24 78 
11 10 23 9 54 5 50 14 56 20 46 24 34 22 53 15 46 8 66 19 62 2 48 
8 5 27 18 40 25 76 7 56 14 59 23 50 4 72 1 37 
11 17 86 20 90 11 87 15 97 1 87 19 94 13 99 12 88 23 99 21 89 8 94 
11 25 12 11 33 5 33 4 13 15 13 10 12 2 21 12 28 9 20 13 14 22 26 
18 11 65 6 71 19 73 4 70 13 89 14 91 1 88 10 92 23 79 21 86 3 77 9 98 20 97 18 71 8 65 7 96 17 83 25 76 
8 23 9 18 21 13 24 21 23 12 25 5 9 22 25 17 18 
18 11 57 6 77 5 82 21 92 20 73 24 99 9 83 23 88 16 65 19 75 3 99 7 61 22 60 14 59 13 93 10 77 17 92 2 61 
18 10 43 24 58 13 92 21 81 12 54 4 92 11 84 20 72 1 77 3 68 16 54 22 75 18 95 17 45 5 46 7 60 25 64 15 74 
17 14 42 21 67 10 57 4 91 1 42 7 72 19 67 2 60 6 45 23 69 24 66 22 93 11 52 8 64 18 43 17 56 13 49 
8 13 83 9 93 4 91 24 85 18 87 25 97 3 91 14 97 
18 9 60 19 63 24 64 4 88 1 67 7 87 13 64 17 87 5 85 11 92 3 61 14 72 22 71 6 64 10 74 20 74 25 79 18 83 
18 23 91 14 94 10 99 12 92 16 96 4 91 8 93 9 94 22 93 17 97 11 94 13 91 1 91 2 92 18 98 21 96 3 95 6 92 
16 8 59 13 67 15 76 12 88 5 65 10 95 2 72 7 93 1 76 25 67 11 68 17 85 18 69 16 73 19 65 21 99 
12 6 18 9 27 16 26 5 44 1 20 24 36 13 53 22 42 15 52 11 30 23 33 14 26 
8 21 15 1 37 14 38 10 21 6 17 23 34 12 20 19 41 
10 22 56 7 84 5 68 1 59 6 83 10 84 23 89 9 56 11 88 12 62 
16 3 81 19 92 8 90 18 97 22 88 23 85 21 83 25 88 14 91 1 82 7 81 20 83 10 87 4 81 9 89 15 96 
14 1 30 16 53 15 42 24 52 13 48 19 45 5 61 6 36 21 31 12 76 18 48 17 39 8 60 23 52 
10 2 19 14 50 10 55 4 45 6 55 17 53 13 24 25 53 11 21 18 55 
12 14 68 24 82 2 68 16 69 18 90 6 85 7 94 20 80 9 88 3 70 1 72 21 76 
14 14 32 1 59 15 68 22 55 8 87 11 50 2 79 19 70 16 85 4 88 23 93 17 37 7 44 10 43 
17 7 2 21 2 1 5 18 2 23 3 9 2 12 5 2 3 6 5 11 5 5 3 8 4 4 6 20 6 16 6 15 3 17 3 
9 23 86 13 88 5 99 1 92 10 90 22 88 6 90 4 94 9 95 
11 21 20 18 34 15 56 13 20 4 37 23 25 3 23 5 24 19 50 9 60 16 60 
10 24 81 7 94 17 94 14 93 1 91 22 99 25 89 19 99 8 97 4 81 
16 13 2 22 2 2 6 17 6 1 6 10 4 23 6 4 5 18 3 11 5 25 6 20 5 12 4 8 5 6 3 21 3 
10 23 54 8 99 17 57 4 73 14 71 5 63 20 91 2 89 15 61 11 97 
16 13 8 5 10 11 20 16 21 22 8 14 8 2 23 10 16 19 20 15 16 25 19 6 14 1 23 20 18 23 16 3 14 
18 21 66 24 75 3 86 2 68 16 87 11 84 7 72 18 85 4 68 13 81 12 82 1 97 8 89 14 67 10 78 19 95 25 80 9 97 
12 24 87 14 98 7 97 2 91 21 88 12 90 1 91 6 98 11 94 19 97 8 88 10 92 
8 15 94 10 98 1 95 23 94 25 96 12 94 19 97 14 99 
15 19 38 18 80 8 58 17 69 14 41 5 92 21 39 11 78 12 77 23 74 3 48 2 90 7 99 1 74 15 64 
16 10 43 11 80 24 58 6 74 21 99 22 56 13 60 14 82 16 53 7 68 8 53 12 82 3 51 23 44 18 45 4 56 
17 24 18 4 30 22 36 25 40 13 27 17 50 11 31 18 44 21 47 9 42 12 26 1 20 20 46 6 44 14 33 15 38 7 37 
10 18 52 12 83 23 80 4 72 15 60 6 74 10 60 21 72 8 84 3 65 
10 20 51 14 64 16 87 8 53 15 57 10 72 21 70 4 70 19 58 12 91 
10 3 36 12 98 20 39 19 46 10 42 22 93 13 61 25 83 6 89 16 54 
8 13 19 10 25 19 54 22 54 23 36 25 40 14 54 21 25 
11 14 65 5 82 3 74 8 97 4 73 6 68 15 68 24 85 25 69 12 90 10 71 
9 25 44 13 77 2 87 20 49 22 93 3 82 17 90 11 60 6 59 
10 5 57 1 90 25 95 23 81 13 74 9 77 3 76 22 57 18 97 8 69 
15 14 33 19 46 23 65 25 50 15 92 18 73 24 34 17 75 2 78 3 56 20 88 10 94 22 39 11 74 1 91 
11 16 46 1 76 12 84 8 95 18 90 2 77 13 74 24 67 5 70 3 50 19 53 
8 7 99 9 99 12 99 4 99 16 99 22 99 17 99 2 99 
8 10 77 18 89 15 97 5 86 21 91 22 96 3 82 7 79 
8 24 46 4 46 6 47 9 50 12 79 18 88 8 89 14 74 
17 10 9 11 21 2 13 6 22 1 26 8 11 24 19 20 17 25 10 3 13 4 24 15 23 19 26 5 15 22 18 9 10 13 22 
18 4 28 5 47 18 62 13 43 19 39 21 59 1 65 3 45 25 71 20 54 14 83 6 43 15 55 7 83 8 37 17 53 16 31 10 78 
13 22 65 5 93 20 86 6 77 4 71 9 90 24 67 25 67 23 85 19 99 12 94 13 73 15 66 
17 17 10 3 11 1 12 21 16 25 11 23 23 11 19 22 12 14 12 6 12 13 28 10 17 5 11 20 13 12 14 18 25 19 22 
17 23 74 22 97 3 86 18 90 13 75 19 95 5 98 12 84 20 93 24 96 8 80 1 81 25 87 16 83 9 95 14 76 7 84 
18 9 5 20 15 12 14 19 8 14 15 1 8 16 13 23 13 21 12 13 13 7 15 3 11 25 11 22 9 5 7 6 9 15 10 2 11 
10 4 84 6 92 18 85 12 88 21 89 3 88 13 86 15 94 14 89 25 92 
17 13 30 22 40 6 63 7 76 9 34 19 63 18 32 5 86 17 78 3 73 25 71 16 43 1 61 4 32 11 62 8 31 15 35 
13 5 13 23 23 25 30 19 20 6 36 1 19 16 28 10 22 7 37 24 27 17 19 8 18 11 38 
15 19 22 10 29 18 28 5 41 4 45 21 52 17 41 25 35 15 56 6 35 1 45 20 63 14 52 24 33 13 55 
16 2 80 12 91 15 87 16 96 14 96 6 88 11 96 9 86 23 96 19 84 3 87 5 94 7 80 13 94 17 89 10 97 
8 19 37 25 43 14 67 10 94 17 45 9 47 11 98 1 73 
16 11 5 19 14 22 10 23 12 17 13 2 13 13 10 24 10 16 8 25 11 4 15 14 15 20 10 18 6 15 11 10 6 
13 11 68 5 76 23 77 24 69 9 75 20 75 18 84 4 92 14 69 8 94 1 72 25 92 17 96 
9 3 28 17 49 15 64 5 46 2 68 12 62 23 32 18 38 14 60 
8 15 93 17 96 16 95 18 99 9 93 3 99 24 99 23 95 
12 20 65 25 86 14 91 8 98 17 94 15 81 7 73 2 91 13 72 11 73 6 93 4 73 
10 23 90 19 98 9 95 11 92 1 92 10 98 6 90 16 97 7 99 2 94 
15 1 79 10 98 21 82 22 89 7 80 14 98 12 95 19 95 3 92 23 88 24 85 13 87 6 92 17 80 18 90 
12 8 77 6 79 12 89 15 94 9 98 23 91 22 98 13 97 1 78 20 95 11 94 2 82 
15 11 13 3 37 18 22 17 20 8 25 24 27 6 20 25 22 2 31 1 15 9 26 15 14 10 19 23 27 13 34 
17 18 79 5 95 21 93 6 87 15 87 7 80 25 99 4 95 16 88 8 96 2 86 13 79 12 94 19 92 17 92 22 98 23 91 
18 12 94 19 96 21 97 23 96 15 94 8 99 13 99 2 94 24 98 22 97 16 96 11 94 6 98 18 95 4 99 20 97 25 95 5 99 
16 24 84 4 86 25 96 13 92 19 94 6 94 8 86 22 88 12 97 20 95 10 85 16 87 15 98 21 92 2 89 3 94 
11 7 98 21 98 17 99 3 99 20 98 16 99 19 98 10 98 22 99 23 99 8 99 
13 24 36 12 73 7 82 8 76 15 74 2 90 11 50 22 83 21 51 25 74 13 66 18 60 14 44 
16 3 56 24 65 16 99 9 90 6 64 18 67 10 81 1 86 22 63 2 68 4 98 21 86 7 70 13 59 15 79 20 73 
12 25 3 5 7 6 4 22 7 12 9 23 9 7 8 13 9 21 3 19 8 16 9 8 6 
12 5 99 17 99 14 99 9 99 3 99 16 99 21 99 23 99 7 99 20 99 6 99 22 99 
18 1 31 16 48 3 90 6 55 7 66 21 58 13 73 24 93 25 33 5 91 10 88 17 32 23 54 12 44 2 54 8 58 11 52 9 91 
9 4 19 25 20 6 32 5 21 8 25 17 33 16 27 24 47 1 31 
18 2 69 24 91 22 98 6 97 19 87 8 70 7 98 10 98 5 93 11 77 18 83 21 82 1 76 20 76 16 99 15 92 9 87 17 71 
9 24 5 23 11 20 12 9 7 5 6 18 6 8 7 22 5 2 10 
15 11 34 12 55 8 60 14 37 6 78 22 87 7 99 3 50 13 60 21 79 9 34 1 75 5 73 20 98 2 93 
11 12 40 23 74 4 40 15 71 11 49 5 57 3 88 10 69 7 78 21 97 24 60 
8 1 52 21 62 12 62 20 85 3 76 7 79 13 80 11 78 
11 25 94 13 96 7 99 6 98 23 99 20 95 8 98 2 99 9 98 1 95 18 96 
14 20 98 17 98 15 98 21 99 8 99 23 98 25 99 9 99 19 99 3 98 18 98 6 98 10 99 13 99 
14 15 94 14 96 19 94 6 96 10 99 17 99 16 95 5 97 25 99 20 99 23 94 2 98 12 94 4 97 
18 21 66 24 97 3 84 17 77 13 99 5 91 16 68 10 92 9 69 18 71 6 78 7 72 14 90 22 82 20 95 11 99 15 77 2 81 
18 6 35 16 69 12 43 4 39 22 99 21 64 5 91 13 40 1 43 24 55 15 43 11 74 3 80 17 75 18 69 7 76 8 38 10 92 
9 12 63 5 92 8 85 4 95 6 77 25 90 3 87 18 65 14 83 
17 10 76 22 92 2 83 25 87 1 96 6 92 20 98 23 94 8 95 7 94 5 96 17 79 12 92 19 92 21 98 15 93 4 84 
11 5 64 25 99 8 75 10 91 16 97 7 65 19 75 20 97 22 94 14 80 18 99 
17 15 13 5 16 13 21 14 20 18 15 1 14 20 29 9 37 17 14 2 29 8 36 21 33 11 31 10 39 16 13 7 39 19 25 
16 4 66 11 99 24 80 18 75 22 96 13 80 16 71 12 93 19 95 10 96 14 73 17 76 20 74 3 89 8 77 7 68 
10 2 83 19 83 15 88 25 83 7 89 8 95 13 86 14 92 9 95 6 90 
8 9 61 1 66 19 92 18 97 12 71 3 95 16 65 22 79 
13 12 2 25 5 3 2 1 3 23 3 6 4 2 6 18 3 21 5 24 4 9 4 4 3 15 2 
11 1 52 11 63 8 80 5 94 6 87 17 96 3 74 10 69 23 98 7 56 12 52 
10 14 2 22 3 24 6 21 2 13 4 20 4 5 5 1 3 2 6 6 6 
13 19 91 14 97 17 97 25 97 5 97 15 99 9 97 18 93 24 99 3 97 1 96 8 94 10 98 
8 24 82 25 87 12 92 3 82 22 97 2 83 6 92 4 83 
15 7 80 22 81 11 94 17 95 15 82 23 81 25 83 9 92 19 93 4 92 2 99 14 91 13 85 20 95 6 97 
9 9 95 24 98 14 97 8 99 11 99 25 97 20 97 12 95 4 95 
10 24 71 8 76 19 72 9 71 7 88 20 80 23 71 25 93 4 73 17 94 
17 14 60 20 83 24 68 9 76 25 66 23 86 1 68 11 75 19 81 16 74 2 61 21 68 13 92 4 63 18 87 10 87 8 84 
18 2 36 16 94 1 90 6 66 14 49 21 74 15 39 13 49 19 48 3 92 10 51 12 95 5 89 4 42 24 59 9 69 22 37 11 72 
16 4 70 11 88 14 81 9 73 23 99 24 87 18 88 22 94 15 78 16 77 7 72 10 88 5 87 6 79 19 78 17 88 
9 24 92 11 94 16 95 17 98 21 93 1 98 23 97 7 97 8 96 
15 16 19 12 22 14 39 17 35 22 51 21 33 15 30 2 54 11 27 5 27 23 27 13 25 4 20 9 40 20 53 
14 7 33 13 82 5 90 9 37 1 88 24 93 18 41 12 36 25 37 15 34 4 44 21 98 3 82 22 62 
14 21 92 12 92 13 97 5 96 11 99 14 97 9 93 7 96 4 96 8 93 16 98 1 96 22 94 18 96 
9 9 64 8 70 3 75 1 87 12 89 10 89 16 91 24 97 5 76 
17 18 40 5 84 12 52 23 56 11 79 25 86 21 94 2 52 16 43 3 80 4 70 8 94 24 65 1 53 7 83 15 46 22 44 
12 5 18 20 34 21 37 2 19 7 21 17 40 16 31 9 26 12 48 19 45 22 32 8 41 
11 16 41 6 66 8 99 17 81 21 66 15 88 4 45 12 51 11 74 25 96 19 59 
12 24 94 3 97 11 94 22 95 6 94 12 99 16 96 15 97 7 97 18 94 1 98 9 94 
18 12 19 16 29 6 57 13 38 15 26 1 31 19 23 8 19 24 34 18 54 22 55 21 29 20 20 17 40 10 43 25 54 23 47 7 32 
18 12 30 10 60 3 65 15 61 1 54 13 35 16 42 23 35 17 75 6 68 5 85 9 51 14 65 8 70 19 34 4 30 2 61 18 88 
14 7 76 6 95 25 77 3 85 8 94 9 76 4 92 24 81 23 85 2 96 5 85 21 94 17 81 20 86 
12 3 13 4 29 10 21 22 13 13 33 6 32 2 17 11 31 16 21 20 29 24 21 23 32 
8 21 13 4 33 2 31 13 21 8 27 12 38 14 32 11 29 
17 17 95 8 99 12 97 13 95 23 98 9 95 21 95 16 98 24 97 7 98 18 99 6 96 10 98 11 95 22 98 5 96 15 99 
15 23 62 9 69 17 84 2 81 10 85 22 89 16 85 6 99 13 94 4 96 19 78 7 89 8 83 20 98 3 97 
9 22 20 15 42 7 53 3 33 10 40 8 20 11 51 4 45 2 33 
18 2 65 22 75 12 70 15 68 6 92 8 93 16 84 4 88 14 70 21 88 18 96 11 86 3 77 25 92 20 94 17 99 24 78 23 67 
16 11 54 5 66 3 65 23 73 12 55 16 87 25 69 22 61 17 70 6 56 2 69 7 66 18 92 10 84 19 84 1 93 
16 4 57 23 97 18 72 14 99 3 84 5 83 25 99 21 98 24 84 19 84 8 61 22 59 11 84 20 91 16 91 1 93 
16 13 70 17 95 20 88 7 84 4 71 12 70 23 98 5 81 9 94 11 70 15 77 22 88 1 92 25 81 19 72 10 70 
15 4 2 23 6 2 5 22 2 3 2 15 2 10 5 18 3 9 5 11 4 1 5 6 2 7 2 8 3 20 4 
8 25 25 2 30 4 31 6 26 3 38 20 55 19 26 23 67 
10 8 99 10 99 7 99 22 99 24 99 17 99 5 99 4 99 23 99 20 99 
18 2 44 9 53 11 50 22 54 15 89 3 50 7 88 5 78 4 84 13 51 8 65 24 86 1 80 6 75 14 58 21 64 25 97 18 96 
10 22 81 6 90 13 90 21 95 5 90 12 85 17 95 16 81 20 84 25 91 
12 14 70 12 79 7 84 11 89 5 93 20 97 16 98 9 94 1 82 24 83 22 74 19 94 
11 17 95 19 97 16 99 18 99 6 96 7 98 2 98 21 95 20 95 4 99 22 96 
9 23 9 2 25 8 9 14 23 18 26 3 25 9 23 5 24 21 22 
8 5 4 21 10 18 4 25 6 9 4 7 11 20 12 16 10 
12 10 92 6 95 16 98 9 93 3 93 21 99 22 99 20 99 24 99 4 93 2 98 7 99 
17 12 1 20 3 3 2 23 3 10 2 4 3 6 3 5 2 19 1 8 3 24 1 21 1 1 2 13 2 11 1 2 2 18 1 
12 5 24 8 59 25 39 1 65 24 63 20 64 23 61 12 45 6 37 19 58 10 24 22 66 
18 13 65 16 75 15 91 11 80 19 88 17 87 6 95 7 66 22 66 3 71 10 89 21 80 12 79 25 73 1 77 24 87 9 66 4 75 
16 18 14 5 32 8 32 14 24 4 14 23 42 7 19 2 18 22 36 25 37 10 34 20 34 12 36 13 42 15 19 11 15 
17 14 17 18 26 4 23 24 43 16 21 9 33 10 38 25 29 6 23 13 50 3 25 23 41 21 26 20 42 17 18 22 21 2 47 
8 6 12 7 17 11 25 1 34 22 26 25 17 14 33 24 18 
10 17 55 19 96 5 69 22 90 7 63 25 60 13 57 21 59 20 65 15 64 
14 7 96 14 97 5 96 9 97 15 97 17 99 10 96 2 98 8 99 16 96 4 97 21 96 18 98 3 97 
16 7 93 18 96 10 96 24 96 25 98 6 95 17 96 8 95 12 96 2 94 19 93 11 95 23 99 4 97 5 93 3 96 
17 16 86 21 98 20 92 3 89 8 88 15 90 18 98 22 87 24 89 14 93 11 89 9 88 6 92 1 97 4 95 19 99 2 94 
15 13 13 9 30 23 31 3 31 7 24 1 30 2 13 18 37 21 39 16 30 22 31 14 17 10 34 15 18 5 31 
9 13 53 3 87 5 98 14 94 4 71 21 62 9 88 18 54 7 90 
10 7 60 14 80 18 63 15 83 1 79 13 90 23 73 3 86 20 78 17 69 
13 8 37 16 52 18 83 20 65 7 90 19 40 5 62 15 96 4 46 13 70 1 60 25 49 22 96 
18 12 39 1 53 15 57 16 51 6 60 21 76 11 58 7 44 14 94 13 63 2 49 23 83 8 74 20 95 24 59 19 82 9 41 17 77 
9 22 5 24 10 1 9 4 6 7 12 9 15 23 10 6 13 14 15 
16 13 91 23 91 3 97 14 97 10 98 21 96 19 95 4 96 11 99 17 95 1 95 22 95 18 98 25 91 7 95 9 91 
14 6 95 22 95 15 99 2 97 24 99 9 96 21 98 4 99 1 95 7 98 16 97 13 99 14 96 18 97 
13 12 96 23 96 10 98 5 99 6 99 11 96 4 97 16 98 18 96 1 98 9 97 13 99 17 97 
8 19 97 7 97 2 98 10 99 16 98 25 99 21 99 14 97 
8 3 97 21 97 15 99 16 97 24 97 22 97 2 98 4 98 
13 3 58 7 75 14 76 22 83 23 59 12 87 9 69 8 58 13 75 5 86 18 73 4 65 6 84 
14 11 65 7 71 25 75 22 97 3 76 1 91 2 81 21 85 16 98 8 68 15 93 10 85 14 76 9 86 
15 9 37 18 58 1 63 16 47 15 95 21 72 11 87 5 94 6 47 20 66 13 66 23 82 2 93 8 84 12 57 
17 11 61 19 93 15 82 6 91 9 61 10 89 5 79 24 82 14 76 23 66 25 78 8 72 22 74 3 74 20 65 16 96 17 90 
14 10 54 5 66 13 84 1 98 21 76 23 64 9 78 19 68 11 56 4 98 8 75 24 86 18 59 16 72 
18 14 41 13 93 3 63 11 45 7 80 17 59 2 84 20 46 15 85 22 50 21 67 23 54 12 54 19 55 4 93 5 57 6 58 16 97 
18 19 76 1 93 22 83 5 86 8 86 11 87 10 84 14 81 18 94 23 78 7 96 25 87 2 87 3 78 4 86 20 96 15 85 24 83 
16 22 80 10 96 13 90 20 90 18 93 5 99 21 85 19 84 2 97 3 87 7 90 1 90 23 89 12 82 15 81 11 87 
9 13 97 25 99 16 98 14 97 11 99 8 97 10 98 3 98 24 98 
10 7 73 20 83 9 89 4 93 8 91 24 80 16 84 13 83 22 99 19 74 
12 20 90 14 97 3 98 10 94 7 95 11 96 25 92 16 96 21 90 18 98 23 94 1 92 
15 15 80 11 83 16 96 6 92 10 99 14 88 18 80 13 95 21 89 2 85 9 96 24 83 3 92 1 81 17 93 
12 6 34 13 50 18 86 2 80 21 47 25 96 10 40 7 78 8 69 22 66 5 64 15 56 
10 12 85 8 98 9 91 4 85 24 85 11 85 1 86 5 88 25 89 22 85 
16 24 75 23 86 13 80 9 75 5 98 14 99 15 84 4 76 11 85 16 94 7 99 21 90 12 90 10 95 3 80 18 85 
18 19 6 12 16 9 12 17 17 15 15 10 10 8 10 11 9 14 6 22 17 6 12 7 17 4 14 21 9 20 17 23 8 24 12 18 6 
