164 149 10
1 2
2 5
3 4
4 5
5 6
7 8
8 9
9 10
9 11
9 12
13 15
14 15
15 16
16 17
17 18
18 19
20 21
21 22
22 23
22 24
25 26
26 27
27 28
28 29
29 30
30 31
30 32
30 33
34 36
35 36
36 37
37 38
39 40
40 41
40 42
41 43
42 43
44 45
44 47
45 46
47 48
49 50
50 51
50 53
50 55
51 52
53 54
55 56
57 58
58 59
59 60
60 61
60 62
60 63
64 65
64 66
64 67
65 68
66 68
67 68
68 69
69 70
71 74
72 74
73 74
74 75
76 77
76 79
77 78
78 81
79 80
80 81
82 83
82 86
83 84
84 85
85 89
86 87
87 88
88 89
90 91
90 93
90 95
91 92
92 97
93 94
94 97
95 96
96 97
98 101
99 101
100 101
101 102
103 104
104 107
105 106
106 107
107 108
109 110
109 112
109 114
110 111
111 116
112 113
113 116
114 115
115 116
117 118
118 119
119 120
119 123
120 121
121 122
123 124
124 125
126 127
127 128
128 129
128 130
131 132
131 133
131 134
132 135
133 135
134 135
136 137
136 139
137 138
139 140
141 142
142 143
143 144
143 146
143 148
144 145
146 147
148 149
150 151
151 152
151 154
152 153
153 156
154 155
155 156
159 161
160 161
161 162
162 163
163 164
3 10 53 6 95 2 62 
4 3 16 2 26 8 31 1 35 
5 2 67 8 98 1 72 9 94 10 72 
6 3 5 1 12 10 15 2 8 9 9 5 7 
5 7 69 6 82 10 80 3 71 2 77 
3 1 8 7 20 8 24 
7 1 2 2 3 8 3 9 4 6 4 10 4 7 2 
4 6 89 2 99 4 96 1 98 
4 8 85 5 94 6 86 2 89 
7 6 83 2 99 10 96 7 83 9 96 1 91 4 83 
7 5 41 9 41 1 61 3 46 7 78 10 65 2 62 
5 6 34 3 97 5 93 9 87 7 47 
5 4 33 7 93 10 67 3 77 6 79 
5 10 12 4 24 2 23 1 26 9 29 
4 2 30 10 43 3 40 6 47 
6 7 21 6 46 9 25 10 57 8 33 2 49 
6 6 49 4 86 10 95 5 93 7 90 1 72 
3 10 2 8 5 1 5 
6 1 91 10 94 3 95 4 97 8 91 5 95 
4 5 23 2 39 4 39 8 47 
7 8 59 2 77 9 71 10 69 1 68 7 82 5 98 
7 4 56 5 69 7 96 2 70 10 60 6 96 1 86 
6 4 50 2 70 1 66 9 87 6 91 7 94 
6 3 55 2 57 4 75 1 55 7 78 5 55 
7 7 95 10 95 5 99 1 97 4 99 3 97 8 99 
3 3 87 6 96 10 97 
4 5 44 8 92 7 54 9 46 
7 4 65 9 85 5 68 6 72 10 97 1 76 2 72 
6 5 93 10 94 6 99 1 98 9 94 3 99 
3 10 85 1 90 4 89 
5 4 87 2 99 3 95 7 87 10 96 
4 4 72 7 95 6 78 9 84 
7 10 1 8 3 6 1 7 2 9 3 2 2 3 3 
4 9 38 5 61 1 83 7 75 
4 2 86 8 86 6 94 3 94 
3 5 65 2 66 6 78 
4 5 3 3 5 2 8 6 7 
4 3 1 7 3 9 3 1 2 
6 2 64 3 86 7 76 4 93 5 98 8 98 
3 7 4 3 6 9 12 
7 1 98 10 98 4 98 5 99 2 98 7 99 6 99 
3 1 61 3 95 7 73 
3 8 75 4 89 9 84 
7 1 89 8 93 4 97 5 98 6 89 10 94 9 92 
3 4 79 6 79 9 79 
4 7 51 1 75 2 81 8 89 
6 2 73 6 85 3 82 10 76 1 74 4 84 
7 1 6 3 17 10 9 8 18 4 11 2 10 9 17 
7 6 58 1 84 10 72 8 88 2 98 7 84 9 71 
5 6 97 8 98 7 98 10 97 9 99 
7 1 6 8 11 3 11 10 9 2 13 7 18 5 14 
7 10 77 6 92 2 93 4 82 5 95 1 77 9 87 
3 5 7 10 7 8 20 
3 5 55 3 93 8 94 
7 8 21 3 29 5 31 6 44 1 50 4 52 9 37 
6 3 89 8 90 5 95 2 89 1 98 7 93 
6 7 8 2 11 4 24 3 16 10 13 9 18 
5 4 9 8 17 7 19 6 25 3 17 
6 7 13 9 25 5 36 3 36 8 16 6 33 
3 10 26 4 67 3 46 
6 10 30 3 65 6 68 9 85 7 40 5 36 
3 3 99 7 99 6 99 
6 4 56 1 56 5 74 10 80 6 73 9 61 
6 9 26 4 50 7 26 10 62 8 61 5 67 
6 2 28 8 38 4 36 1 83 6 82 3 55 
5 10 20 6 53 8 20 5 21 9 38 
3 4 85 10 90 2 98 
3 2 70 9 78 4 91 
5 1 10 2 25 7 15 6 28 9 22 
4 3 97 1 99 2 97 4 98 
6 9 89 7 96 4 93 3 96 8 98 1 89 
6 1 64 4 90 10 88 9 87 6 74 7 68 
7 9 94 4 97 10 97 3 99 6 99 5 99 1 97 
7 8 56 4 92 6 78 5 84 7 63 3 98 10 75 
3 2 31 1 38 8 84 
3 4 9 1 18 9 15 
6 7 78 9 97 6 96 2 92 8 89 4 91 
7 10 79 9 87 8 95 6 87 7 98 2 96 3 85 
6 9 59 5 81 7 95 3 70 4 76 10 68 
3 8 27 10 44 7 30 
7 7 69 3 83 9 97 8 87 10 72 5 92 2 96 
6 5 51 1 81 7 91 9 84 2 75 8 52 
3 10 74 2 80 6 85 
7 1 56 10 68 8 60 9 96 4 62 2 90 6 65 
6 10 16 1 41 7 33 9 48 6 20 4 32 
4 4 20 5 42 10 51 2 30 
4 4 48 8 76 5 77 10 53 
3 8 56 7 68 6 61 
6 9 6 7 10 2 16 3 13 10 9 6 18 
7 2 21 8 50 4 61 7 23 6 22 1 31 9 41 
6 8 20 7 20 4 22 1 39 9 31 10 37 
3 8 22 5 65 7 47 
5 2 34 4 40 5 61 6 79 8 89 
5 5 45 3 82 10 59 2 82 9 85 
7 1 60 10 67 9 60 8 67 5 72 6 64 4 66 
3 5 38 2 60 3 84 
3 9 78 4 84 6 92 
5 1 90 5 98 9 99 6 91 7 93 
5 6 87 3 87 5 94 4 99 2 95 
3 10 44 6 91 4 75 
7 6 65 10 96 3 98 5 68 1 67 7 79 2 93 
7 4 6 1 8 7 13 3 6 9 16 8 14 6 13 
7 2 25 6 27 4 59 9 34 5 37 3 71 1 41 
6 5 13 2 25 4 31 10 27 9 30 1 24 
3 5 49 4 72 1 73 
3 8 50 3 88 7 87 
6 8 92 2 94 1 99 10 99 6 96 5 96 
6 10 6 2 10 4 17 6 10 3 17 9 17 
4 2 56 4 77 1 92 3 75 
6 4 26 7 46 5 38 6 46 2 74 10 53 
4 9 57 1 64 10 62 6 76 
4 8 86 7 96 5 89 3 96 
7 9 33 6 52 2 76 4 91 10 45 3 87 7 57 
6 3 7 5 10 7 16 6 20 2 10 4 21 
7 5 55 3 67 8 97 6 70 1 84 4 80 9 81 
5 9 55 1 71 4 99 2 69 6 95 
5 1 31 6 74 2 82 3 90 7 39 
3 10 80 6 99 8 87 
5 7 40 3 55 8 92 9 81 4 68 
7 8 51 2 68 1 60 10 52 7 98 3 67 9 74 
4 5 34 10 62 3 71 2 48 
4 2 51 4 95 3 57 9 85 
6 4 70 7 96 9 91 6 82 10 89 1 97 
3 6 84 5 98 3 89 
3 5 39 8 93 4 93 
6 8 55 5 69 1 59 7 98 4 73 6 67 
5 9 72 6 80 3 98 5 80 1 79 
3 5 49 10 57 6 81 
6 10 54 2 71 4 70 6 67 7 78 5 56 
5 1 75 2 84 5 81 3 87 7 89 
7 8 6 6 18 5 13 9 17 3 13 10 15 4 11 
4 5 62 10 90 1 83 2 94 
5 4 23 1 33 10 51 8 60 6 38 
4 6 59 1 73 4 69 5 71 
7 10 24 5 29 3 62 8 66 4 40 7 57 1 68 
4 3 63 9 90 2 65 5 65 
3 1 50 2 73 10 96 
4 4 3 7 7 9 7 2 7 
7 4 29 8 78 6 65 9 74 3 50 10 85 2 74 
5 10 6 3 12 2 8 9 6 1 16 
4 7 73 2 95 1 98 8 89 
7 9 24 6 65 1 47 2 35 5 27 8 42 3 69 
7 8 64 3 83 9 96 7 91 5 89 2 81 6 91 
6 9 83 10 89 4 91 5 86 1 89 2 97 
4 8 50 3 88 6 76 1 94 
5 2 80 9 98 1 92 5 90 10 83 
6 8 95 6 98 7 96 10 98 1 97 2 95 
3 2 86 8 91 6 99 
7 5 33 4 84 9 85 7 85 3 95 10 78 1 68 
6 2 77 6 91 5 92 7 88 10 95 1 97 
4 2 11 8 17 3 27 10 31 
4 6 56 4 97 5 67 10 99 
4 8 86 6 99 10 96 5 97 
7 6 62 8 93 7 99 1 76 3 99 10 76 5 82 
3 2 51 8 86 3 82 
7 8 45 7 71 6 58 4 73 3 86 9 63 2 47 
6 10 87 3 89 6 97 2 90 8 99 9 98 
6 3 81 1 93 10 95 5 87 2 94 9 89 
3 3 68 1 79 6 79 
3 9 89 10 91 2 93 
5 3 7 10 21 9 11 4 13 8 14 
7 10 75 7 76 1 92 5 97 8 81 6 91 4 90 
4 2 69 10 85 3 72 5 91 
5 1 67 8 72 4 80 2 89 7 70 
