170 153 20
1 2
1 3
2 4
3 4
4 5
6 7
6 8
7 9
8 9
14 15
15 16
16 17
16 20
17 18
18 19
20 21
21 22
23 24
23 26
24 25
25 28
26 27
27 28
28 29
30 31
30 32
31 33
32 33
33 34
35 36
36 39
37 38
38 39
40 41
41 46
42 43
43 46
44 45
45 46
46 47
47 48
49 50
50 51
50 53
51 52
52 55
53 54
54 55
56 57
57 58
58 62
59 60
60 61
61 62
63 64
63 66
64 65
66 67
68 69
68 71
69 70
70 73
71 72
72 73
74 75
75 76
75 78
75 80
76 77
77 82
78 79
79 82
80 81
81 82
83 84
84 85
85 89
86 87
87 88
88 89
89 90
91 92
92 93
92 94
93 95
94 95
96 97
97 98
98 99
98 101
98 103
99 100
101 102
103 104
105 106
106 107
107 108
108 109
109 110
110 111
110 112
113 116
114 116
115 116
116 117
118 120
119 120
120 121
121 122
123 124
124 129
125 126
126 129
127 128
128 129
129 130
130 131
132 134
133 134
134 135
135 136
136 137
137 138
138 139
140 143
141 143
142 143
143 144
145 146
145 148
145 150
146 147
148 149
150 151
152 153
152 154
152 155
153 156
154 156
155 156
156 157
157 158
159 160
160 161
160 163
161 162
162 165
163 164
164 165
166 167
167 168
168 169
168 170
9 3 56 6 96 17 98 18 63 7 65 12 74 5 82 9 77 14 65 
8 14 98 15 99 17 99 6 99 8 99 7 99 5 98 18 99 
14 17 62 19 89 10 83 14 74 20 65 7 96 15 79 1 68 3 84 11 93 12 78 8 81 9 91 4 88 
12 13 30 4 72 7 60 9 38 8 31 6 75 15 38 17 55 20 71 14 50 5 64 11 31 
8 12 56 6 99 5 65 20 72 11 90 14 74 3 93 4 66 
10 11 92 5 97 14 94 7 99 17 94 6 97 12 98 20 96 18 92 8 98 
11 8 17 10 29 6 21 17 39 19 17 12 51 9 46 16 42 7 23 1 19 3 47 
10 6 34 12 94 4 74 3 75 7 93 9 69 19 38 20 48 18 73 10 40 
14 18 94 5 98 3 94 14 98 12 96 10 94 7 94 6 97 15 96 20 97 16 94 13 97 17 96 19 98 
12 19 46 6 55 12 64 2 95 3 60 4 89 8 80 20 51 1 58 14 95 5 52 10 68 
7 10 38 19 68 14 87 12 86 18 79 5 49 7 70 
11 17 84 5 86 4 94 20 95 16 92 7 90 18 87 19 99 15 89 13 88 10 93 
7 17 73 9 77 15 87 10 80 19 78 5 90 6 88 
14 6 36 13 55 11 61 7 52 15 76 8 88 19 62 2 68 10 37 1 96 5 64 4 38 9 92 16 40 
11 3 8 14 16 10 9 8 9 4 11 17 18 1 21 18 12 19 17 16 9 12 8 
11 17 84 1 94 15 92 6 87 8 99 9 93 18 98 16 86 2 92 7 91 20 95 
9 11 49 12 62 2 56 3 83 15 84 19 90 13 90 5 83 10 64 
7 17 12 20 36 2 26 5 31 6 23 1 17 10 15 
13 7 21 14 46 19 42 13 25 17 51 10 28 15 42 2 27 4 50 5 29 18 33 12 24 16 44 
10 3 84 5 98 17 88 6 92 1 94 14 92 12 97 11 90 8 86 7 87 
9 20 14 6 25 16 17 2 40 13 21 10 21 12 34 18 21 15 39 
10 2 44 13 73 6 94 14 46 17 75 15 59 9 55 1 85 10 93 16 47 
11 14 81 10 86 16 91 11 90 2 86 4 90 9 89 5 99 7 94 12 86 15 96 
14 8 25 16 26 17 71 13 60 6 65 4 59 11 36 7 39 9 67 3 47 20 29 1 48 18 45 14 46 
10 20 52 11 98 8 66 19 60 12 85 3 96 4 64 17 63 14 95 9 73 
10 12 87 2 87 3 89 1 92 9 88 6 98 11 87 5 87 18 95 8 97 
6 15 92 3 92 14 96 1 95 18 94 16 96 
12 16 34 13 85 17 54 10 48 2 57 14 64 15 51 6 41 20 75 7 45 11 80 9 77 
8 11 79 13 99 16 88 4 87 3 94 10 79 6 80 7 92 
8 18 30 16 61 17 88 19 65 14 63 7 42 12 44 11 68 
13 4 5 1 11 20 6 3 14 13 5 10 15 2 8 5 13 14 15 9 7 17 10 6 9 19 6 
10 20 82 6 82 5 84 9 85 13 97 11 86 1 84 18 82 19 87 7 98 
14 15 99 13 99 16 99 6 99 1 99 18 99 11 99 10 99 3 99 12 99 17 99 2 99 20 99 9 99 
9 4 64 8 81 12 84 7 73 2 96 14 76 6 71 20 85 15 72 
13 13 20 1 39 3 22 5 55 7 29 2 59 19 22 15 31 12 23 20 35 18 60 9 28 10 26 
9 8 57 6 65 17 64 11 59 4 87 13 81 1 65 10 63 16 86 
10 9 46 10 84 8 56 16 49 13 55 6 64 7 80 19 93 17 46 18 51 
13 7 49 9 65 13 91 10 57 19 88 5 83 4 62 15 98 1 83 17 82 12 72 11 60 20 67 
10 5 52 3 81 19 56 8 75 2 85 4 78 7 64 17 65 6 56 9 56 
11 11 7 1 16 9 16 16 9 6 11 19 7 10 16 2 11 18 16 12 21 3 19 
11 9 33 11 33 14 49 12 61 16 68 17 54 4 67 3 95 13 43 19 94 10 81 
12 13 39 14 78 3 90 4 53 9 99 1 95 8 78 16 48 10 75 12 86 15 60 7 48 
9 11 4 16 5 13 7 8 11 12 12 1 9 19 5 6 4 17 7 
11 17 10 15 23 1 30 16 22 20 15 2 23 11 19 12 28 9 17 6 13 8 18 
14 5 67 2 81 19 93 14 98 3 83 15 97 16 93 17 69 7 79 20 82 8 99 10 69 9 99 6 83 
6 5 82 15 94 13 94 19 85 16 82 17 93 
11 6 84 17 87 13 95 10 85 1 99 2 91 4 90 14 92 15 95 11 94 19 96 
7 15 59 17 92 2 69 7 87 3 88 12 89 5 76 
10 2 2 11 5 12 4 4 5 10 4 19 4 15 2 16 6 17 2 6 5 
9 16 73 20 93 19 73 8 94 17 94 5 85 9 92 3 82 15 79 
7 13 73 11 96 20 94 6 94 16 87 5 84 9 85 
9 11 23 1 39 5 64 8 27 7 27 18 55 13 64 3 68 10 37 
11 6 83 20 86 16 87 19 96 18 88 2 93 1 90 7 95 4 97 10 85 14 91 
10 2 59 6 82 18 73 9 98 17 72 3 67 8 80 12 86 16 84 10 76 
7 16 5 20 8 7 15 1 15 18 14 11 11 13 6 
14 4 34 2 82 1 79 6 62 17 80 9 39 10 34 8 36 11 45 5 36 3 94 15 99 7 54 14 59 
6 14 3 8 5 13 9 17 7 5 3 6 5 
10 19 49 8 54 1 92 10 98 4 86 13 82 5 56 20 83 16 88 6 84 
9 7 74 10 74 3 88 2 99 18 86 19 95 11 86 20 96 17 96 
14 15 2 19 6 5 5 3 5 1 5 12 4 9 4 14 4 17 4 16 3 11 4 4 4 10 4 18 4 
10 4 43 18 69 2 60 19 54 11 73 8 87 15 64 9 51 14 83 1 89 
13 15 69 14 98 2 84 13 77 5 99 17 78 3 98 20 71 8 76 7 94 1 85 4 97 6 78 
8 3 97 9 98 10 98 4 99 2 98 20 98 17 99 5 97 
6 8 36 19 87 3 86 2 63 17 93 18 37 
14 2 75 16 85 20 88 17 91 7 89 18 96 13 89 11 94 14 83 19 82 10 79 1 82 9 98 12 85 
10 14 81 15 99 6 82 16 99 18 91 1 95 17 88 4 83 9 93 2 83 
11 9 43 10 69 13 78 3 63 7 44 14 85 2 68 8 87 15 50 18 64 20 65 
13 15 18 8 22 13 25 14 40 3 19 11 27 12 53 4 24 17 25 2 20 5 28 7 40 6 41 
12 9 92 2 97 3 98 10 92 19 94 18 99 16 95 6 97 8 99 14 93 20 95 13 93 
11 5 2 6 5 19 3 9 3 13 5 14 6 3 5 20 6 7 2 10 6 11 4 
13 6 87 1 97 17 96 16 97 12 95 15 94 5 91 9 99 4 89 3 95 18 95 11 96 19 92 
12 6 2 10 3 20 2 5 2 17 3 8 3 19 2 4 3 2 6 15 6 3 3 12 3 
9 13 85 16 85 2 89 4 85 19 91 9 98 17 86 5 88 15 91 
7 11 16 20 35 10 30 15 17 6 31 5 43 4 16 
13 3 57 13 88 12 96 8 64 1 86 19 75 10 75 17 57 4 79 18 82 16 72 14 70 20 90 
9 12 46 11 91 13 68 15 73 6 82 20 82 3 68 9 94 18 61 
8 16 14 9 14 12 20 13 40 7 26 5 38 3 23 1 29 
10 10 94 5 96 6 97 19 94 7 99 9 98 15 95 17 99 20 95 3 95 
14 14 28 11 62 8 57 20 41 16 70 1 51 4 38 6 82 13 78 19 83 2 31 15 73 18 49 7 81 
13 18 74 11 91 7 81 15 93 16 87 20 98 2 80 3 82 19 96 17 77 14 88 12 81 6 87 
9 10 29 2 60 8 49 20 72 17 85 13 33 18 72 9 44 4 86 
7 16 83 6 90 15 97 13 89 2 85 1 85 9 86 
14 4 26 18 77 6 46 7 52 10 32 2 60 17 66 16 51 1 43 20 40 13 69 15 54 9 73 12 35 
13 5 71 17 80 4 88 10 87 12 79 13 81 14 92 3 82 9 84 11 96 16 84 8 92 6 71 
10 11 4 12 6 9 7 1 5 5 12 17 6 3 8 8 6 19 7 13 5 
13 19 44 13 49 10 89 9 67 6 49 18 60 2 48 1 48 11 81 3 68 20 94 12 46 4 94 
9 18 65 5 90 13 86 2 96 3 97 8 80 6 81 10 84 1 82 
11 9 7 8 11 17 7 19 17 2 21 3 16 15 20 10 16 12 21 4 15 1 20 
10 12 28 8 69 3 40 4 57 14 61 16 69 11 30 1 52 7 54 15 72 
6 8 98 20 98 16 99 1 98 12 98 2 98 
12 19 94 13 97 7 95 3 97 6 95 12 94 5 99 15 97 18 96 1 95 4 96 10 96 
11 15 84 18 96 9 89 16 92 10 96 20 91 7 84 6 85 13 90 12 87 4 91 
11 1 2 7 4 20 4 15 5 3 2 9 5 13 2 2 3 4 2 18 6 11 6 
10 2 67 8 75 1 77 14 73 11 88 4 97 3 83 7 80 15 85 6 78 
10 20 40 5 98 11 80 9 93 10 62 8 55 16 49 19 57 15 91 6 42 
10 16 1 11 3 9 2 10 3 20 2 13 2 7 3 15 1 19 1 8 1 
12 18 46 1 70 20 91 12 61 8 78 9 69 14 77 2 85 10 77 11 94 19 69 16 95 
11 2 79 18 89 15 99 14 85 4 81 7 98 10 87 5 97 8 79 12 85 16 98 
11 3 73 10 88 12 73 8 81 9 92 2 73 6 79 19 85 1 85 17 82 18 85 
8 15 13 5 38 19 37 8 13 10 26 4 37 16 35 12 27 
11 16 32 19 59 1 42 6 36 7 47 5 82 12 46 15 83 11 48 17 37 3 76 
12 17 84 14 91 6 99 1 86 9 93 7 85 8 93 11 96 20 95 12 88 18 95 10 95 
11 10 23 13 53 17 49 18 34 14 26 15 38 7 58 9 60 16 40 11 44 4 25 
13 17 21 11 38 14 57 13 21 7 59 5 25 2 56 8 37 19 60 20 41 4 51 18 31 1 57 
9 11 72 13 87 15 74 6 92 19 82 8 98 18 83 5 95 9 91 
8 9 11 1 19 13 12 15 30 14 12 10 26 6 12 18 13 
13 20 56 2 69 3 73 19 70 7 61 13 77 1 93 14 79 12 58 9 77 10 73 8 70 11 61 
14 11 71 5 91 7 89 4 97 9 97 6 80 17 99 18 73 3 75 12 81 10 99 19 80 20 89 13 85 
11 1 54 14 76 19 87 13 71 12 57 18 89 16 54 4 55 11 85 20 86 6 98 
12 1 72 14 82 9 96 6 83 5 94 4 98 7 90 10 90 20 90 18 95 13 76 11 91 
7 14 49 18 93 9 79 4 61 17 93 5 63 7 93 
10 11 39 5 83 10 48 12 81 18 73 13 68 7 42 2 76 14 80 20 45 
6 12 32 15 48 18 92 6 61 2 72 8 71 
10 19 74 16 85 2 97 20 86 6 76 9 88 13 93 3 92 7 81 1 98 
6 5 71 20 99 3 84 9 84 2 90 16 98 
9 17 95 14 97 6 97 15 97 9 95 13 99 20 99 10 96 12 97 
7 20 27 12 39 15 63 6 77 19 36 13 77 5 54 
8 8 69 14 99 20 86 19 76 18 95 1 69 3 92 12 85 
13 20 63 19 94 3 69 6 91 8 78 1 82 10 91 12 96 15 66 2 88 9 78 16 86 17 81 
11 2 32 11 57 19 48 9 61 17 71 14 80 3 57 4 81 18 84 15 70 7 42 
6 10 32 16 46 9 59 4 54 20 65 11 91 
13 1 2 19 2 13 2 2 6 20 6 16 6 14 3 18 6 8 4 3 6 10 3 6 5 15 4 
10 14 70 12 98 8 94 19 79 16 71 10 74 3 97 20 94 17 96 6 93 
13 19 24 8 55 2 51 11 39 3 69 20 27 6 53 4 34 14 64 15 64 9 66 16 52 10 46 
8 17 80 16 82 18 82 1 84 4 98 15 86 11 94 12 85 
9 19 39 9 46 17 76 4 52 5 67 11 85 12 59 14 59 18 54 
9 5 92 15 99 18 97 9 99 13 94 16 93 8 94 20 93 12 94 
8 2 65 17 84 11 70 12 88 14 94 3 89 10 90 7 80 
13 5 91 7 94 19 91 18 96 6 94 20 98 16 99 14 97 12 95 9 93 13 91 2 92 4 91 
10 4 3 14 6 9 5 17 8 8 6 20 7 5 9 7 5 6 3 10 3 
7 7 7 2 19 19 21 10 11 5 21 1 19 8 11 
13 5 33 8 71 16 84 10 74 19 34 9 78 3 49 12 73 15 60 7 51 18 78 13 86 14 95 
11 1 1 2 3 18 3 20 2 19 2 10 2 5 3 15 3 16 2 9 1 8 3 
8 14 91 20 91 3 97 7 99 16 94 8 96 1 93 9 98 
13 5 2 11 4 14 5 3 5 4 6 16 4 20 5 8 3 2 2 1 2 12 6 6 3 15 5 
10 16 50 7 62 4 98 14 57 13 94 6 52 19 59 18 85 10 94 8 84 
12 20 78 19 98 13 94 17 82 15 80 5 96 3 90 9 99 2 84 4 91 14 97 8 85 
6 5 41 19 95 13 79 18 65 4 74 14 59 
9 17 31 10 92 8 51 7 39 6 74 1 88 9 40 2 76 15 82 
13 17 11 12 21 6 22 13 33 8 31 19 21 1 32 16 32 3 25 18 27 2 30 9 32 5 11 
10 14 14 5 31 2 16 9 20 13 41 18 29 3 25 6 41 17 38 7 31 
12 20 19 8 42 2 55 6 32 12 30 17 35 14 37 15 26 7 37 19 24 9 51 10 40 
14 7 95 6 97 8 95 9 97 10 96 13 99 15 95 1 96 2 95 20 97 3 98 19 97 4 99 14 97 
12 14 67 7 73 6 82 19 79 5 96 3 88 18 80 17 67 10 72 2 81 4 82 12 91 
13 13 69 1 72 17 86 7 93 19 71 14 84 4 73 20 84 8 92 15 71 6 81 16 98 3 84 
9 20 29 13 31 8 58 12 80 9 66 4 53 16 78 18 36 10 59 
7 12 95 15 95 16 95 14 96 10 97 19 95 3 97 
13 9 19 4 37 6 27 1 38 10 44 8 19 12 19 19 30 17 43 15 50 2 49 14 45 18 49 
13 3 71 8 89 7 82 12 75 15 94 11 96 17 71 1 71 5 86 13 88 16 91 14 92 9 83 
8 3 9 1 25 11 14 15 15 6 26 19 17 18 11 17 13 
8 11 55 10 55 5 70 3 71 12 55 17 97 2 66 19 70 
8 13 66 8 66 2 74 11 72 19 93 1 69 9 84 6 94 
9 11 24 6 34 8 63 16 45 9 32 15 59 4 43 14 60 7 40 
6 9 49 8 72 18 87 14 64 11 51 5 94 
9 6 72 17 72 18 95 20 87 4 94 12 89 10 88 11 75 9 91 
10 4 37 15 73 11 39 20 88 9 82 12 66 16 40 14 56 3 55 19 86 
6 8 30 13 76 10 77 2 54 14 54 5 51 
12 20 48 14 50 16 70 12 55 11 69 6 73 17 76 4 98 5 90 9 72 10 53 15 99 
9 15 4 1 6 6 8 14 11 16 10 5 6 19 6 8 10 3 11 
10 7 33 12 50 1 97 3 75 8 40 9 81 5 50 15 43 14 58 4 44 
9 17 14 5 34 16 26 2 21 19 32 3 20 18 15 11 18 13 27 
8 7 19 19 19 14 51 18 30 16 46 15 49 11 56 12 53 
8 8 42 18 89 6 95 11 66 2 62 12 44 9 68 10 64 
11 1 13 17 14 6 27 20 38 3 33 2 38 9 21 14 19 4 36 19 24 12 22 
10 7 68 2 99 20 71 16 80 17 77 6 96 10 74 4 87 13 89 15 89 
6 20 4 15 5 17 6 4 12 6 4 11 11 
13 19 17 11 31 7 24 9 26 17 50 2 28 6 23 5 31 3 32 20 33 15 19 13 18 12 21 
6 10 34 12 46 5 50 2 39 17 34 20 95 
10 3 88 10 95 8 88 1 93 14 99 6 94 12 88 7 94 19 90 20 90 
13 1 22 3 38 4 52 15 65 5 58 13 50 10 23 6 63 20 23 9 54 7 38 18 43 17 28 
