423 388 20
1 2
1 6
1 10
2 3
3 4
4 5
5 14
6 7
7 8
8 9
9 14
10 11
11 12
12 13
13 14
14 15
15 16
17 18
18 19
19 23
20 21
21 22
22 23
23 24
24 25
25 26
26 27
27 28
28 29
29 30
30 31
31 32
32 33
33 34
35 36
36 37
37 38
38 39
39 40
40 41
41 42
42 43
42 48
43 44
44 45
45 46
46 47
48 49
49 50
50 51
51 52
53 54
54 55
55 56
55 60
55 64
56 57
57 58
58 59
59 68
60 61
61 62
62 63
63 68
64 65
65 66
66 67
67 68
69 70
70 71
71 72
72 73
73 74
74 75
75 76
76 77
77 78
78 79
79 80
80 81
80 83
80 85
81 82
83 84
85 86
87 88
88 93
89 90
90 93
91 92
92 93
93 94
94 95
95 96
96 97
97 98
98 99
99 100
100 101
101 102
103 104
104 105
105 106
106 107
107 108
108 109
109 110
109 113
109 116
110 111
111 112
113 114
114 115
116 117
117 118
119 120
120 121
121 122
122 131
123 124
124 125
125 126
126 131
127 128
128 129
129 130
130 131
131 132
132 133
134 135
135 136
136 137
137 138
138 149
139 140
140 141
141 142
142 143
143 149
144 145
145 146
146 147
147 148
148 149
150 151
151 152
152 159
153 154
154 155
155 159
156 157
157 158
158 159
159 160
160 161
161 162
162 163
163 164
164 165
166 167
167 168
167 173
167 178
168 169
169 170
170 171
171 172
173 174
174 175
175 176
176 177
178 179
179 180
180 181
181 182
183 184
184 185
184 190
185 186
186 187
187 188
188 189
189 195
190 191
191 192
192 193
193 194
194 195
198 199
199 200
200 201
201 202
202 203
203 204
204 205
205 206
206 207
207 208
208 209
209 210
210 211
210 213
210 215
211 212
213 214
215 216
217 218
218 219
219 220
220 221
221 222
222 235
223 224
224 225
225 226
226 227
227 228
228 235
229 230
230 231
231 232
232 233
233 234
234 235
236 237
236 240
236 243
237 238
238 239
239 246
240 241
241 242
242 246
243 244
244 245
245 246
246 247
251 252
252 253
253 254
254 255
255 256
255 263
256 257
257 258
258 259
259 260
260 261
261 262
263 264
264 265
265 266
266 267
267 268
268 269
270 271
270 277
270 283
271 272
272 273
273 274
274 275
275 276
277 278
278 279
279 280
280 281
281 282
283 284
284 285
285 286
286 287
287 288
289 290
289 298
290 291
291 292
292 293
293 294
294 295
295 296
296 297
297 306
298 299
299 300
300 301
301 302
302 303
303 304
304 305
305 306
306 307
308 309
309 310
310 311
311 312
312 313
313 314
314 315
314 319
314 323
315 316
316 317
317 318
319 320
320 321
321 322
323 324
324 325
325 326
327 328
328 329
329 330
330 331
331 332
332 333
333 341
334 335
335 336
336 337
337 338
338 339
339 340
340 341
341 342
343 344
344 345
345 346
346 347
347 353
348 349
349 350
350 351
351 352
352 353
353 354
354 355
355 356
356 357
358 359
358 360
358 361
359 362
360 362
361 362
362 363
363 364
377 378
378 379
379 380
379 386
380 381
381 382
382 383
383 384
384 385
386 387
387 388
388 389
389 390
390 391
392 393
393 394
394 395
395 396
396 397
397 398
398 399
399 400
400 401
400 405
401 402
402 403
403 404
405 406
406 407
407 408
409 410
409 414
410 411
411 412
412 413
413 418
414 415
415 416
416 417
417 418
418 419
6 9 76 14 93 3 84 20 86 16 81 17 95 
9 15 13 5 29 6 26 10 13 2 20 13 22 19 21 14 29 9 17 
7 2 51 17 99 10 81 7 79 19 72 20 54 4 87 
12 11 65 5 90 16 99 6 96 3 82 10 96 13 72 12 92 14 85 2 97 1 91 7 72 
11 18 76 2 87 1 94 10 93 5 95 16 79 17 82 8 90 11 88 12 83 4 85 
6 4 20 9 44 17 37 15 23 8 25 2 28 
7 10 54 20 59 17 73 5 99 7 67 14 60 1 70 
12 16 16 4 41 17 25 7 36 6 36 19 43 2 32 20 23 15 33 1 16 9 22 14 31 
10 12 41 2 50 11 47 3 96 8 79 4 72 19 96 1 95 14 87 7 54 
9 2 72 7 72 19 90 5 72 20 80 4 79 8 84 12 92 17 73 
13 17 57 7 67 2 95 11 63 10 80 5 92 19 82 8 66 9 94 13 92 3 81 20 86 1 89 
8 1 97 19 97 3 98 4 99 5 99 18 98 20 98 8 98 
6 2 50 11 69 4 70 8 78 15 50 1 81 
9 8 11 1 28 12 17 3 23 10 26 19 19 4 32 20 33 18 18 
12 5 49 9 89 10 67 3 87 11 85 16 62 18 89 12 95 15 88 7 51 4 67 13 71 
7 8 43 7 50 5 87 12 78 20 89 11 81 17 66 
9 7 47 20 90 14 89 19 87 3 57 10 58 2 83 13 96 15 88 
12 14 53 18 55 6 54 4 53 20 67 7 86 12 69 5 66 9 67 10 68 2 96 13 79 
13 7 87 19 96 9 96 11 96 20 97 13 95 14 96 12 94 3 87 10 88 8 92 1 90 5 95 
13 7 41 17 76 8 47 9 42 2 45 12 67 16 98 20 99 19 75 1 46 6 78 14 73 4 77 
13 7 10 1 18 3 13 12 29 4 10 6 11 17 14 8 10 14 13 5 30 11 10 10 13 18 11 
14 12 95 5 95 11 97 17 98 6 99 9 98 1 97 13 98 10 96 7 97 20 98 14 95 4 99 3 98 
7 4 27 3 74 14 54 9 65 19 71 7 43 15 79 
13 1 94 5 95 16 96 7 97 12 95 17 97 9 96 15 96 18 99 4 99 6 98 14 95 11 97 
11 18 91 16 97 20 97 5 98 8 92 15 93 3 94 17 99 19 94 2 98 7 97 
12 13 12 17 28 20 19 7 34 1 19 8 32 11 25 4 12 10 28 19 14 3 29 16 12 
8 13 50 18 79 7 53 4 82 12 50 9 67 17 73 6 86 
12 18 32 14 62 6 69 9 80 12 89 15 51 17 48 16 66 5 61 11 92 20 72 1 77 
13 6 97 1 98 4 99 17 99 5 99 3 97 20 99 11 98 7 98 12 99 15 98 14 98 8 99 
6 5 15 8 32 13 27 7 24 17 24 12 35 
13 18 32 17 86 16 93 10 78 1 33 8 62 19 86 4 58 13 52 15 42 6 74 5 59 12 84 
12 1 62 2 92 13 93 7 77 16 89 5 76 18 95 19 82 15 75 8 97 17 94 10 96 
9 8 8 17 21 2 15 20 17 7 17 19 20 13 22 3 9 14 12 
11 3 24 19 58 9 32 7 43 14 70 13 27 12 30 15 46 18 43 1 33 10 69 
6 13 15 10 29 2 25 15 41 3 20 5 23 
14 19 62 14 97 8 86 18 87 11 77 16 68 12 63 5 65 10 69 9 72 7 97 15 68 2 90 3 74 
9 20 24 9 57 17 53 16 60 1 59 15 62 5 38 4 61 14 29 
12 15 12 8 34 4 30 19 32 5 27 20 31 11 33 12 32 6 35 2 33 14 24 16 25 
8 20 58 3 69 1 69 4 97 7 63 9 76 19 95 2 58 
14 9 98 6 98 14 99 12 98 7 98 10 98 19 98 17 98 4 99 18 99 1 99 2 99 11 98 16 99 
9 4 57 19 61 8 64 14 88 2 98 6 72 10 85 7 87 9 58 
13 5 57 11 92 12 57 16 95 13 58 6 71 19 59 4 66 8 82 14 67 9 90 10 77 18 63 
6 6 78 10 99 19 83 7 91 14 80 11 87 
7 15 59 1 97 18 69 8 97 12 72 5 99 9 77 
9 7 52 11 81 13 63 18 59 15 96 1 62 20 74 5 69 2 82 
12 7 86 11 86 18 96 13 89 19 98 12 99 6 99 17 89 20 95 2 97 5 91 15 90 
11 9 76 2 91 17 88 11 81 5 95 15 82 8 89 20 87 1 83 18 76 6 77 
13 14 86 3 90 7 88 19 96 9 86 10 86 17 95 5 94 11 90 8 95 12 92 15 91 20 95 
7 20 89 6 93 3 90 14 90 7 90 5 98 4 94 
14 12 43 19 69 7 74 17 89 18 60 8 82 6 75 20 76 11 77 2 46 3 86 16 47 15 47 14 77 
14 9 33 3 67 8 90 6 35 5 84 15 83 18 98 4 45 1 78 10 33 12 50 16 53 19 35 7 83 
12 5 74 3 83 8 83 19 75 12 85 20 75 11 97 7 80 16 96 1 75 10 95 6 83 
9 15 64 10 94 11 72 18 77 5 65 3 79 16 97 17 71 2 69 
12 9 99 20 99 4 99 17 99 5 99 2 99 14 99 15 99 18 99 13 99 3 99 7 99 
7 4 28 15 73 2 46 18 76 13 57 10 39 8 32 
6 20 2 15 3 5 3 4 3 12 2 19 2 
14 20 94 14 96 6 98 2 97 15 99 9 97 3 99 8 95 12 96 13 96 18 98 5 97 19 96 1 98 
13 19 84 20 90 18 95 14 92 11 93 15 92 9 91 13 97 5 90 16 99 8 99 17 85 4 90 
13 16 84 9 92 2 85 4 86 13 95 18 98 12 87 14 94 8 86 19 92 6 88 17 96 20 87 
14 19 15 5 35 14 18 7 29 8 40 20 44 2 37 10 45 3 44 13 24 11 25 17 38 1 33 16 45 
8 3 26 15 57 19 32 7 42 5 57 4 33 9 75 1 26 
10 16 76 6 80 9 90 2 90 5 88 11 80 12 85 15 95 13 82 7 87 
10 20 18 6 49 4 24 14 26 15 37 2 36 8 26 13 30 19 43 10 51 
14 20 25 7 34 10 53 9 47 14 64 8 64 6 49 12 69 15 71 2 32 1 33 4 56 17 56 5 60 
8 20 51 5 63 11 76 4 61 14 91 2 89 15 81 6 53 
9 10 66 19 69 12 70 1 67 5 87 2 75 13 77 17 94 11 96 
6 11 30 17 70 18 78 7 72 3 62 13 87 
7 14 62 20 81 1 74 5 98 17 63 12 73 18 72 
13 13 81 3 88 7 88 16 91 19 82 8 97 6 88 10 83 9 94 17 86 2 92 15 88 1 81 
14 13 80 20 97 5 85 15 82 10 88 11 91 1 81 7 84 8 88 12 99 9 85 4 92 3 99 18 93 
13 8 85 2 92 15 97 4 99 19 86 16 97 7 86 18 96 13 88 12 99 1 99 9 88 5 99 
9 15 66 3 72 2 69 20 77 16 67 4 68 14 80 19 85 8 72 
8 16 29 3 46 17 47 15 63 4 45 19 34 20 46 7 69 
13 14 98 1 98 10 98 18 99 7 99 13 98 20 99 11 99 5 98 17 98 15 99 19 98 8 98 
9 14 19 4 47 17 39 18 57 10 24 9 20 11 40 7 21 15 21 
7 15 43 4 93 12 62 11 72 7 66 13 90 8 48 
13 16 88 19 91 3 95 12 98 18 88 11 99 20 97 6 94 2 95 15 90 4 99 9 98 14 96 
10 5 33 14 70 6 45 11 47 4 93 18 68 12 44 20 75 2 81 3 70 
14 9 70 4 92 2 79 15 96 6 81 12 76 16 84 10 86 18 98 8 89 14 99 20 84 7 88 3 76 
8 3 36 2 83 5 43 11 94 15 61 16 58 12 55 6 54 
10 17 39 14 57 18 81 6 94 12 80 13 43 11 43 15 55 8 42 10 79 
8 14 32 12 72 1 90 3 66 5 33 7 89 6 53 4 49 
8 20 49 11 72 7 68 15 68 2 59 10 56 19 87 13 91 
10 9 45 18 88 16 58 19 70 14 71 1 83 3 95 17 66 5 75 2 63 
11 16 94 13 98 3 99 14 99 19 99 4 95 10 96 17 94 5 98 9 95 2 94 
12 1 38 7 48 11 79 5 77 3 60 17 49 16 63 20 71 6 40 19 40 15 67 13 88 
9 15 83 12 84 20 87 18 98 17 94 5 89 1 98 13 85 19 99 
14 11 66 4 81 16 96 13 80 6 98 14 89 9 92 20 66 1 81 10 94 7 77 8 83 2 99 5 73 
9 9 92 18 98 12 95 4 95 6 99 19 98 3 97 13 96 7 98 
11 2 47 15 80 11 56 6 47 8 67 12 85 7 83 18 81 9 78 13 96 4 50 
8 10 33 4 46 9 48 17 92 2 86 14 68 3 63 19 57 
7 5 27 2 62 18 52 11 27 13 69 10 56 9 77 
14 15 25 10 58 4 71 9 39 17 29 13 38 18 38 1 27 20 67 3 27 19 61 16 40 12 47 2 36 
11 4 61 7 65 16 94 15 82 13 95 10 89 9 83 19 89 5 62 12 85 3 71 
7 11 73 1 98 12 84 2 95 17 73 15 80 3 93 
14 11 31 6 62 1 76 17 64 2 62 15 49 4 32 10 51 18 86 3 57 9 72 7 44 20 50 8 35 
11 19 64 15 85 11 77 12 91 10 70 20 89 7 97 14 82 2 77 16 94 5 98 
7 15 36 11 38 13 49 2 72 20 40 1 97 18 39 
14 7 14 20 19 18 30 9 25 14 18 8 25 17 25 5 40 19 31 11 29 16 19 15 28 12 41 3 23 
6 19 42 15 55 18 55 5 47 10 79 4 49 
8 9 6 8 17 17 12 6 15 2 8 16 17 10 8 20 12 
6 14 34 1 78 16 77 11 34 20 36 7 70 
11 5 54 11 65 3 86 14 63 15 82 6 73 20 95 2 83 7 92 12 93 1 73 
8 9 67 2 83 4 69 14 68 11 93 19 79 10 92 18 69 
6 2 52 6 63 1 59 10 89 20 90 5 91 
13 5 81 19 96 7 97 6 94 16 99 14 97 8 98 3 92 17 99 15 93 20 86 13 82 4 93 
9 1 67 2 93 12 75 10 97 17 70 13 80 9 74 18 91 20 95 
11 11 39 7 94 14 63 4 77 19 95 1 98 18 60 10 92 17 57 2 52 13 89 
13 17 7 1 18 9 15 16 15 15 20 11 12 10 19 8 14 19 14 14 7 18 10 5 8 12 17 
10 4 30 1 49 8 61 11 81 17 56 13 38 2 70 14 50 5 70 19 43 
13 16 92 15 97 13 93 6 96 8 97 14 98 18 95 3 93 19 95 4 96 1 98 2 96 20 99 
10 10 22 1 64 4 48 17 63 7 40 15 27 3 65 19 49 6 25 5 30 
10 7 44 16 84 2 81 10 63 8 71 17 48 12 64 11 47 18 88 6 88 
8 9 57 5 64 19 66 13 60 20 78 1 69 10 96 17 64 
10 6 2 16 3 5 6 18 3 15 2 19 2 3 2 8 5 1 4 13 4 
6 12 97 8 99 6 98 10 98 15 99 9 98 
6 18 25 14 67 4 67 7 72 16 67 6 51 
10 5 64 10 81 1 90 15 92 13 86 19 88 14 76 9 94 11 76 18 64 
7 9 71 19 82 4 72 2 92 7 72 18 77 17 86 
9 14 32 13 72 11 57 4 34 15 68 5 51 9 74 17 78 16 32 
12 19 30 6 41 1 90 13 71 16 72 5 66 4 32 12 63 3 48 17 42 9 71 8 77 
10 20 51 3 99 6 82 19 59 10 97 4 57 18 58 8 71 9 86 14 91 
13 1 17 18 38 19 35 12 18 13 47 8 46 5 25 20 34 6 26 16 44 7 39 4 44 11 28 
13 16 14 10 35 2 23 20 16 12 36 14 24 13 33 6 24 4 30 15 41 19 33 18 25 9 14 
8 8 74 17 83 2 87 4 76 12 78 19 84 1 88 18 92 
12 16 12 15 21 9 13 18 29 12 24 14 12 11 16 6 22 20 25 4 31 19 31 2 12 
14 18 28 16 29 20 67 15 34 6 36 19 44 11 56 3 64 8 32 5 60 17 28 2 78 13 48 7 65 
7 19 11 20 25 1 23 17 14 10 32 6 20 5 20 
12 8 59 12 91 17 89 10 91 9 89 13 81 1 69 2 66 18 88 4 69 20 64 19 98 
13 18 76 8 93 19 85 2 88 15 80 10 85 12 95 16 96 13 77 20 90 5 78 1 81 11 93 
10 14 38 9 84 6 89 5 46 2 75 1 69 8 64 7 93 10 89 4 93 
8 8 63 16 67 13 78 5 98 10 72 6 83 14 96 20 91 
14 11 78 14 82 19 95 7 80 4 90 2 83 12 97 17 79 20 96 13 80 15 85 10 96 8 93 3 88 
13 7 65 15 87 6 68 13 73 14 97 19 72 16 86 12 89 1 93 20 68 9 75 5 84 2 88 
8 19 36 3 71 9 91 18 53 14 69 16 65 15 78 20 86 
10 20 36 1 44 7 81 14 51 4 61 10 92 19 81 17 90 16 99 9 73 
13 5 90 14 98 19 93 9 92 6 96 4 91 3 90 8 94 1 96 13 92 7 91 18 97 10 91 
7 14 82 3 90 20 96 2 90 13 94 6 96 9 86 
6 6 53 18 80 19 92 8 78 1 89 7 68 
13 15 62 20 87 10 64 7 89 12 93 16 96 18 62 6 93 17 95 14 90 11 63 5 73 19 77 
8 14 11 3 25 8 33 20 33 15 33 6 29 13 18 10 19 
9 15 60 9 76 10 82 3 92 16 70 1 60 12 71 18 79 8 74 
9 11 95 7 97 18 98 6 99 19 97 8 99 4 98 15 96 5 99 
12 19 39 14 51 7 47 16 92 5 50 6 86 20 63 18 81 11 54 10 75 8 85 15 76 
6 20 47 19 58 18 66 11 62 12 94 4 74 
8 12 68 8 91 18 81 3 77 7 81 4 99 20 87 19 75 
9 7 82 9 92 5 83 8 91 15 95 14 94 20 97 6 97 2 93 
14 1 27 16 81 12 69 8 40 9 70 11 69 19 47 14 72 3 52 7 52 15 34 6 51 17 52 4 65 
9 11 35 13 64 14 66 9 43 7 71 19 46 8 62 20 64 4 67 
10 19 69 10 93 7 90 17 89 15 69 13 71 18 87 1 71 12 72 6 89 
9 20 3 12 7 18 5 1 3 5 3 6 4 13 6 16 9 2 3 
10 15 9 14 25 16 10 20 13 7 26 17 21 11 24 10 20 6 27 2 25 
13 11 87 8 88 3 89 16 91 4 94 1 99 18 89 7 88 13 90 14 98 19 91 2 97 12 99 
10 6 13 8 17 4 28 16 29 19 27 15 26 9 34 3 16 5 37 14 35 
12 16 47 7 56 3 62 17 88 9 91 14 98 10 56 4 80 20 83 13 74 19 90 1 75 
11 3 53 17 98 16 70 8 76 11 76 18 70 13 97 1 79 7 90 10 69 20 75 
13 10 41 5 66 15 85 19 97 7 73 16 49 17 44 11 61 20 70 6 65 2 74 9 61 4 67 
13 8 72 15 76 17 99 9 83 5 90 6 81 16 78 13 84 12 82 3 86 2 83 20 80 10 90 
8 5 18 17 43 8 47 4 39 16 28 3 48 13 19 14 52 
14 1 15 10 24 5 36 8 22 18 43 12 27 15 40 3 37 20 21 13 24 19 38 6 18 9 22 16 22 
8 15 46 3 98 6 56 8 72 13 92 2 88 5 49 18 52 
9 11 46 13 69 4 94 7 91 12 94 8 60 5 72 1 62 15 54 
6 14 59 18 76 19 78 13 77 11 98 9 66 
12 8 99 16 99 9 99 18 99 6 99 10 99 5 99 14 99 12 99 17 99 11 99 15 99 
10 3 41 7 83 13 61 14 43 5 86 20 86 8 50 15 41 19 48 2 50 
13 14 29 18 42 6 65 11 58 17 78 9 55 10 31 19 75 12 41 15 71 16 35 13 31 7 48 
6 9 29 8 77 6 30 5 47 14 86 13 52 
10 3 13 5 30 12 35 14 21 4 31 2 33 17 19 20 23 9 34 8 31 
10 15 79 10 80 7 89 14 80 16 91 20 84 1 96 18 97 12 97 4 92 
14 18 59 4 67 15 76 9 96 5 69 10 79 16 71 20 93 14 98 11 83 8 87 7 82 1 62 6 88 
10 9 54 20 76 5 98 6 76 1 83 3 66 11 99 17 67 7 95 16 96 
10 20 12 9 18 4 28 18 14 8 26 2 20 15 22 11 24 16 13 13 22 
7 1 49 8 68 20 56 10 79 14 51 15 86 2 91 
8 1 88 2 97 14 98 3 95 20 91 12 89 17 90 16 92 
14 13 60 10 97 6 61 12 93 17 64 9 91 15 85 5 85 7 79 4 91 19 66 18 62 2 72 14 66 
12 4 94 12 99 6 98 16 99 8 96 19 95 7 95 11 98 5 97 18 95 1 98 3 98 
7 17 77 2 82 16 81 14 86 20 98 12 85 18 79 
11 2 69 8 73 10 83 6 74 16 79 15 73 7 91 17 71 9 89 19 71 18 75 
10 13 34 15 93 7 73 18 98 14 85 12 72 19 88 5 63 9 49 8 50 
11 5 83 1 96 17 99 15 91 12 92 9 93 10 92 18 87 11 92 4 90 16 91 
7 14 40 16 73 17 90 11 64 6 45 7 93 3 84 
12 1 52 18 78 19 93 13 63 11 96 8 55 9 75 4 89 20 67 2 89 12 88 10 96 
6 2 87 14 87 3 90 7 96 5 94 12 88 
13 15 40 13 49 20 94 18 86 4 52 9 53 19 78 10 81 17 47 14 71 12 56 7 94 6 77 
10 18 48 15 91 2 61 10 92 5 59 13 83 9 99 3 60 12 87 20 81 
6 7 62 1 68 5 99 12 78 9 63 2 70 
9 3 51 6 86 5 59 7 89 4 76 18 77 10 79 15 71 9 96 
13 15 57 9 95 17 74 10 90 16 94 7 99 14 64 18 91 5 64 4 64 19 73 3 96 13 63 
8 9 6 7 12 13 7 4 6 12 16 1 15 5 7 19 8 
10 13 30 16 35 19 47 15 55 2 59 20 31 11 39 8 71 12 35 5 82 
9 13 47 10 89 14 69 16 81 8 77 9 79 17 83 5 69 20 69 
11 18 97 4 98 12 99 7 97 3 97 14 99 9 98 8 98 19 98 6 97 10 97 
7 18 60 20 84 5 70 3 97 10 68 7 76 17 63 
10 9 24 13 72 6 46 19 40 2 36 18 50 7 68 20 24 5 69 1 51 
7 19 64 6 77 10 73 8 64 3 71 15 84 16 72 
6 5 6 15 9 1 8 13 14 7 10 12 11 
13 2 5 7 14 20 7 18 11 4 14 17 9 19 5 5 6 16 12 6 7 13 11 11 8 3 14 
11 5 30 10 61 3 86 19 78 6 56 2 71 20 33 9 86 11 72 17 65 1 34 
12 8 95 6 95 19 97 14 99 17 99 15 95 18 95 4 96 5 97 16 97 20 96 3 95 
9 14 74 19 80 6 76 17 82 8 95 13 78 16 76 7 80 11 79 
6 2 75 9 75 17 86 3 80 13 92 12 95 
11 14 80 3 90 10 93 16 95 15 95 19 94 20 84 9 92 4 87 1 92 11 99 
11 7 96 13 97 19 99 12 99 1 96 6 99 5 97 11 96 14 97 15 96 4 99 
10 13 16 12 25 16 25 10 19 1 29 7 34 19 20 15 35 5 46 18 35 
9 1 12 19 35 10 26 14 17 13 12 17 28 3 36 5 18 12 35 
14 14 75 12 96 20 81 4 85 5 92 10 89 6 88 3 80 17 77 18 79 15 95 7 92 2 90 16 98 
12 9 25 13 52 7 32 14 55 3 57 12 55 11 75 5 26 17 55 10 38 18 35 1 54 
13 12 89 18 90 15 89 5 97 16 99 2 98 17 91 19 91 10 90 13 92 3 96 14 95 8 93 
10 3 17 1 44 12 17 20 20 16 35 6 22 13 36 9 31 19 26 15 40 
8 13 12 4 25 5 16 9 23 7 33 12 25 17 20 8 19 
12 16 45 14 67 8 86 9 83 13 53 2 78 17 92 11 55 15 82 10 62 3 82 1 92 
8 6 70 13 82 16 76 17 87 1 86 12 79 8 86 19 73 
13 3 67 11 87 14 70 19 81 6 70 4 94 20 84 18 84 15 81 16 78 5 97 8 73 2 74 
6 11 76 20 82 17 87 4 88 14 87 10 97 
6 1 46 10 61 8 95 5 91 16 80 17 59 
6 9 11 6 25 17 19 15 12 5 11 16 24 
10 18 64 8 74 14 82 9 70 13 68 7 95 10 91 6 77 19 68 12 77 
11 2 80 3 84 13 84 6 87 12 84 4 92 5 84 9 97 19 86 16 88 7 92 
11 12 14 20 25 16 26 19 41 17 39 1 25 2 29 11 32 8 35 9 24 13 14 
13 5 21 13 43 20 42 4 51 6 48 3 47 8 28 7 25 14 22 16 48 1 32 18 54 10 44 
6 12 10 18 19 19 21 17 20 3 15 4 15 
7 12 30 14 38 3 89 19 83 9 53 10 41 18 41 
6 18 21 19 53 2 61 10 27 15 43 8 26 
11 17 70 14 93 8 93 16 77 20 86 11 75 3 70 19 92 6 89 13 75 7 74 
12 18 45 8 90 4 75 3 83 12 57 6 46 20 76 19 65 15 99 17 97 13 75 1 86 
12 11 2 3 4 6 6 14 3 5 3 7 2 1 5 9 6 16 5 19 4 10 3 13 2 
11 3 10 16 14 7 26 8 14 19 17 1 27 18 27 14 12 12 30 2 18 6 17 
13 16 31 10 45 5 83 4 67 13 48 2 48 15 80 7 82 14 48 6 82 17 63 8 55 11 65 
6 14 57 8 97 10 63 19 79 15 84 7 99 
9 1 17 14 24 20 19 3 23 19 46 9 23 12 27 11 46 15 50 
13 17 62 4 83 7 98 8 92 5 72 13 63 15 98 9 80 12 96 6 78 3 71 10 78 18 96 
9 5 12 11 31 10 32 8 30 20 34 13 22 16 24 15 30 17 31 
7 13 44 15 94 20 49 10 46 9 64 19 52 4 92 
14 12 90 20 93 3 93 15 93 17 91 19 95 9 95 11 96 8 97 10 99 7 97 6 92 18 98 14 91 
11 9 88 6 95 20 89 4 90 17 96 19 98 5 95 1 98 13 91 7 92 10 94 
14 8 40 15 42 6 88 20 97 3 89 7 42 12 60 2 89 17 46 9 50 13 48 16 57 18 54 4 79 
12 9 88 5 92 16 98 20 88 18 96 13 92 11 98 1 99 4 99 17 98 14 97 19 96 
14 19 4 5 11 1 11 20 9 9 9 12 8 10 12 14 8 8 10 11 10 6 11 4 7 13 9 15 11 
13 4 49 9 97 5 88 6 57 14 93 13 67 10 87 3 52 2 57 17 62 8 75 16 95 1 50 
11 5 43 9 50 3 67 11 70 2 60 13 94 19 69 10 94 15 44 17 58 12 43 
8 3 73 14 79 20 83 15 85 8 85 16 98 18 88 13 75 
12 18 87 11 90 10 99 4 90 13 94 8 95 16 96 7 94 6 99 12 88 15 89 5 88 
12 9 63 10 74 11 92 18 75 2 96 8 64 16 80 19 73 12 87 4 94 20 67 17 79 
10 9 10 11 15 12 24 18 27 10 23 5 11 2 21 20 30 7 28 6 23 
12 4 80 12 89 3 81 13 90 14 84 18 82 1 84 6 84 15 92 9 94 17 85 10 80 
6 7 86 6 88 15 94 11 90 17 88 3 93 
11 7 24 20 40 19 51 12 53 13 52 10 48 14 47 15 29 16 25 4 69 9 61 
7 2 99 18 99 14 99 9 99 15 99 11 99 19 99 
11 10 53 9 77 3 85 18 65 7 59 5 79 20 70 17 66 15 67 1 73 19 53 
9 18 39 5 47 13 91 8 45 20 72 10 91 6 41 15 72 19 68 
10 8 57 13 72 14 78 20 93 5 60 3 67 18 86 4 88 16 64 10 65 
9 17 29 19 85 13 31 9 34 4 80 12 53 5 62 6 63 10 61 
7 11 54 12 83 20 96 17 76 4 81 19 72 15 94 
13 15 54 7 55 20 98 13 93 16 99 8 73 2 54 14 66 19 58 17 69 1 92 11 57 12 94 
11 16 42 11 93 5 73 2 50 10 58 14 76 12 62 7 62 8 96 19 51 15 52 
6 7 88 1 99 14 95 17 94 13 93 4 98 
8 5 74 16 88 8 82 9 74 7 83 20 98 14 89 15 93 
14 8 98 11 99 5 98 17 99 4 98 10 99 18 99 12 98 15 99 20 98 3 99 13 99 14 99 6 99 
8 13 67 7 98 12 70 3 93 20 69 17 86 10 71 5 78 
11 6 48 12 58 16 52 5 56 10 48 2 67 14 75 19 97 20 60 13 72 4 88 
7 5 86 14 90 18 90 12 92 20 90 16 92 7 91 
7 20 17 17 44 2 21 15 25 13 33 14 50 10 36 
14 9 97 10 99 4 98 6 99 7 98 5 98 18 99 20 98 15 99 17 98 3 97 11 97 14 97 19 97 
9 15 78 16 86 17 80 14 88 11 82 7 83 19 86 13 87 2 81 
8 16 22 9 35 8 43 10 37 17 45 12 65 19 33 11 24 
7 15 28 7 29 10 53 3 73 16 32 20 37 4 80 
14 16 31 11 65 10 40 14 40 5 47 18 66 4 53 1 62 15 38 3 78 20 43 7 51 13 63 12 79 
11 8 72 14 85 15 72 4 86 11 83 6 75 5 99 7 80 17 93 12 99 2 93 
14 18 30 14 68 11 60 7 72 1 66 2 86 15 78 20 42 3 76 13 41 8 61 4 90 17 86 10 74 
9 10 77 14 95 16 95 20 97 17 90 8 91 7 97 11 98 13 82 
10 17 48 16 65 20 52 15 79 3 55 7 61 12 75 1 55 9 60 18 80 
10 7 31 15 39 12 77 3 41 2 77 6 89 14 37 11 47 9 42 19 58 
12 18 46 2 49 8 90 16 61 9 52 13 82 19 96 20 72 5 59 17 56 10 74 12 63 
6 19 64 10 83 7 74 2 79 13 80 11 84 
12 14 38 15 92 7 74 8 72 20 83 5 89 18 40 2 91 12 75 10 60 4 43 6 52 
8 10 85 9 86 5 97 6 98 13 91 19 85 15 88 14 90 
8 20 87 19 91 1 91 18 99 13 97 15 90 7 99 2 98 
11 18 55 11 72 6 87 7 56 19 98 14 96 8 72 3 98 15 55 12 72 17 74 
12 18 29 20 29 9 35 15 46 13 84 7 49 5 45 17 72 3 59 6 47 2 53 19 87 
6 19 49 18 49 12 87 2 49 5 91 7 76 
13 19 54 2 99 11 76 14 64 12 68 5 61 15 55 18 62 3 93 9 72 10 61 20 60 16 98 
6 3 84 11 92 12 85 10 89 5 98 8 96 
14 2 37 19 53 14 55 13 58 4 43 3 99 16 59 5 95 12 86 9 92 8 55 15 74 11 98 17 93 
6 20 46 19 82 15 57 5 81 6 80 12 83 
13 11 40 2 79 15 81 17 70 14 45 5 62 19 89 3 41 13 89 6 98 4 64 20 46 10 70 
11 11 83 4 98 13 87 10 97 14 85 2 86 3 90 15 92 9 97 5 99 17 89 
8 8 77 11 96 7 88 4 89 15 95 3 80 2 81 9 91 
13 8 80 3 82 9 92 13 85 16 89 17 83 12 85 19 86 14 93 7 88 1 89 18 93 20 89 
7 6 35 7 70 2 78 11 73 20 71 15 69 5 39 
7 16 37 1 98 18 78 5 99 6 50 10 94 17 58 
12 8 74 1 75 2 80 10 89 9 94 20 99 13 86 7 79 19 74 5 92 12 76 11 91 
8 13 26 15 39 16 65 5 67 18 44 7 36 9 35 1 75 
13 8 1 3 3 4 1 6 3 7 2 17 2 20 1 1 3 11 1 9 3 19 2 2 1 18 3 
11 12 72 20 82 1 75 8 81 5 96 16 97 6 75 10 91 13 94 18 95 14 88 
6 8 77 11 79 1 91 2 96 12 88 19 78 
8 12 66 14 89 15 69 5 77 16 96 13 73 3 96 9 76 
13 8 81 15 88 2 86 5 99 17 88 20 82 9 86 16 95 1 97 4 89 11 93 3 94 7 81 
9 10 28 2 83 15 47 12 41 19 79 8 84 4 58 11 33 9 80 
7 13 39 4 55 5 75 2 82 20 45 18 41 12 83 
7 8 85 9 94 1 92 18 87 7 97 12 92 13 88 
9 14 4 16 9 7 4 3 12 6 11 17 10 1 4 11 6 15 6 
11 9 39 10 94 18 64 17 51 5 46 2 39 15 54 8 79 19 68 11 47 7 66 
10 5 85 12 85 14 98 18 95 3 92 15 98 17 89 7 91 19 90 2 87 
6 11 84 1 89 13 84 7 89 9 92 15 99 
14 3 26 18 58 13 70 15 61 4 32 16 27 8 68 20 74 12 34 5 72 1 32 11 61 17 64 2 67 
14 12 59 2 74 9 95 11 95 5 97 19 60 15 59 20 79 6 90 7 62 17 74 18 71 10 99 16 77 
8 15 45 10 73 1 76 18 85 20 93 19 99 8 94 5 77 
14 17 38 11 97 2 63 20 65 1 85 7 50 12 92 3 87 5 63 13 53 9 79 16 72 15 71 10 44 
8 12 35 9 46 20 70 17 59 3 76 4 88 11 73 2 48 
11 11 66 18 69 10 76 9 69 17 97 12 82 15 82 8 80 16 99 7 72 1 96 
7 12 81 15 84 11 99 7 89 6 99 8 83 4 98 
7 15 48 9 58 17 64 6 61 3 70 12 79 19 65 
11 1 68 7 98 2 76 10 75 8 73 6 87 5 71 16 71 15 71 17 99 3 73 
12 1 86 13 98 5 87 16 91 2 94 11 99 10 89 17 86 14 88 3 91 4 99 19 96 
13 6 92 8 96 11 95 14 97 7 93 17 98 13 98 18 92 20 94 1 95 16 99 5 97 15 97 
7 13 49 18 81 4 79 10 60 12 49 19 66 20 61 
6 8 6 2 13 5 15 18 12 10 7 19 17 
7 17 76 18 84 9 84 16 91 20 93 8 83 3 80 
9 5 52 12 58 14 57 20 83 8 93 13 70 16 72 15 98 11 76 
7 11 18 13 23 14 42 10 23 20 22 2 23 17 32 
12 20 34 17 74 9 67 7 76 1 93 3 86 14 71 6 80 18 93 5 37 12 42 19 50 
6 15 16 19 19 17 39 16 19 1 24 11 36 
12 1 36 15 97 5 83 2 72 4 95 6 56 20 99 3 85 13 64 14 39 8 43 7 40 
10 2 43 20 74 19 98 14 97 15 45 17 64 13 95 3 66 10 86 5 70 
6 10 25 1 35 18 67 4 54 14 67 12 72 
11 15 24 18 54 9 34 11 31 17 68 16 59 13 63 5 64 12 29 1 72 8 55 
9 20 1 19 3 5 1 11 3 16 2 14 2 12 1 1 1 8 3 
6 6 48 1 60 17 99 8 97 5 64 18 51 
12 18 86 13 96 11 94 17 96 16 88 10 94 19 90 2 90 12 89 1 86 15 92 14 98 
9 1 60 2 77 13 62 12 99 10 88 3 96 5 60 16 63 14 93 
11 2 15 15 33 11 35 17 45 16 16 9 27 6 18 14 17 18 29 19 33 5 28 
8 4 14 19 37 14 34 8 18 16 37 6 39 15 36 18 41 
6 10 14 6 16 3 42 11 25 1 27 13 15 
8 9 66 17 78 19 88 18 96 3 98 16 79 4 78 10 98 
12 10 1 19 2 8 1 20 3 13 2 5 2 12 3 17 1 15 1 16 1 14 2 6 3 
10 9 24 3 67 2 46 19 60 11 30 10 33 15 55 1 58 5 62 4 66 
9 19 69 13 88 6 79 17 71 15 75 10 93 1 77 3 90 2 94 
8 13 99 5 99 16 99 19 99 12 99 6 99 4 99 9 99 
9 18 11 2 23 6 26 7 20 8 29 15 19 13 26 16 30 20 23 
13 10 67 9 71 8 82 17 68 12 82 2 86 3 78 4 93 5 91 20 77 19 76 6 90 15 89 
9 1 16 7 28 4 40 8 16 19 44 12 40 14 44 6 23 3 17 
6 2 17 18 30 1 24 13 42 12 19 4 34 
14 1 75 16 87 18 99 14 94 17 95 9 77 13 77 10 94 15 78 20 83 7 79 5 99 2 83 11 94 
6 13 84 7 88 15 93 10 87 18 85 9 98 
10 9 11 12 15 5 19 10 27 19 14 18 12 20 33 15 15 7 15 4 14 
14 16 43 10 59 12 57 8 44 5 91 13 91 9 48 20 81 6 77 14 54 7 68 17 48 11 97 15 97 
8 17 77 15 88 9 96 5 87 11 97 6 97 2 81 1 77 
14 2 32 14 77 6 68 5 78 4 59 13 76 8 33 17 62 9 82 12 59 20 59 1 54 3 81 18 54 
9 2 54 13 74 8 82 9 99 18 94 3 94 12 86 15 55 16 77 
9 11 67 19 81 12 93 15 94 4 74 14 88 2 82 20 68 3 92 
6 17 82 20 91 4 93 1 96 19 84 8 84 
13 17 94 1 98 6 96 10 94 2 97 4 98 19 98 18 98 12 95 5 99 8 97 15 97 20 94 
9 3 31 1 87 9 37 18 31 5 72 10 41 6 49 20 72 15 92 
13 1 64 6 71 14 97 15 79 3 78 5 68 10 65 9 70 8 77 11 75 7 90 17 71 2 69 
6 3 2 18 2 6 2 12 2 7 6 9 3 
11 6 28 18 51 20 75 11 75 15 29 17 68 9 69 14 77 19 45 16 79 1 38 
14 7 49 12 98 6 69 1 84 16 96 15 66 9 81 5 60 8 55 10 65 3 73 20 72 17 75 14 57 
7 18 1 3 3 6 1 12 3 7 1 10 3 15 2 
14 4 89 7 93 18 91 11 91 3 95 2 90 20 93 10 99 5 98 17 91 1 90 8 93 9 90 14 91 
12 5 21 13 40 20 47 2 46 15 48 12 41 18 41 4 62 10 31 17 38 1 47 16 61 
8 1 92 12 93 5 94 10 97 14 94 3 96 17 95 15 92 
10 2 73 12 78 5 94 4 76 14 84 17 99 20 86 8 79 1 84 19 92 
9 6 9 16 16 13 18 4 18 2 19 17 26 10 14 8 25 1 19 
8 20 44 5 85 19 96 13 84 18 46 12 96 1 74 15 47 
9 5 97 14 97 2 98 16 99 10 98 4 98 1 98 6 98 13 97 
12 2 62 8 71 19 93 10 97 6 73 16 89 20 65 17 78 11 95 15 69 12 62 7 73 
6 12 54 20 59 14 77 16 83 17 75 8 60 
6 14 16 5 48 19 47 13 18 17 28 15 31 
11 17 54 20 94 16 91 8 93 14 58 11 56 6 89 19 96 15 91 5 65 2 61 
12 8 4 20 5 6 10 1 7 12 5 10 8 13 6 18 4 11 10 17 10 4 9 15 5 
7 8 77 6 91 16 88 12 94 19 91 14 82 20 93 
10 4 78 2 96 19 98 20 78 6 91 9 89 15 85 3 88 14 88 12 79 
9 13 44 9 94 11 75 12 54 19 50 7 92 3 96 20 74 2 84 
7 12 50 3 94 1 84 5 92 9 52 20 70 8 53 
14 20 51 2 60 9 69 14 79 16 93 7 88 12 56 15 70 13 99 5 87 17 72 1 62 10 96 8 99 
8 19 69 2 81 6 74 9 89 20 85 16 72 12 69 14 72 
13 11 30 9 35 3 88 2 85 1 44 6 68 7 68 18 30 14 86 8 56 16 47 15 50 20 77 
7 2 1 17 3 7 1 14 1 20 3 10 1 9 2 
12 6 94 14 99 17 99 10 94 2 94 8 98 9 98 7 96 20 99 13 95 11 95 5 94 
12 4 15 18 35 20 22 11 29 12 30 10 23 6 16 1 31 9 38 3 26 15 23 7 39 
8 7 85 19 99 16 88 20 85 11 96 18 87 17 95 5 86 
12 15 95 13 99 9 99 11 97 16 95 2 97 1 99 14 99 6 99 7 99 3 98 10 95 
9 15 96 19 98 17 98 12 97 14 98 1 99 2 98 11 97 3 96 
13 15 50 7 96 9 62 12 96 3 74 13 69 1 70 2 72 4 59 16 80 5 66 17 54 20 57 
9 7 3 2 9 18 3 14 5 8 4 12 9 19 4 17 9 4 6 
11 7 23 11 68 2 37 8 23 9 55 16 37 15 32 12 48 10 40 14 48 3 30 
13 11 70 13 80 4 99 18 72 8 89 10 82 17 93 6 85 12 71 5 97 9 89 19 82 7 81 
14 8 35 6 60 15 73 19 96 2 59 12 96 1 49 3 94 14 58 18 97 5 61 20 70 9 68 16 61 
6 4 23 3 31 15 60 7 41 11 51 9 41 
13 9 51 11 94 5 95 18 58 6 56 8 67 2 62 15 91 3 99 12 87 17 90 16 87 19 89 
6 6 20 12 35 8 46 7 34 16 32 4 37 
9 8 34 9 82 19 36 4 91 12 86 5 63 20 59 16 50 11 84 
12 6 73 19 80 10 97 9 97 18 80 12 88 2 91 20 90 8 77 17 90 3 99 7 87 
12 17 50 6 97 11 77 3 73 19 78 14 61 7 55 2 99 16 80 5 97 15 72 4 57 
14 10 58 14 63 18 85 15 82 2 66 17 69 4 99 7 77 13 79 5 71 19 91 20 58 11 76 3 79 
7 19 54 17 77 8 95 5 92 12 88 4 93 2 94 
9 14 32 2 75 20 90 1 59 7 92 10 52 13 68 19 94 17 47 
13 13 87 5 90 10 97 6 88 18 98 20 91 2 90 12 97 17 93 4 91 19 99 1 90 16 95 
8 7 27 18 47 8 41 13 80 16 44 19 50 12 73 10 41 
10 8 60 17 94 18 98 4 79 19 73 16 71 9 97 20 82 12 88 10 89 
10 4 63 15 86 17 76 18 95 19 96 8 81 14 97 3 70 7 86 5 84 
9 16 7 20 21 6 15 18 9 7 18 11 14 2 8 1 21 12 19 
9 1 44 4 61 15 71 2 46 3 59 10 75 11 92 19 90 6 90 
7 6 92 13 99 9 99 11 92 16 97 10 96 8 99 
8 16 73 15 96 7 86 9 94 1 96 20 97 13 88 14 81 
10 11 50 20 96 13 90 17 69 16 89 9 96 18 74 5 70 8 59 4 95 
9 8 75 13 81 19 87 10 87 9 89 20 89 12 79 2 76 6 97 
10 17 86 7 96 10 99 19 96 12 88 16 90 8 97 9 95 14 96 5 92 
12 19 90 6 93 17 99 2 96 18 92 5 90 12 92 15 92 11 98 1 94 9 95 10 93 
14 14 7 18 11 3 12 4 20 15 7 2 20 9 19 11 19 12 14 7 17 16 16 13 15 10 12 1 17 
9 13 57 5 72 9 92 8 59 1 73 10 77 12 60 4 71 16 74 
6 6 10 2 22 8 26 11 27 19 28 3 24 
7 14 51 12 74 16 66 19 82 20 71 8 70 17 52 
9 20 42 18 57 3 58 8 88 4 60 9 46 13 48 11 63 15 92 
13 11 36 5 60 7 80 2 59 15 76 19 84 18 83 13 70 12 42 1 92 3 84 20 90 6 58 
7 15 78 3 94 1 86 9 84 2 96 5 85 19 94 
8 20 25 8 47 9 50 3 58 2 26 1 50 12 72 15 71 
13 5 3 18 9 14 8 1 6 15 4 16 7 11 9 20 9 7 8 2 7 6 8 3 6 4 8 
7 20 19 16 37 1 56 19 22 5 46 12 51 3 34 
6 9 17 18 39 4 40 14 47 8 36 13 30 
14 19 34 12 66 1 71 10 44 3 59 17 79 5 64 20 78 16 63 9 58 18 91 8 89 7 55 15 62 
14 6 79 2 90 8 84 16 95 15 84 18 92 9 98 7 82 5 79 3 93 19 93 13 82 20 99 12 97 
7 10 88 7 88 6 93 11 93 9 97 17 90 14 93 
