81 72 5
1 2
2 3
3 4
4 5
4 6
7 8
8 9
9 10
9 12
10 11
12 13
14 15
14 18
15 16
16 17
17 21
18 19
19 20
20 21
21 22
23 24
24 25
25 26
26 27
27 28
28 29
28 30
31 32
31 35
32 33
33 34
34 38
35 36
36 37
37 38
39 40
40 41
41 42
41 43
41 44
45 46
46 47
47 48
47 49
50 51
50 52
50 53
51 54
52 54
53 54
55 56
56 59
57 58
58 59
60 62
61 62
62 63
63 64
64 65
65 66
66 67
67 68
69 70
69 71
69 72
70 73
71 73
72 73
77 78
78 81
79 80
80 81
3 4 62 5 92 3 65 
2 4 46 3 73 
4 1 6 5 7 4 7 2 8 
4 3 39 4 53 5 83 1 94 
3 2 64 1 82 5 94 
2 3 10 1 24 
4 5 33 2 86 4 56 1 98 
4 5 97 3 98 4 99 2 97 
2 4 95 5 96 
2 5 62 3 82 
4 3 20 1 44 5 21 2 45 
4 3 90 4 97 1 91 5 99 
2 2 67 4 95 
3 4 77 1 96 2 99 
2 2 69 4 72 
2 5 87 3 95 
3 3 78 1 97 4 99 
2 2 86 1 91 
2 1 71 3 98 
2 2 63 1 96 
3 2 93 3 95 4 99 
2 4 67 3 99 
4 4 35 3 63 2 53 1 49 
4 2 75 3 84 4 87 5 98 
3 4 61 1 90 2 75 
3 1 73 3 90 4 76 
3 3 3 5 7 2 6 
2 1 34 3 42 
4 1 11 4 21 2 20 5 11 
4 2 91 1 98 4 92 5 98 
4 5 17 3 51 2 19 4 31 
3 3 33 4 89 1 77 
4 5 34 4 74 3 66 1 41 
4 3 32 4 32 2 56 5 67 
2 1 62 5 91 
2 4 28 2 33 
4 2 95 4 95 5 97 3 95 
4 2 21 1 44 4 37 3 61 
2 2 46 5 88 
4 5 47 1 90 2 67 3 56 
2 2 62 5 68 
3 5 8 2 23 4 12 
3 1 60 5 68 3 78 
4 4 30 5 56 2 54 3 75 
3 5 27 3 69 2 77 
2 1 99 3 99 
3 2 39 1 44 3 98 
2 5 83 1 85 
3 2 24 1 47 4 30 
3 1 81 2 94 4 88 
3 1 68 3 70 5 97 
3 5 19 4 50 2 46 
2 5 47 4 61 
2 4 26 2 33 
4 3 85 1 95 2 98 4 89 
2 1 85 3 91 
3 4 13 1 25 5 38 
3 2 23 4 37 5 35 
2 4 31 5 33 
4 4 59 5 64 3 96 1 83 
4 3 11 2 14 4 29 5 25 
4 3 61 2 65 5 94 1 62 
2 5 38 3 93 
4 1 15 2 20 4 21 3 35 
4 2 50 4 93 5 61 3 93 
4 5 60 3 79 2 87 1 72 
4 1 31 5 80 3 53 2 37 
3 2 30 4 89 1 64 
2 4 32 2 51 
4 4 38 5 65 3 56 2 50 
2 3 14 2 27 
4 4 96 1 97 3 98 2 98 
3 5 7 3 14 2 11 
3 2 4 1 9 4 6 
2 2 11 5 27 
2 5 66 2 77 
3 4 69 2 78 5 80 
3 5 52 2 68 3 86 
4 5 30 3 82 1 51 4 74 
3 1 58 5 96 2 77 
2 1 32 5 40 
