133 119 25
1 2
2 3
3 4
3 5
6 7
6 8
6 9
7 10
8 10
9 10
14 15
15 16
16 17
16 18
16 19
20 21
21 26
22 23
23 26
24 25
25 26
27 28
28 29
29 30
29 31
29 32
33 34
34 35
34 37
34 39
35 36
37 38
39 40
41 42
42 43
43 44
43 45
43 46
47 48
48 49
49 50
50 51
51 52
52 53
52 54
55 57
56 57
57 58
58 59
59 60
60 61
62 63
62 64
62 65
63 66
64 66
65 66
67 68
67 69
68 70
69 70
70 71
72 73
72 75
73 74
74 77
75 76
76 77
77 78
81 82
82 83
83 84
83 86
83 88
84 85
86 87
88 89
90 91
90 93
91 92
93 94
95 96
95 97
95 98
96 99
97 99
98 99
100 101
101 102
101 104
101 106
102 103
103 108
104 105
105 108
106 107
107 108
109 110
110 111
111 112
112 113
113 114
114 115
114 116
117 120
118 120
119 120
120 121
122 123
123 126
124 125
125 126
126 127
127 128
129 130
129 131
130 132
131 132
132 133
14 22 10 5 28 4 14 1 19 11 28 25 18 10 25 3 15 7 21 13 10 12 26 8 23 21 10 14 21 
9 23 56 19 69 1 82 18 88 16 77 6 72 9 94 5 63 20 72 
9 11 85 2 88 7 92 20 90 6 91 22 93 9 91 13 85 5 86 
14 14 35 16 86 13 98 5 75 22 95 20 83 7 93 25 57 3 80 2 81 23 78 8 84 18 77 10 80 
15 11 48 14 99 13 75 18 76 12 69 17 55 4 53 25 49 2 58 24 86 10 91 22 76 20 60 8 74 1 93 
14 16 79 8 95 14 80 25 80 24 82 18 88 17 93 7 95 1 87 20 79 15 93 10 84 12 90 19 92 
12 19 97 16 98 18 99 6 98 23 99 20 99 21 97 1 98 25 98 5 99 10 99 11 98 
15 16 86 7 90 5 87 11 95 12 91 25 98 15 87 22 86 9 94 2 96 1 97 8 99 19 99 14 92 17 94 
14 16 75 24 81 10 95 23 97 8 96 20 90 11 93 1 91 5 88 21 97 17 91 14 97 13 75 9 76 
18 21 10 1 15 17 15 7 17 14 18 24 15 2 18 15 10 12 17 13 20 10 28 11 10 20 10 18 20 3 29 19 11 4 26 23 13 
9 22 71 2 88 7 88 24 85 10 73 25 90 20 76 19 72 23 71 
11 12 93 11 95 6 97 13 98 21 96 23 93 17 99 9 96 14 96 16 97 25 99 
12 1 45 7 95 14 85 3 63 18 57 21 80 15 64 2 49 19 82 11 58 5 46 25 45 
9 9 38 7 70 1 55 6 96 11 43 12 57 5 56 10 85 20 99 
17 21 68 18 87 17 93 25 93 6 87 9 99 19 92 11 70 5 94 1 91 23 79 2 92 13 93 24 74 12 73 10 81 4 74 
11 12 24 25 55 22 68 8 43 23 28 19 63 21 51 15 40 11 49 6 64 2 71 
8 24 23 15 47 1 60 14 39 3 67 10 43 19 55 7 50 
11 22 79 15 82 4 95 2 87 8 91 25 81 21 80 24 87 1 82 6 93 9 99 
16 6 31 11 73 2 88 14 55 1 68 16 77 23 33 7 54 24 76 17 39 22 70 10 48 18 78 12 78 9 47 19 62 
8 12 15 3 32 13 28 14 44 16 35 17 45 11 45 7 23 
9 4 8 6 12 15 20 7 10 14 24 9 10 1 16 2 16 16 16 
9 6 9 5 18 16 14 20 20 25 24 23 19 24 11 7 11 4 11 
10 23 50 3 51 11 72 18 53 15 82 16 57 12 62 9 75 21 51 14 77 
17 17 52 1 73 13 68 18 81 6 86 4 84 23 83 24 85 3 87 22 65 11 54 16 52 5 65 10 61 25 90 7 89 19 52 
13 24 41 10 41 1 79 3 99 6 41 11 56 12 73 16 58 18 94 21 80 5 70 8 95 7 86 
15 21 7 5 10 8 14 15 14 19 9 14 11 13 10 2 8 7 10 9 17 16 9 17 21 24 16 11 12 6 21 
8 19 63 3 75 24 74 21 92 5 95 9 77 25 98 15 64 
16 17 81 18 94 1 99 4 92 6 92 19 93 8 94 15 92 7 96 5 87 9 92 20 93 16 92 23 85 21 95 13 93 
14 17 30 7 67 19 78 6 56 8 58 14 79 18 76 13 65 16 80 21 49 5 53 12 33 24 79 4 50 
17 7 43 1 73 2 92 17 91 21 61 9 91 24 76 20 56 12 69 25 43 4 69 15 75 22 61 13 43 5 78 16 69 23 85 
10 12 88 21 97 11 99 22 97 13 97 14 90 23 99 9 93 10 89 24 88 
12 7 43 1 97 10 68 18 58 24 56 2 59 16 49 23 77 19 43 12 59 8 79 13 95 
14 17 58 12 59 20 63 16 85 19 72 5 65 21 99 24 79 11 83 14 91 1 79 23 70 22 58 3 75 
16 8 21 24 40 19 24 25 23 12 43 15 56 13 32 4 31 23 58 7 41 9 29 2 44 3 52 21 61 10 40 17 38 
11 15 35 21 79 4 81 22 99 1 47 3 36 11 91 9 75 19 61 13 93 6 73 
13 3 83 7 88 1 95 6 93 12 84 20 98 18 97 9 94 24 98 25 84 5 89 14 94 15 99 
16 16 58 24 67 4 69 2 73 9 88 14 98 25 76 18 59 5 99 10 84 1 80 22 84 19 88 20 99 7 73 12 81 
14 17 88 12 95 14 94 1 96 15 96 13 88 10 91 19 97 18 91 3 94 16 88 11 90 9 92 21 95 
16 19 92 1 96 4 95 2 92 23 96 5 99 24 98 17 95 10 93 25 98 9 96 15 98 16 94 11 98 22 98 12 99 
17 15 23 5 50 18 28 17 34 25 46 19 60 10 46 3 63 14 35 23 23 11 35 1 55 4 46 20 30 22 25 6 59 2 40 
16 15 59 2 93 14 61 11 78 12 63 9 87 17 61 16 97 5 67 3 92 13 64 21 66 23 84 20 98 10 67 19 73 
16 11 38 23 83 10 65 3 50 18 40 22 53 6 79 21 61 16 70 1 66 13 46 14 47 7 38 12 78 24 56 20 60 
12 1 48 24 91 21 69 17 59 18 61 8 75 11 92 16 55 7 92 15 89 3 87 25 96 
16 7 54 12 85 25 86 3 65 2 60 17 78 21 75 5 74 8 70 1 60 13 78 6 59 11 87 9 81 10 56 16 70 
8 22 35 6 83 4 96 9 68 14 52 13 97 23 58 2 46 
11 20 10 11 19 14 23 10 19 18 22 7 29 19 25 24 25 4 16 17 29 16 17 
18 12 52 25 88 22 84 24 58 20 58 9 56 7 97 2 85 21 56 15 87 6 64 5 69 1 59 8 53 14 58 18 70 10 66 16 66 
18 1 84 4 96 20 93 10 97 15 98 24 86 2 93 18 97 12 90 14 84 25 98 13 91 16 95 7 98 21 88 5 97 3 96 11 99 
8 10 10 8 20 22 16 1 30 7 14 25 22 19 20 13 20 
15 11 8 14 10 8 16 16 22 2 21 1 22 23 18 13 12 19 19 22 10 18 18 3 24 21 18 25 9 12 24 
18 13 54 12 80 21 99 16 86 5 85 22 75 20 84 18 85 1 85 25 98 8 87 9 95 6 64 10 79 14 78 2 75 7 57 24 92 
15 11 26 7 68 15 51 4 74 22 34 1 75 21 32 8 43 19 27 14 31 23 46 12 52 24 66 10 58 18 61 
11 12 49 25 83 16 80 7 66 4 65 8 60 11 53 20 99 17 57 23 83 14 64 
14 18 13 22 22 4 20 21 26 5 38 17 26 2 19 7 26 8 32 16 22 20 13 9 34 1 35 6 23 
8 8 85 14 90 12 85 20 98 2 93 9 90 23 96 5 92 
10 2 97 23 99 25 97 1 98 11 99 13 98 22 99 6 98 20 97 21 99 
16 11 58 14 63 13 72 1 64 21 80 8 82 20 81 24 94 6 82 25 81 7 68 23 91 2 97 5 89 17 60 10 81 
9 2 16 6 21 18 36 3 44 5 40 10 42 17 46 20 19 24 32 
13 11 73 16 84 1 82 4 97 23 88 2 85 18 89 3 96 24 81 6 99 13 87 5 91 14 92 
12 24 34 7 98 15 90 22 60 19 53 10 51 25 87 21 60 16 46 6 34 4 48 2 90 
14 19 32 25 41 6 43 1 94 11 90 24 42 10 52 8 43 16 63 7 80 13 68 9 44 20 43 17 68 
17 12 97 17 98 9 99 8 98 21 99 6 97 11 98 24 97 2 99 19 98 25 97 10 98 16 98 13 99 20 97 22 98 15 97 
9 10 32 14 62 11 60 2 57 7 44 6 69 21 59 9 70 1 79 
14 18 15 25 31 15 22 8 45 7 30 24 25 5 15 19 40 9 33 23 45 6 29 13 15 22 31 12 33 
14 12 30 13 39 22 87 2 77 21 55 15 31 25 62 3 59 9 80 8 58 6 43 14 80 4 49 23 60 
11 24 17 13 19 14 34 18 37 4 38 3 34 2 22 17 28 5 30 19 28 15 51 
12 11 15 22 26 7 42 17 24 21 31 8 44 3 26 1 17 13 21 18 45 10 22 5 45 
16 11 61 25 61 6 66 4 86 13 75 7 74 8 97 21 91 20 81 2 62 17 96 5 88 18 61 3 98 9 89 10 89 
10 23 39 15 94 24 64 4 77 5 76 14 56 9 91 20 41 2 54 11 61 
11 10 1 9 3 1 3 12 2 6 1 24 2 14 1 4 2 22 1 13 3 19 2 
13 5 17 18 47 11 33 4 24 25 20 2 46 24 38 21 26 12 38 20 48 22 18 9 51 1 46 
8 7 30 18 86 24 75 15 53 16 64 5 36 23 56 11 63 
15 1 22 17 28 14 49 13 39 10 25 12 27 22 34 3 39 16 47 18 66 25 49 2 43 21 30 5 34 8 54 
10 10 8 18 17 17 15 12 19 19 20 8 24 22 16 6 9 21 22 3 23 
13 4 73 18 73 2 92 19 89 16 97 1 95 8 86 11 90 12 80 3 93 15 83 17 84 14 77 
8 1 91 25 94 14 92 22 98 11 92 16 96 8 93 6 95 
18 17 93 24 98 14 96 19 97 8 94 18 96 1 96 12 94 11 94 2 96 6 96 23 96 20 96 25 98 13 97 21 93 16 96 15 94 
18 7 52 23 77 19 75 14 87 24 84 1 95 17 78 21 65 25 79 22 90 20 86 12 99 5 89 16 69 13 89 18 97 3 65 4 71 
14 15 80 24 87 10 93 17 99 4 90 22 90 19 96 18 91 5 85 11 83 13 92 16 94 12 81 21 90 
14 4 92 11 93 2 99 8 95 7 95 10 95 24 94 23 93 22 94 1 97 3 98 15 95 17 97 12 92 
18 14 32 5 36 19 41 18 46 23 92 22 43 1 76 7 47 10 49 17 41 12 70 9 77 15 41 13 70 6 92 24 70 8 95 4 88 
9 22 13 12 25 13 27 4 16 2 31 17 30 15 34 8 38 21 33 
13 4 46 21 92 23 98 6 84 20 68 24 98 11 89 9 68 3 59 1 78 12 57 22 54 5 57 
15 3 84 2 93 23 89 17 99 1 88 13 88 18 97 21 99 12 97 22 93 24 91 6 95 10 93 4 87 5 90 
9 22 67 21 94 12 83 1 79 10 99 9 89 24 72 6 84 23 77 
17 23 27 14 50 21 57 7 39 8 39 4 47 19 35 2 34 9 64 13 47 25 37 15 78 12 62 16 66 18 29 1 73 20 69 
14 11 86 16 92 18 96 12 96 15 94 5 97 4 96 13 88 20 94 14 90 7 93 6 94 3 95 17 98 
11 16 36 24 37 23 53 21 94 9 78 2 69 1 92 15 96 11 73 13 43 5 86 
17 13 40 15 83 3 69 5 54 20 92 4 49 6 40 22 80 16 48 17 98 18 42 11 69 25 49 19 82 21 87 9 96 24 58 
13 24 66 11 83 16 99 22 96 5 91 12 89 1 86 10 92 18 81 4 76 13 86 20 88 8 85 
11 25 77 6 84 1 84 23 89 21 84 8 79 5 88 13 96 10 81 20 96 3 92 
10 13 16 6 25 21 20 24 25 7 26 15 19 11 48 25 42 12 26 8 18 
13 7 21 5 24 4 38 17 58 1 28 13 53 10 30 12 55 14 43 23 47 3 57 11 34 19 57 
15 4 83 7 87 22 85 9 91 2 97 3 94 12 88 19 96 14 91 1 98 6 85 15 95 20 96 25 94 24 97 
9 21 81 24 96 12 95 18 98 15 96 23 88 5 98 20 91 11 88 
16 8 45 24 79 12 46 21 92 22 62 7 90 18 76 1 54 25 75 4 55 10 65 6 47 11 88 16 93 9 55 13 60 
10 12 21 22 23 5 62 9 30 21 61 15 25 20 33 25 46 11 26 10 32 
18 7 25 14 53 17 31 8 27 1 64 4 44 9 29 21 69 19 29 10 53 18 65 22 41 25 36 23 39 24 30 3 28 2 73 12 25 
14 6 2 10 3 5 5 13 5 12 3 8 4 11 6 7 4 23 5 21 4 22 6 18 5 1 2 25 2 
15 18 20 6 30 10 32 12 20 23 23 19 50 25 46 11 53 5 37 7 54 3 36 8 36 9 28 24 47 4 57 
17 4 39 3 51 10 46 22 66 13 80 20 51 14 73 6 76 7 69 8 55 15 66 24 77 12 43 25 41 9 85 19 79 17 94 
10 7 5 21 13 17 14 1 7 23 5 13 10 5 8 6 14 14 5 11 11 
15 21 83 7 87 24 96 3 97 20 86 9 95 18 97 19 90 16 99 5 87 23 93 10 89 25 87 22 94 13 87 
18 22 5 19 11 10 10 6 11 23 8 14 9 21 10 9 7 17 6 2 11 18 6 7 11 3 10 13 11 25 8 15 12 8 8 4 9 
18 14 93 10 94 9 93 17 95 6 99 18 94 22 96 15 94 13 97 25 93 2 97 5 98 16 94 8 99 3 94 11 95 20 94 1 99 
12 4 51 25 61 6 70 5 96 11 80 10 97 19 86 21 88 20 82 3 66 14 57 1 69 
9 22 1 10 3 6 2 18 1 20 1 15 1 2 1 17 3 8 2 
15 2 21 18 38 24 44 3 41 13 45 23 47 12 53 15 48 4 45 22 23 19 34 21 48 11 52 7 23 20 38 
11 7 99 2 99 12 99 10 99 24 99 21 99 6 99 18 99 8 99 11 99 22 99 
8 7 94 14 97 17 98 4 98 5 99 2 95 9 96 6 97 
14 11 75 21 92 24 89 5 97 17 96 19 82 14 79 23 84 10 76 25 77 9 93 8 78 2 94 18 84 
8 22 26 6 47 4 30 14 78 24 67 12 58 1 36 17 30 
15 13 81 8 98 18 94 11 86 20 93 6 96 21 90 17 92 1 97 2 97 3 84 24 92 16 83 12 86 5 95 
15 17 72 18 94 8 95 10 95 7 73 23 73 11 82 19 81 2 72 20 91 4 99 5 78 24 97 3 80 15 89 
12 17 41 1 71 12 94 10 98 16 62 20 78 15 80 5 95 24 41 13 76 19 72 22 53 
14 20 85 2 87 22 99 25 95 18 86 23 88 3 91 7 93 1 89 16 86 15 92 24 88 4 89 10 98 
8 20 83 8 84 4 95 14 85 19 84 23 88 10 98 21 86 
18 6 74 8 88 5 80 22 96 12 90 14 81 16 83 21 81 19 85 9 89 17 80 20 99 23 75 1 80 4 89 3 95 7 83 24 98 
10 12 39 11 92 8 65 17 47 13 76 15 92 10 57 1 83 9 91 5 73 
13 21 51 25 89 16 52 6 87 18 67 14 75 5 79 1 61 2 65 10 71 23 55 13 69 22 59 
10 16 78 23 85 13 91 19 90 12 94 25 88 2 86 11 84 18 95 14 84 
16 4 80 23 91 20 89 3 86 14 94 8 93 25 97 10 96 15 92 9 99 21 92 1 87 7 98 22 84 19 92 11 88 
9 5 9 3 23 11 26 15 9 4 22 17 9 13 10 21 10 18 20 
12 9 19 18 51 16 40 22 42 4 20 7 42 17 42 23 30 15 39 6 30 21 24 24 47 
11 6 69 9 83 17 83 8 95 15 82 22 75 2 82 16 69 4 73 10 72 1 96 
16 25 92 9 98 20 98 17 93 14 98 23 97 22 99 21 93 3 97 15 93 4 93 6 98 16 93 12 97 5 92 7 92 
13 3 84 12 87 21 92 9 93 19 85 23 96 6 94 8 87 18 84 17 84 7 97 22 85 11 84 
8 20 12 23 31 25 30 24 21 14 25 17 14 3 36 22 19 
8 9 84 12 94 22 92 7 87 14 99 24 97 5 84 16 86 
9 3 66 17 69 19 75 12 69 7 69 22 84 21 82 25 85 20 93 
13 17 87 12 96 14 98 6 98 15 90 13 96 7 96 11 92 20 95 3 94 23 96 19 94 22 96 
13 5 17 6 37 4 48 20 46 11 37 13 21 10 19 23 46 21 49 12 36 17 43 14 45 22 21 
8 23 56 24 98 1 93 5 68 3 93 22 87 4 71 7 66 
