545 488 25
1 4
2 4
3 4
4 5
5 6
6 7
7 8
8 9
9 10
10 11
11 12
12 13
13 14
14 15
15 16
16 17
17 18
18 19
19 20
20 21
21 22
22 23
23 24
24 25
25 26
26 27
27 28
28 29
30 31
31 32
32 33
33 34
34 35
35 36
36 37
37 38
38 39
39 40
39 45
39 50
40 41
41 42
42 43
43 44
45 46
46 47
47 48
48 49
50 51
51 52
52 53
53 54
55 56
56 57
57 58
58 59
59 60
60 61
61 62
62 63
63 64
64 65
65 66
66 67
67 81
68 69
69 70
70 71
71 72
72 73
73 74
74 75
75 76
76 77
77 78
78 79
79 80
80 81
82 83
83 84
84 85
85 86
85 94
85 102
86 87
87 88
88 89
89 90
90 91
91 92
92 93
94 95
95 96
96 97
97 98
98 99
99 100
100 101
102 103
103 104
104 105
105 106
106 107
107 108
108 109
110 111
111 112
112 113
113 114
114 115
115 116
116 117
116 124
116 131
117 118
118 119
119 120
120 121
121 122
122 123
124 125
125 126
126 127
127 128
128 129
129 130
131 132
132 133
133 134
134 135
135 136
136 137
138 139
139 140
140 141
141 142
142 143
143 144
144 145
145 146
146 147
147 148
148 149
149 150
150 151
150 156
150 161
151 152
152 153
153 154
154 155
156 157
157 158
158 159
159 160
161 162
162 163
163 164
164 165
166 167
167 168
168 169
169 170
170 171
171 172
172 173
173 190
174 175
175 176
176 177
177 178
178 179
179 180
180 181
181 190
182 183
183 184
184 185
185 186
186 187
187 188
188 189
189 190
190 191
191 192
192 193
193 194
195 196
196 197
197 198
198 199
199 200
200 201
201 202
202 203
203 204
204 205
205 206
206 219
207 208
208 209
209 210
210 211
211 212
212 213
213 214
214 215
215 216
216 217
217 218
218 219
220 221
221 222
222 223
223 224
224 225
225 226
226 227
227 228
228 229
229 230
229 239
230 231
231 232
232 233
233 234
234 235
235 236
236 237
237 238
239 240
240 241
241 242
242 243
243 244
244 245
245 246
246 247
248 249
248 254
249 250
250 251
251 252
252 253
253 259
254 255
255 256
256 257
257 258
258 259
276 277
276 283
276 289
277 278
278 279
279 280
280 281
281 282
282 295
283 284
284 285
285 286
286 287
287 288
288 295
289 290
290 291
291 292
292 293
293 294
294 295
302 303
302 314
303 304
304 305
305 306
306 307
307 308
308 309
309 310
310 311
311 312
312 313
313 325
314 315
315 316
316 317
317 318
318 319
319 320
320 321
321 322
322 323
323 324
324 325
328 329
329 330
330 331
331 332
332 333
333 334
334 335
335 336
336 337
337 338
338 339
339 340
340 341
341 342
342 343
343 344
344 345
345 346
346 347
346 350
346 353
347 348
348 349
350 351
351 352
353 354
354 355
356 357
357 358
358 359
359 360
360 361
361 362
362 363
363 364
364 365
365 366
366 367
367 368
368 369
369 370
370 371
371 372
372 373
373 374
374 375
375 376
376 377
376 379
376 381
377 378
379 380
381 382
383 384
384 385
384 391
384 397
385 386
386 387
387 388
388 389
389 390
390 403
391 392
392 393
393 394
394 395
395 396
396 403
397 398
398 399
399 400
400 401
401 402
402 403
410 411
410 423
411 412
412 413
413 414
414 415
415 416
416 417
417 418
418 419
419 420
420 421
421 422
423 424
424 425
425 426
426 427
427 428
428 429
429 430
430 431
431 432
432 433
433 434
435 436
435 441
435 446
436 437
437 438
438 439
439 440
440 451
441 442
442 443
443 444
444 445
445 451
446 447
447 448
448 449
449 450
450 451
464 465
465 466
466 467
467 468
468 469
469 470
470 471
471 472
472 473
473 474
474 475
475 476
476 477
477 478
478 479
479 480
479 486
480 481
481 482
482 483
483 484
484 485
486 487
487 488
488 489
489 490
490 491
492 493
493 494
493 505
494 495
495 496
496 497
497 498
498 499
499 500
500 501
501 502
502 503
503 504
504 516
505 506
506 507
507 508
508 509
509 510
510 511
511 512
512 513
513 514
514 515
515 516
521 522
522 523
523 524
524 525
525 526
526 527
527 528
528 529
529 530
530 531
531 543
532 533
533 534
534 535
535 536
536 537
537 538
538 539
539 540
540 541
541 542
542 543
543 544
544 545
9 5 61 11 64 25 82 23 63 12 61 1 99 21 83 19 69 14 80 
13 22 5 18 12 13 6 10 8 14 5 24 14 9 5 4 13 7 9 2 5 5 5 3 15 6 15 
11 21 22 12 45 13 54 17 47 4 24 18 34 8 48 7 44 11 24 14 27 10 63 
17 17 67 1 76 12 88 4 92 14 89 11 82 20 86 8 89 3 70 18 82 9 71 7 81 6 81 21 76 13 73 25 86 24 67 
9 2 88 23 94 11 94 24 90 14 96 10 99 18 88 3 95 8 95 
10 22 72 9 81 6 87 10 76 4 72 19 72 12 78 3 90 25 83 20 86 
11 8 95 4 97 6 97 12 98 19 98 11 96 5 95 18 97 25 98 16 95 23 98 
16 3 18 13 51 5 29 12 53 7 24 21 44 16 36 25 44 1 37 10 37 15 43 9 31 18 50 6 43 11 33 19 28 
9 20 52 3 66 14 87 19 58 21 71 2 91 12 85 16 96 23 53 
15 1 28 11 55 17 31 14 50 7 53 13 44 15 55 25 55 22 44 6 76 18 77 9 45 20 58 3 75 23 45 
10 7 75 3 78 10 75 4 87 22 96 25 84 9 80 24 98 19 96 5 77 
15 22 55 10 76 2 71 17 89 12 65 19 75 18 96 20 58 7 78 9 87 16 91 4 57 6 89 15 58 3 85 
16 10 82 5 84 22 92 19 87 7 94 21 94 11 95 4 99 13 96 2 89 16 94 25 87 15 83 18 92 20 85 6 93 
12 19 77 13 90 25 93 6 92 21 94 16 89 1 98 8 86 9 98 23 86 17 94 24 95 
17 13 6 4 6 12 18 8 17 16 11 9 8 15 14 7 15 19 7 18 11 25 7 6 10 10 18 5 6 22 13 11 10 2 13 
9 24 28 7 74 18 48 12 38 9 31 10 35 21 42 3 60 25 50 
11 13 49 20 65 21 88 7 89 19 92 24 80 22 91 15 67 8 88 16 75 6 54 
17 23 78 22 93 14 98 21 86 25 78 24 97 2 92 5 89 4 81 1 90 13 99 7 83 12 92 11 97 15 96 10 94 6 94 
8 15 86 14 92 21 88 25 93 6 96 9 98 19 96 13 98 
15 1 99 8 99 10 99 12 99 17 99 18 99 25 99 14 99 22 99 7 99 2 99 21 99 19 99 15 99 4 99 
11 25 23 11 45 5 40 9 57 17 64 23 23 3 31 12 56 16 23 18 37 24 56 
18 7 97 12 97 25 98 16 97 13 97 1 99 6 99 23 99 21 99 5 97 22 98 20 98 4 97 19 99 24 97 8 98 9 99 17 97 
17 8 69 17 99 12 73 14 89 9 74 7 76 13 70 20 89 2 90 24 78 6 75 21 78 19 85 3 87 11 72 4 76 18 80 
11 18 99 10 99 14 99 23 99 24 99 22 99 8 99 11 99 21 99 6 99 9 99 
9 6 95 22 99 23 98 1 98 9 96 25 98 7 97 11 98 21 98 
13 18 80 4 93 16 94 15 82 14 80 21 90 2 80 3 80 12 97 17 96 10 92 7 84 24 84 
15 17 39 2 65 9 76 19 98 12 49 23 89 1 64 13 87 5 87 25 65 7 98 4 96 8 87 20 57 10 91 
10 9 31 18 32 25 90 17 89 14 88 15 69 12 74 22 73 13 79 24 40 
12 16 75 15 82 10 79 20 93 18 82 7 99 9 79 13 97 14 94 3 99 17 78 23 88 
16 20 24 1 33 9 63 19 62 8 48 23 55 6 50 14 36 5 66 11 25 2 69 18 48 24 37 3 66 12 31 4 25 
13 22 3 7 8 6 5 8 4 15 6 4 4 9 9 12 7 25 4 3 6 5 9 14 7 2 7 
15 21 18 5 48 20 52 22 28 12 37 11 54 9 19 10 31 8 22 23 40 1 50 7 36 24 48 13 19 19 40 
16 14 24 22 41 16 70 24 57 6 56 7 72 8 72 13 26 17 61 21 32 10 33 1 30 18 67 5 50 11 45 20 66 
13 7 68 22 77 16 92 1 96 4 73 15 95 6 96 8 94 25 74 20 76 3 82 23 86 19 78 
9 14 32 25 61 9 52 21 92 5 84 6 46 8 51 23 85 16 92 
15 3 77 23 97 12 91 9 83 13 81 4 93 18 97 14 81 7 94 15 81 25 95 8 89 10 80 6 86 17 77 
17 19 66 24 66 21 75 12 91 14 91 20 83 4 74 9 80 1 73 6 97 15 94 25 69 2 90 22 96 7 79 17 88 5 67 
11 21 90 2 95 12 94 9 99 6 91 23 90 7 93 5 94 18 91 1 99 25 97 
8 22 59 17 72 14 88 13 99 21 90 20 74 8 62 11 94 
18 18 98 10 98 24 99 3 98 11 99 14 99 19 99 15 99 9 98 25 99 6 99 5 98 12 99 23 98 21 98 7 99 13 98 17 99 
9 9 84 3 99 24 97 22 91 2 88 6 94 21 91 14 92 19 88 
10 1 76 13 90 12 79 20 98 19 88 10 78 23 96 15 81 4 81 3 86 
14 23 95 4 98 9 97 11 98 5 97 15 98 10 96 19 98 8 98 3 97 12 96 18 96 20 97 13 95 
11 16 14 6 35 8 36 19 16 7 34 20 37 4 22 22 33 14 30 17 22 15 18 
15 23 14 2 39 4 18 15 30 1 42 21 40 5 37 12 21 17 23 9 28 13 38 10 28 8 28 19 23 7 42 
16 23 54 14 76 22 60 15 77 12 95 11 69 19 76 3 77 1 87 8 59 17 62 4 87 7 59 18 61 2 88 16 69 
14 5 52 15 55 4 56 14 92 1 78 18 59 17 69 7 98 23 60 2 55 16 64 22 79 3 59 6 68 
14 19 3 3 6 4 5 8 6 17 8 14 8 6 3 18 3 15 7 24 4 7 8 1 6 20 8 21 9 
9 10 7 23 7 9 14 18 16 7 15 11 14 19 18 15 18 2 16 
18 15 85 12 88 8 88 17 87 3 86 9 91 21 87 1 90 23 97 13 90 4 97 11 92 16 85 19 93 2 94 7 98 14 90 25 97 
8 10 1 24 3 4 2 3 2 7 2 18 2 12 3 19 2 
9 17 71 2 90 6 89 3 81 21 79 20 93 18 73 25 89 15 89 
16 7 34 1 58 24 43 20 46 10 88 16 65 23 81 15 54 5 70 2 35 12 93 21 56 17 71 25 34 9 78 13 76 
13 18 49 22 83 24 73 8 68 23 68 2 96 14 89 10 85 11 92 7 59 3 94 1 78 5 81 
16 19 26 6 62 12 56 1 60 9 35 3 28 15 59 14 27 8 70 10 78 21 64 20 47 25 32 11 30 2 71 23 61 
12 22 70 23 75 6 83 21 78 7 73 10 94 20 90 1 92 5 94 15 71 18 93 24 76 
13 22 34 12 52 6 90 11 93 25 36 3 37 8 62 21 97 15 88 9 98 20 87 5 62 18 85 
13 23 45 10 87 3 56 19 54 17 50 4 73 25 86 15 49 11 91 18 45 9 77 13 88 20 77 
15 8 33 5 60 14 58 18 60 7 70 13 56 21 78 17 62 19 84 2 51 20 53 15 50 6 48 24 99 16 47 
13 25 99 16 99 22 99 19 99 7 99 18 99 12 99 5 99 4 99 17 99 6 99 11 99 20 99 
13 9 85 18 97 16 87 23 88 13 91 6 99 12 86 24 98 7 98 5 95 14 86 11 88 22 99 
8 19 12 11 29 12 12 2 14 3 31 1 17 22 20 8 27 
9 6 39 25 48 4 73 11 71 24 43 19 84 8 51 7 41 20 59 
15 23 61 25 86 3 85 18 67 1 85 12 72 21 91 22 78 6 64 9 98 24 74 5 75 19 90 7 92 14 81 
14 18 82 5 97 10 87 3 89 24 85 14 87 9 88 16 91 8 96 22 93 11 84 7 91 19 88 21 83 
13 11 16 12 30 7 43 22 47 2 34 10 44 3 22 5 35 16 32 6 44 24 22 21 26 17 42 
17 18 2 25 4 6 2 3 4 14 6 1 4 7 4 24 5 21 2 22 5 20 3 13 6 10 6 15 5 11 4 8 5 17 6 
18 21 97 10 99 19 98 20 97 6 97 5 99 14 98 3 99 1 97 13 99 8 99 4 98 7 98 16 99 17 97 11 97 15 99 2 97 
17 11 76 5 78 6 77 23 77 1 94 9 99 7 88 20 99 19 86 10 80 15 87 3 83 13 81 22 81 14 89 17 94 12 90 
15 9 51 6 75 4 80 5 72 12 64 18 56 8 63 16 52 17 92 2 55 13 99 14 56 19 98 23 60 20 82 
12 12 59 22 71 6 84 3 89 17 86 15 77 9 96 14 89 24 72 13 87 1 83 7 96 
14 16 24 7 72 25 61 21 33 1 38 14 36 17 40 22 42 9 45 8 67 12 57 10 58 5 39 23 60 
15 4 91 17 93 24 99 21 92 3 91 12 93 18 98 5 95 16 92 6 91 13 94 7 94 10 97 23 94 2 92 
18 3 73 9 91 5 83 17 78 16 79 18 88 20 98 22 88 7 75 1 96 11 94 24 92 13 74 8 95 21 74 15 84 25 97 2 88 
18 7 43 16 69 13 46 19 70 3 67 20 89 23 84 1 97 22 43 4 46 24 97 8 45 12 65 6 66 5 43 18 92 2 84 21 52 
12 6 94 11 98 12 94 7 98 3 97 17 99 9 98 5 99 23 94 14 99 15 94 10 98 
18 10 29 25 48 5 58 14 34 11 41 9 71 24 57 23 80 21 29 15 38 20 83 3 63 8 69 6 65 1 51 22 70 17 79 7 78 
16 15 36 6 70 24 70 19 75 13 49 1 40 17 62 8 47 2 38 14 44 9 52 7 63 3 45 11 49 20 67 4 94 
17 4 84 18 94 16 86 9 96 24 91 8 98 14 97 11 91 5 86 12 91 13 91 3 99 23 88 21 86 19 95 2 89 15 92 
10 4 23 9 30 15 57 5 67 18 38 8 52 2 47 1 46 25 26 7 43 
17 9 55 16 93 22 93 19 81 17 76 1 77 5 91 3 95 6 73 12 77 11 72 13 96 10 71 7 63 8 73 23 93 25 96 
13 19 36 2 42 22 53 6 71 7 59 13 55 5 57 23 99 11 76 8 92 16 54 21 73 20 44 
17 9 58 17 78 8 76 24 86 22 60 7 68 6 98 19 67 25 73 10 93 18 68 20 84 1 85 16 73 12 87 15 63 21 65 
9 15 50 13 88 12 77 1 52 17 90 2 51 14 58 3 61 21 83 
9 12 45 10 77 13 96 23 87 16 85 8 83 4 75 14 64 5 61 
12 20 89 10 96 3 95 2 98 25 93 11 97 16 96 5 93 21 89 22 97 6 95 23 91 
9 20 25 13 57 1 34 3 32 21 59 4 36 17 56 23 70 2 30 
12 9 18 12 32 17 27 25 36 5 37 18 19 3 23 1 39 22 40 10 52 21 29 20 37 
13 23 90 7 97 10 91 3 99 21 95 15 91 16 95 13 91 19 96 17 98 11 96 6 91 12 93 
11 20 52 12 57 8 77 17 60 2 78 25 54 3 80 24 73 19 93 15 93 18 89 
17 21 99 11 99 8 99 20 99 13 99 4 99 24 99 9 99 10 99 25 99 3 99 5 99 12 99 16 99 19 99 15 99 22 99 
10 5 92 25 99 10 98 24 93 18 98 7 98 8 93 14 95 16 94 6 96 
16 4 38 2 55 19 38 13 60 16 50 11 38 3 50 21 80 9 41 18 94 10 94 12 44 22 46 7 79 14 57 5 50 
10 5 95 25 97 20 98 4 98 12 97 13 98 15 98 24 99 17 99 19 97 
8 24 90 12 92 3 97 17 92 11 95 18 92 15 98 9 91 
16 8 11 21 18 18 25 7 20 23 26 5 29 17 32 3 28 4 24 20 13 6 18 13 13 22 23 24 11 25 28 1 29 
15 10 56 21 60 15 82 19 76 24 71 4 59 7 63 20 80 8 67 11 69 13 94 14 61 5 68 22 91 9 89 
11 4 23 8 36 1 46 24 57 5 39 15 24 10 27 2 34 25 37 22 34 16 68 
9 5 64 7 75 6 79 16 69 17 82 13 69 2 90 22 80 19 99 
8 18 39 25 88 2 51 13 87 11 97 14 70 7 44 10 41 
13 14 15 17 16 11 37 6 37 21 24 7 43 4 28 24 23 8 45 20 35 3 43 16 36 19 30 
13 7 71 14 98 21 81 8 95 23 79 6 75 3 94 19 75 2 76 25 72 17 72 22 93 16 86 
13 7 50 5 87 11 54 1 97 17 63 16 71 4 70 25 51 19 67 9 69 8 78 23 96 6 85 
13 16 7 21 13 4 10 2 13 9 18 5 12 6 10 1 9 11 14 13 12 15 19 8 9 24 10 
14 1 32 13 34 15 77 20 78 16 53 19 55 7 48 25 84 22 59 14 85 6 94 8 94 11 68 17 32 
15 9 25 15 50 7 39 20 27 1 47 8 68 24 58 17 49 23 72 4 29 19 50 11 33 13 63 14 67 12 38 
13 3 96 5 97 22 98 15 96 12 97 7 96 2 98 1 97 19 99 14 97 11 96 21 96 8 96 
14 19 34 24 44 12 61 10 90 3 34 15 77 2 36 13 42 9 59 8 70 11 92 1 91 16 73 17 81 
8 13 23 5 59 23 38 6 35 4 67 18 55 16 28 11 54 
10 24 75 3 91 14 98 18 79 9 99 16 98 11 86 21 76 4 92 20 98 
18 19 90 9 93 1 94 12 91 23 91 20 95 8 99 10 90 17 95 16 92 2 95 14 91 5 96 15 90 4 95 18 94 21 91 13 91 
10 25 61 13 77 19 66 3 83 8 99 6 79 21 91 15 71 7 94 16 76 
14 12 88 16 94 6 90 14 97 10 99 21 89 23 88 15 95 20 96 24 93 2 99 7 91 8 95 9 92 
9 21 81 4 90 23 97 14 81 2 96 11 90 15 96 8 98 22 95 
12 7 97 1 98 18 99 11 98 8 99 13 99 15 97 22 97 6 97 17 99 2 98 20 98 
14 23 53 19 63 3 87 2 75 21 54 12 73 4 70 8 65 17 79 13 79 14 91 7 97 9 78 1 71 
18 24 19 21 27 10 54 14 53 25 21 22 54 2 53 3 57 12 46 7 52 18 46 19 41 5 29 13 33 17 31 15 41 20 37 4 32 
12 8 11 15 31 5 31 12 26 11 33 9 32 16 23 3 33 2 26 7 20 13 18 22 29 
14 1 10 13 14 4 11 9 22 22 21 25 25 12 30 2 29 20 16 24 19 14 29 21 15 7 13 10 15 
13 9 81 19 97 14 97 18 83 8 94 25 90 11 92 23 84 16 85 17 92 3 95 5 99 12 89 
12 3 75 6 88 23 75 21 96 7 92 8 81 25 83 20 81 1 76 2 88 22 91 15 97 
11 7 79 23 87 8 94 22 96 16 81 4 93 21 89 14 96 10 99 25 96 13 98 
10 12 15 25 24 18 26 1 17 10 37 17 24 13 42 22 44 8 39 15 29 
9 20 96 4 99 3 97 15 99 10 96 8 96 24 96 7 99 1 97 
17 2 10 22 27 4 30 7 17 13 20 19 23 12 23 3 22 23 13 16 27 5 29 1 24 25 28 18 20 10 14 20 11 11 26 
18 14 14 8 21 3 37 12 15 23 21 18 36 9 34 19 25 4 38 20 33 1 32 16 34 24 17 22 29 15 34 11 27 13 15 2 40 
10 21 50 19 62 16 85 4 87 10 69 3 69 2 67 22 94 14 55 17 77 
10 17 42 4 47 9 58 3 53 21 64 2 82 19 44 18 59 5 88 8 81 
14 18 71 24 73 11 96 2 97 19 88 4 81 5 77 23 79 12 99 21 78 6 83 16 94 14 72 1 88 
8 2 64 3 69 20 84 19 98 16 97 9 76 22 98 4 81 
8 8 34 2 41 1 35 9 97 5 79 20 87 6 39 10 86 
13 4 51 5 95 3 68 12 99 19 93 6 63 24 93 10 57 9 71 21 83 11 78 15 64 22 72 
8 3 24 21 71 22 35 14 24 16 59 19 55 10 41 7 31 
9 19 65 6 71 14 77 22 76 10 66 23 94 24 66 20 66 9 92 
10 2 69 24 90 22 84 23 83 3 72 20 70 1 86 4 72 19 70 18 89 
10 3 42 10 90 17 61 20 92 21 42 16 86 11 44 12 64 7 98 1 79 
18 8 44 10 58 1 70 13 82 4 84 18 90 9 70 5 88 2 98 17 46 23 84 19 86 16 73 24 70 6 92 12 80 7 56 15 79 
9 1 21 14 50 10 44 12 51 4 57 23 48 8 57 19 34 21 61 
12 12 81 19 99 18 81 6 85 10 81 2 97 3 91 4 87 24 84 8 99 25 82 20 86 
10 12 26 15 66 24 29 21 75 5 38 19 40 17 64 14 59 6 44 20 34 
11 7 79 17 96 15 80 10 93 12 93 24 94 8 85 3 99 13 92 25 91 20 80 
11 17 59 10 70 5 59 19 62 13 81 21 65 2 98 18 77 12 59 14 74 24 60 
18 9 23 4 60 11 49 22 67 18 29 6 38 20 38 24 32 13 32 8 65 10 37 15 42 5 38 7 64 25 36 3 62 23 26 12 25 
18 19 72 17 74 22 81 2 78 13 73 1 90 12 95 14 83 18 94 23 72 16 80 5 93 10 83 6 85 24 76 4 89 9 80 20 95 
13 17 55 6 70 14 58 18 81 13 70 7 88 1 58 2 93 4 60 10 90 24 76 5 73 22 69 
18 13 81 25 96 15 89 14 82 8 92 6 81 24 99 9 88 1 99 10 98 16 89 22 83 7 91 5 83 20 99 21 84 11 84 18 84 
17 15 57 1 81 11 83 24 73 20 88 8 83 19 79 18 85 6 90 7 98 22 79 23 74 3 70 2 70 25 67 10 66 16 65 
13 10 12 14 13 18 32 17 20 4 20 25 22 24 21 12 25 19 20 11 12 8 32 3 15 22 35 
10 13 31 17 89 20 68 11 84 12 71 10 64 14 76 8 90 25 69 1 66 
18 9 64 7 84 15 79 21 86 25 92 18 85 1 79 16 91 14 73 11 73 22 88 3 84 20 77 10 81 5 74 23 85 17 98 24 80 
15 7 75 6 94 21 75 4 93 3 88 19 88 12 97 10 84 14 98 1 93 25 81 24 77 8 85 18 80 15 98 
16 8 18 12 18 13 34 22 42 14 35 20 33 7 41 25 32 10 53 24 30 21 30 2 53 3 20 11 39 15 30 18 46 
12 23 18 9 42 24 20 10 37 25 19 11 33 16 20 17 20 5 27 15 26 6 50 3 42 
12 16 30 1 47 14 39 7 87 23 62 25 78 6 88 3 39 20 80 24 84 18 60 5 79 
10 6 39 7 74 20 55 3 83 12 90 25 81 4 92 16 40 18 78 11 39 
15 17 59 21 96 7 68 4 75 1 96 10 82 16 92 19 83 11 70 2 68 15 67 23 59 5 83 22 67 12 68 
14 11 62 15 82 3 87 9 95 5 67 2 98 13 71 24 84 18 90 12 65 10 83 17 90 1 97 14 67 
8 15 18 5 28 14 46 24 48 23 49 11 23 10 45 9 34 
14 3 38 6 73 24 91 21 52 7 80 19 83 11 77 17 62 8 75 23 76 5 97 14 99 1 50 13 60 
9 2 64 3 73 11 91 18 83 20 70 9 94 13 68 17 83 12 91 
15 9 93 24 97 17 93 18 93 4 98 10 94 16 96 8 94 15 97 12 96 25 99 7 96 21 98 20 94 19 99 
15 2 2 11 3 8 2 10 3 4 2 3 6 7 5 25 5 23 5 22 4 9 3 1 5 13 4 15 4 18 4 
11 7 13 22 25 5 24 16 14 25 25 11 17 15 18 2 32 24 28 12 32 20 28 
18 3 62 2 64 21 75 25 81 15 86 9 75 16 91 8 77 4 78 23 95 18 77 20 68 24 83 1 94 17 80 7 78 13 81 12 66 
16 8 86 15 87 6 91 5 94 24 87 14 90 18 88 10 96 22 89 7 99 20 86 13 99 2 99 19 95 17 98 9 96 
8 1 94 23 95 15 98 4 95 25 99 5 95 2 99 16 98 
18 12 75 11 89 20 81 3 98 1 83 22 89 13 88 5 81 7 80 19 95 8 79 15 88 23 86 14 79 25 89 6 84 17 91 2 83 
10 4 12 22 35 5 16 16 30 18 18 23 15 1 28 13 16 7 22 11 22 
15 25 84 11 84 4 86 12 88 19 93 2 93 24 88 13 97 23 84 14 99 20 95 18 96 1 91 17 97 8 97 
17 18 8 22 13 24 16 19 20 20 9 4 15 14 8 10 20 11 12 2 8 9 13 12 24 7 13 8 13 23 20 13 9 15 9 
15 5 40 1 92 6 40 13 69 14 52 21 42 8 91 11 82 20 93 15 92 3 58 23 96 19 77 4 53 18 83 
11 2 63 16 96 9 91 10 68 17 74 23 71 19 68 5 95 24 88 11 72 4 94 
13 7 80 5 86 12 80 17 85 23 82 3 84 1 96 19 94 9 99 6 99 22 83 20 95 25 80 
14 13 53 3 54 25 97 6 76 8 68 1 53 23 60 22 89 12 85 2 76 19 89 4 78 21 69 16 55 
17 22 98 19 99 9 98 10 99 4 98 8 99 21 98 15 98 12 99 6 98 25 99 20 99 23 98 24 99 13 99 11 99 14 99 
16 14 43 4 77 7 93 5 82 2 90 3 61 19 65 8 88 9 62 10 57 20 84 23 72 1 68 18 90 6 56 13 55 
15 3 39 24 74 13 54 16 75 15 41 9 93 11 64 6 91 19 75 4 83 8 61 7 62 23 58 1 73 25 96 
12 17 43 7 72 25 74 13 86 20 91 15 81 14 46 22 58 23 51 4 93 5 46 9 57 
11 4 29 10 55 6 83 5 80 25 84 20 43 12 74 19 63 1 80 3 41 11 57 
8 4 52 19 91 10 62 2 66 5 95 23 90 18 86 8 92 
9 9 84 11 95 1 84 19 94 13 94 21 86 23 92 2 88 10 92 
17 21 96 8 97 12 98 22 97 15 96 23 96 16 96 4 97 14 96 19 98 1 96 11 97 6 97 18 99 17 97 7 98 9 98 
13 23 9 22 13 6 23 5 21 11 20 10 15 18 21 1 26 17 25 7 11 25 21 13 12 3 15 
18 15 96 5 99 8 98 2 98 3 96 9 98 22 98 6 99 11 96 16 98 20 96 4 98 10 97 17 96 19 99 7 96 13 98 18 99 
17 2 59 7 82 17 76 10 99 16 77 20 70 1 67 24 64 25 95 15 73 9 90 6 81 11 78 8 91 18 64 4 77 3 70 
15 7 18 5 22 3 23 4 40 19 26 8 26 24 29 6 41 20 54 2 47 22 27 14 52 10 26 16 44 9 46 
16 24 22 21 58 1 28 10 46 22 43 18 34 3 58 12 32 25 39 20 43 13 26 17 28 16 47 4 45 23 53 11 42 
17 10 48 2 97 25 88 21 96 5 88 16 68 13 98 6 49 12 64 22 92 20 67 9 98 8 63 15 78 19 62 24 77 23 58 
8 15 20 13 58 1 55 6 32 5 21 21 48 8 25 18 20 
11 12 11 7 29 5 12 21 14 9 28 3 22 17 18 15 24 2 33 8 15 14 12 
9 10 31 1 64 15 31 8 61 19 55 20 52 22 65 23 42 21 78 
8 15 97 16 99 14 99 6 99 8 98 18 98 17 97 3 99 
14 15 44 14 97 22 78 3 74 24 72 19 58 2 52 23 83 5 61 4 90 1 64 9 62 21 50 17 47 
13 16 55 25 58 2 97 10 98 6 89 8 59 11 73 15 64 7 92 23 99 21 74 3 74 18 81 
9 7 34 4 72 25 67 11 48 8 63 22 38 12 38 9 92 3 93 
11 7 61 3 61 1 77 25 97 17 93 16 76 14 97 10 84 6 63 2 94 23 70 
9 25 32 7 81 24 53 10 66 18 54 22 57 9 34 13 68 14 40 
11 23 7 11 9 18 9 15 19 6 16 24 19 22 7 14 7 16 15 13 10 25 8 
14 1 4 12 4 2 7 14 11 9 5 11 12 24 6 5 7 15 7 10 4 18 12 6 11 8 11 4 7 
13 14 55 8 84 23 77 10 73 1 59 2 59 18 80 24 70 12 63 21 82 16 57 7 94 19 96 
11 17 54 3 73 4 62 23 59 19 97 1 78 21 92 22 97 5 62 7 94 10 97 
9 15 46 23 85 18 96 14 90 10 74 9 80 6 62 24 57 17 50 
13 16 30 23 81 21 58 12 57 4 59 24 73 14 85 1 89 10 33 5 51 25 89 3 80 17 73 
17 5 79 17 92 25 91 12 94 6 87 3 86 2 91 24 89 1 95 20 82 21 99 4 93 9 81 14 95 7 89 16 81 8 90 
15 18 72 19 77 6 82 1 81 17 74 9 94 22 83 4 81 8 90 3 85 11 92 10 97 15 88 7 98 14 91 
13 22 52 24 68 6 60 18 94 21 75 7 84 14 79 16 92 23 79 2 87 3 73 17 90 20 66 
15 24 81 10 99 22 94 17 87 18 92 11 85 3 89 1 96 8 97 4 91 25 85 14 87 2 95 16 86 5 86 
15 16 14 21 39 11 34 8 42 1 25 14 34 22 24 9 23 17 33 12 40 19 25 5 35 2 23 6 24 25 41 
14 18 29 9 49 20 45 7 47 11 41 19 61 22 65 13 76 14 39 2 62 1 75 24 29 3 31 17 53 
15 18 71 20 91 11 80 12 72 15 71 21 83 1 72 2 84 5 77 24 94 19 81 8 73 17 94 4 81 25 95 
11 15 29 22 45 1 34 11 41 12 83 16 52 6 34 9 42 3 80 23 61 19 51 
13 17 62 21 63 9 70 13 62 20 88 10 88 6 75 11 99 4 81 3 64 22 69 5 92 24 67 
11 17 98 1 99 5 98 22 99 25 98 7 98 24 98 8 98 14 99 15 98 23 98 
16 16 1 5 2 18 3 19 2 14 3 24 1 1 1 8 2 12 1 20 1 13 2 15 1 21 2 4 3 10 1 23 2 
12 5 5 25 14 22 8 1 15 13 9 15 12 3 5 20 10 12 14 11 10 19 9 7 8 
11 18 85 5 97 11 97 14 95 13 89 8 85 22 88 4 98 12 95 23 99 24 85 
8 6 45 8 60 18 78 10 73 19 76 4 80 2 74 3 78 
11 14 23 15 58 9 44 25 66 8 46 4 35 18 54 20 39 10 39 13 28 16 46 
9 4 66 17 80 12 87 23 91 24 93 7 92 5 69 16 76 2 85 
16 10 39 22 73 13 46 9 74 6 71 12 39 23 69 20 49 8 72 11 51 25 98 14 98 3 64 4 47 17 54 5 65 
18 22 78 23 80 20 95 11 88 7 83 21 81 18 81 15 89 3 85 10 98 24 84 6 98 4 80 12 83 9 82 14 99 1 98 25 96 
11 21 39 18 95 8 66 10 44 7 68 3 65 16 62 9 76 5 63 15 76 4 87 
17 10 32 13 75 6 89 20 44 19 83 3 56 1 58 15 44 18 95 23 48 4 94 16 60 17 40 14 36 25 56 21 71 22 33 
14 18 32 8 77 9 94 2 65 5 75 13 46 10 71 12 59 11 89 15 95 14 73 16 66 1 80 25 43 
9 13 27 24 62 1 81 23 70 12 33 15 46 10 65 8 56 25 76 
11 11 3 3 7 23 5 9 8 20 4 22 4 12 6 16 3 2 5 13 9 17 7 
9 21 85 7 96 19 97 15 99 12 96 11 88 16 98 4 86 1 87 
9 7 49 9 88 23 94 1 75 16 85 4 50 11 51 13 69 20 94 
10 3 95 9 96 14 95 7 96 13 97 20 97 23 96 12 96 22 97 6 97 
13 20 55 12 85 6 59 25 92 15 75 8 79 1 69 4 59 17 74 21 61 10 57 7 86 14 98 
16 17 55 22 60 9 66 11 96 2 65 6 77 19 58 12 68 15 99 23 84 20 99 21 95 1 76 14 86 25 96 8 96 
10 21 27 16 29 1 31 20 56 17 60 9 65 24 57 13 45 3 50 11 28 
14 9 72 8 75 20 91 22 97 5 73 23 77 18 91 17 87 25 95 6 72 11 83 12 91 1 99 14 75 
11 8 64 1 81 3 89 14 82 10 77 16 86 4 78 9 83 24 95 19 92 15 93 
8 5 2 10 3 8 6 16 6 24 2 3 5 19 3 17 4 
11 3 55 16 62 4 85 14 67 9 94 12 81 1 78 11 90 10 89 20 58 2 94 
10 4 67 5 94 12 97 10 88 2 80 21 83 25 86 7 70 20 86 22 67 
18 7 92 10 94 5 98 15 98 2 98 19 96 8 97 12 96 23 97 1 93 13 97 4 96 11 93 3 98 20 97 17 95 22 96 21 94 
11 5 36 18 87 14 94 17 50 23 49 22 93 12 82 6 74 1 41 24 54 10 80 
18 19 69 13 88 22 87 24 91 12 69 10 80 21 88 6 98 23 91 1 84 4 94 20 90 3 81 15 83 14 80 25 87 16 80 17 92 
8 4 99 16 99 25 99 5 99 1 99 12 99 19 99 21 99 
14 3 71 5 95 9 78 25 76 23 90 2 99 17 96 1 92 15 94 14 86 19 89 6 93 24 90 10 89 
11 21 76 20 83 14 84 7 86 17 88 24 95 15 94 16 86 13 91 18 87 8 93 
17 16 91 3 96 10 98 14 94 9 91 25 93 6 91 8 99 7 96 15 96 2 91 4 99 5 93 24 96 12 95 13 91 1 91 
10 9 75 16 80 15 91 10 76 19 99 12 99 5 89 1 93 25 77 3 80 
18 1 15 24 42 10 18 14 30 12 30 2 34 4 23 19 28 5 40 6 41 22 44 17 38 18 23 3 33 8 30 15 29 7 39 23 34 
9 10 15 16 34 22 38 1 15 21 26 15 18 20 28 24 22 7 26 
13 10 72 7 85 20 90 8 90 3 74 18 86 12 95 13 78 19 73 5 77 15 90 22 99 25 86 
16 18 90 3 95 10 93 11 94 1 99 5 90 13 97 15 90 6 97 14 91 12 99 9 90 8 96 25 94 24 97 22 95 
17 20 46 21 77 5 48 2 68 10 58 3 89 25 87 12 83 16 55 6 59 22 46 15 80 18 53 19 95 1 49 4 52 9 52 
11 8 56 21 99 1 81 18 86 20 75 10 58 6 62 16 59 24 78 9 79 17 93 
16 25 46 11 68 2 94 5 59 4 97 12 48 1 98 16 91 20 61 23 79 7 84 6 52 3 59 21 66 19 59 14 48 
11 24 97 10 98 20 97 17 97 14 99 25 98 1 97 16 97 21 97 23 98 3 98 
11 14 17 13 32 21 20 10 39 16 39 15 47 24 40 8 43 22 31 19 45 9 21 
17 11 92 9 97 13 95 25 93 6 96 10 99 18 97 2 95 4 92 20 94 24 94 14 92 1 95 16 96 17 92 21 94 15 93 
13 16 58 17 87 22 66 14 82 9 94 12 67 20 81 2 66 23 94 18 92 24 92 5 62 1 64 
14 22 30 17 55 19 48 14 90 23 45 20 88 24 33 15 42 6 90 1 43 18 84 16 72 13 55 7 64 
10 6 93 10 99 23 98 25 93 12 97 8 99 18 96 24 97 11 96 21 96 
11 21 50 15 74 5 66 22 81 14 68 19 77 24 61 2 88 11 65 20 94 25 54 
18 10 82 21 93 7 96 22 85 11 83 12 93 8 93 2 84 3 95 23 86 13 86 14 83 18 98 17 89 20 95 1 92 16 86 19 97 
12 14 45 7 47 6 97 11 93 18 63 3 78 10 64 2 51 20 53 12 92 8 66 19 72 
18 10 5 19 7 12 11 9 13 15 13 5 12 14 7 3 5 23 7 22 11 2 7 4 5 6 12 25 15 21 5 18 8 24 7 20 14 
16 3 19 10 24 14 51 15 24 19 42 18 45 11 48 24 45 6 37 1 54 25 37 2 19 5 29 8 30 20 33 16 28 
16 21 53 20 73 18 55 5 87 3 56 10 56 16 70 2 62 11 87 24 89 13 88 8 77 1 85 25 91 4 60 7 74 
13 13 4 2 8 19 4 25 10 16 4 11 6 8 7 15 8 6 7 7 9 22 10 3 8 14 5 
9 11 12 15 30 16 25 8 26 17 12 1 31 14 33 12 33 23 18 
13 23 4 2 4 21 9 7 9 5 4 8 7 10 4 17 11 13 8 4 7 3 7 1 7 16 5 
14 18 48 12 57 3 72 9 92 16 62 10 96 25 69 4 62 17 95 11 71 8 85 23 89 6 84 2 57 
17 12 85 5 85 9 87 10 93 20 96 16 98 3 94 1 86 14 95 19 88 2 86 15 91 23 85 24 97 4 88 21 89 6 93 
12 6 34 7 45 15 57 19 57 4 76 16 76 11 59 14 79 10 83 13 58 17 55 9 77 
15 10 11 5 24 17 29 7 21 9 30 14 21 2 22 11 27 3 24 4 11 24 21 23 25 25 12 22 27 20 25 
11 4 73 5 88 7 79 14 77 8 87 12 92 23 97 11 73 19 78 2 89 21 78 
9 17 94 21 99 6 97 22 99 16 94 2 99 9 95 10 95 19 99 
10 1 78 8 93 15 84 10 85 24 96 12 93 2 96 16 92 7 87 23 81 
11 9 27 23 65 21 72 3 67 10 75 2 38 14 77 4 54 25 68 16 75 20 69 
16 18 38 6 56 1 63 7 72 2 93 13 72 20 55 17 81 25 98 15 65 10 80 16 67 11 48 23 80 5 63 4 77 
18 12 12 13 30 22 35 8 31 11 14 18 23 15 14 16 25 3 22 20 34 19 26 5 24 2 24 4 20 6 22 1 31 21 24 23 18 
9 23 25 12 40 22 30 13 70 9 48 15 40 1 32 16 46 4 57 
16 24 68 7 81 10 88 5 85 1 89 23 84 13 86 20 78 15 75 19 72 3 83 11 75 6 74 9 82 2 70 18 86 
12 24 82 15 93 16 99 23 85 25 92 6 92 20 93 8 86 11 82 10 83 22 97 1 94 
11 9 54 5 95 10 74 23 90 14 86 25 79 24 80 4 86 3 69 13 92 12 95 
16 13 90 14 97 8 98 11 94 18 96 6 91 12 92 7 93 15 90 17 96 23 91 1 94 2 91 20 96 4 90 21 96 
8 18 30 19 79 3 49 14 90 23 71 16 53 15 87 17 89 
15 5 48 16 79 22 64 19 59 4 91 1 58 23 76 25 55 24 82 9 85 18 99 17 56 15 82 6 68 7 48 
8 18 38 8 71 12 39 23 58 5 78 16 83 17 72 11 78 
17 22 27 2 52 7 71 11 57 23 66 16 75 14 69 20 72 4 39 25 66 19 65 10 58 9 69 24 71 3 45 6 62 18 68 
12 17 33 5 64 10 75 25 88 6 39 21 84 8 78 11 44 12 41 13 40 3 76 15 36 
18 1 23 3 55 23 38 2 45 21 39 14 33 20 34 11 62 18 63 25 38 13 45 16 29 17 59 8 35 7 41 19 56 9 29 6 31 
15 3 65 19 82 4 67 6 94 14 88 5 86 17 95 12 78 16 95 24 91 8 76 20 69 13 81 18 86 22 85 
15 1 87 9 89 2 88 4 99 11 90 5 90 6 97 23 96 3 99 18 90 10 97 8 98 24 87 12 94 21 97 
8 11 8 12 19 17 20 7 13 20 15 13 12 14 23 22 12 
8 10 49 20 72 8 69 25 69 14 54 15 66 1 80 21 64 
12 23 23 9 64 12 26 14 38 13 47 10 49 3 45 20 53 25 54 16 66 15 68 4 57 
14 12 38 3 96 13 98 9 91 1 48 11 46 2 39 6 75 17 68 15 55 18 43 7 90 24 63 5 45 
11 17 33 18 36 12 86 10 75 7 34 24 99 9 89 3 57 13 88 6 94 4 74 
14 4 49 8 55 13 94 17 82 22 71 14 71 21 69 3 58 12 75 7 59 23 57 18 64 2 83 9 71 
10 17 97 6 97 18 97 7 99 9 98 5 99 19 99 1 98 2 97 23 99 
17 22 44 4 77 9 66 8 50 15 68 6 64 19 98 2 47 14 50 25 89 17 78 7 52 23 69 24 44 5 75 16 76 1 89 
13 2 57 17 89 9 71 24 84 11 71 21 76 6 64 1 96 8 79 4 63 15 81 3 84 16 65 
18 21 78 7 87 24 92 15 81 16 94 18 97 8 97 11 96 17 81 5 92 19 86 12 89 1 85 10 96 14 84 9 92 22 95 20 98 
18 22 70 20 88 19 76 5 72 4 81 14 70 9 95 18 88 16 86 11 97 10 70 8 74 24 80 6 81 2 92 1 76 3 82 17 92 
8 9 40 1 50 6 49 10 71 17 53 4 63 5 68 21 95 
9 22 81 20 93 21 97 8 93 12 97 7 87 15 99 3 95 24 95 
14 9 25 4 51 13 26 5 72 17 73 23 50 16 39 7 70 18 43 15 73 25 51 11 74 24 44 20 50 
11 17 89 5 89 10 99 9 91 16 99 1 95 19 90 15 92 8 93 24 92 12 95 
13 22 45 1 82 11 50 25 47 15 84 3 81 20 88 5 65 21 63 13 65 17 91 8 68 2 94 
18 2 35 15 88 23 74 5 59 24 52 22 72 1 73 4 94 12 96 3 46 17 35 18 56 16 74 19 50 14 74 6 46 20 90 11 40 
8 19 56 13 83 11 79 25 75 18 90 21 67 24 89 2 71 
10 7 56 15 70 20 88 14 91 22 63 5 82 9 57 21 79 18 94 12 89 
14 2 73 25 86 3 92 8 81 5 89 13 92 1 95 17 76 11 81 23 90 24 95 20 83 16 78 18 90 
18 9 80 4 92 21 97 22 92 17 96 7 98 3 83 6 96 25 89 11 80 10 80 19 80 1 99 16 98 12 89 24 83 20 93 23 85 
15 3 24 22 35 25 54 10 57 8 30 17 31 24 59 7 48 16 26 6 57 14 38 13 30 18 35 1 48 15 69 
18 17 37 25 86 20 50 1 83 18 52 22 46 5 95 13 55 15 42 23 98 9 53 4 82 14 88 8 84 19 65 7 58 10 84 24 48 
10 7 95 12 95 4 97 8 95 23 97 20 99 9 99 11 96 14 96 15 96 
17 12 42 10 67 9 72 18 85 5 55 21 94 2 50 7 81 11 77 20 80 1 44 15 96 19 95 16 65 23 43 8 57 4 62 
16 15 32 4 59 6 50 17 94 23 83 14 71 8 36 22 41 24 71 19 42 5 66 12 49 7 71 18 68 21 80 13 83 
15 19 98 13 98 11 98 3 99 23 99 10 99 25 99 24 99 15 98 9 99 1 99 7 98 6 98 14 99 8 99 
18 25 87 22 91 8 97 21 89 17 99 1 94 7 93 14 90 9 98 4 87 15 92 5 95 13 91 16 94 3 95 19 93 2 89 12 98 
12 8 97 2 97 24 98 19 98 25 97 17 97 23 99 7 98 9 98 4 97 3 97 1 99 
18 18 14 8 36 1 38 20 39 12 17 11 18 2 21 3 16 14 29 17 19 13 23 15 42 21 35 19 17 7 29 4 27 5 34 10 28 
17 5 53 21 83 15 98 13 77 17 84 9 90 1 79 25 86 22 96 18 82 20 81 8 80 10 73 3 62 6 66 16 94 2 93 
17 12 4 25 10 18 6 2 6 16 11 14 8 5 11 22 9 4 12 19 9 17 10 11 5 13 8 9 9 21 10 1 11 24 8 
8 14 27 17 71 11 71 16 39 24 27 9 58 1 75 3 61 
11 1 43 23 73 13 88 14 87 24 80 6 60 3 48 20 95 18 66 10 87 19 66 
13 1 37 5 60 6 72 25 40 15 85 16 66 8 67 20 40 4 59 9 53 7 96 3 96 22 87 
15 6 1 19 1 7 3 23 2 21 2 24 2 10 3 9 1 14 3 4 2 15 1 25 1 17 1 11 3 2 3 
18 15 22 6 49 13 64 3 28 4 61 19 50 23 58 17 44 14 52 5 64 22 33 2 40 20 27 24 28 1 26 25 58 7 51 16 51 
17 4 27 5 48 15 34 16 59 22 30 10 46 23 49 19 73 14 34 2 71 13 69 20 63 24 61 17 42 7 74 6 69 11 58 
13 24 83 3 94 21 93 10 93 6 83 4 84 14 95 20 99 13 89 18 96 16 83 23 92 1 94 
8 25 21 8 23 23 24 21 31 12 24 2 36 10 39 19 62 
14 1 22 16 34 25 55 8 37 20 64 14 54 22 42 12 46 21 22 3 48 2 37 10 54 18 50 7 40 
11 8 64 14 98 6 65 19 93 2 90 13 98 22 86 21 95 15 81 20 73 11 87 
9 10 89 4 96 7 92 20 92 24 89 12 91 1 96 14 96 5 97 
16 17 84 23 86 14 91 3 90 5 85 2 85 15 95 1 88 24 98 6 99 10 85 4 88 7 93 22 93 9 97 20 87 
17 14 80 5 87 23 88 15 86 3 84 7 99 4 96 2 91 9 98 10 82 25 80 1 85 12 82 8 96 22 82 17 82 20 95 
15 23 66 5 85 17 81 4 67 25 97 6 70 20 91 3 99 16 94 12 77 13 98 22 88 9 90 8 74 1 80 
14 22 18 6 38 7 50 3 29 15 43 4 54 5 38 1 40 20 41 17 28 8 33 21 39 24 23 2 46 
8 9 47 23 73 1 54 4 94 18 47 11 91 24 78 8 76 
14 6 44 16 64 10 90 17 53 11 67 1 56 23 54 18 82 14 75 15 49 3 65 12 96 4 49 21 73 
15 16 10 3 27 18 25 14 13 23 16 5 20 4 17 21 21 9 27 15 11 1 12 10 22 25 29 17 14 11 17 
18 11 11 3 13 19 25 12 19 10 16 21 22 8 19 5 25 13 16 2 33 16 32 14 25 7 14 9 17 18 18 22 12 1 29 15 23 
18 9 67 11 90 10 67 7 95 14 95 15 99 5 75 22 79 24 90 12 95 8 98 17 80 3 82 16 93 4 80 18 84 6 86 1 69 
9 15 76 17 99 18 93 25 81 16 93 9 84 11 95 20 79 14 83 
14 18 51 14 64 9 87 4 81 22 94 19 95 7 82 15 71 24 78 25 85 10 76 12 99 1 71 20 74 
13 25 66 14 73 16 88 7 85 12 72 17 79 2 73 10 75 4 91 15 70 8 98 24 98 13 85 
14 20 58 7 99 17 89 1 64 3 87 4 71 8 96 9 71 16 65 2 75 5 69 13 90 21 90 23 89 
12 9 92 23 96 1 93 15 93 13 92 3 93 2 93 5 95 22 97 18 98 7 94 4 98 
16 8 19 15 57 10 48 23 26 9 45 7 38 17 52 11 29 22 19 1 29 16 52 14 37 4 47 21 32 24 24 3 55 
12 14 80 23 93 1 85 11 85 4 99 19 95 13 88 21 99 25 96 20 98 15 85 17 84 
14 24 18 15 45 2 34 4 40 23 21 11 18 25 23 14 44 9 45 1 43 5 47 16 19 21 42 20 20 
8 11 89 18 95 22 94 3 95 10 99 25 93 7 94 17 90 
13 1 79 4 92 19 82 15 93 12 93 10 91 11 96 14 96 20 79 17 93 9 96 7 98 25 99 
14 23 17 10 24 21 37 9 26 11 40 16 36 18 32 19 34 8 49 25 38 20 39 5 41 12 47 17 46 
14 8 50 1 57 19 88 6 68 22 60 10 71 16 95 9 67 12 58 15 79 21 79 11 54 17 91 18 53 
18 24 81 23 85 4 92 3 96 12 98 2 93 21 99 11 95 7 89 6 90 10 96 1 94 18 90 17 99 15 96 22 93 8 94 20 86 
16 16 49 8 96 13 76 15 95 19 86 5 85 22 56 20 52 11 95 14 83 24 83 6 65 3 74 9 64 12 61 1 90 
11 8 6 13 7 4 15 22 16 2 18 21 12 6 16 7 18 23 14 5 11 24 6 
13 24 1 12 2 2 2 19 1 9 1 23 3 21 1 10 1 22 1 15 1 8 3 17 2 1 1 
12 14 17 6 32 21 23 1 19 5 46 24 39 9 48 13 39 15 21 8 45 22 50 12 21 
15 10 68 22 69 9 80 8 94 17 86 12 79 21 89 18 99 6 94 24 70 1 76 7 81 20 69 5 87 11 94 
18 21 39 7 64 25 93 3 77 19 65 5 53 4 71 2 91 18 64 24 57 6 64 15 86 8 52 17 57 12 83 22 78 11 97 14 75 
9 12 78 20 85 19 84 18 81 5 99 9 93 13 92 8 93 14 92 
16 16 61 23 87 10 64 12 61 20 73 18 87 2 64 5 63 13 73 3 85 21 88 19 99 25 99 8 78 7 62 24 78 
10 10 79 17 94 15 89 8 82 16 83 21 91 20 87 14 83 25 98 11 83 
9 11 34 8 80 22 74 25 78 14 40 6 83 9 85 17 34 10 72 
15 18 75 10 93 12 96 3 92 2 90 20 89 16 83 17 89 14 93 21 93 22 84 5 84 7 84 24 76 6 94 
14 2 3 17 7 5 6 24 9 6 4 10 8 9 4 7 4 18 5 1 3 4 6 23 5 12 4 22 4 
18 16 21 18 49 17 22 22 45 19 63 24 26 25 43 6 60 5 32 13 36 3 31 15 37 21 30 4 24 9 47 10 41 8 30 12 51 
9 13 42 25 43 15 99 1 53 9 73 21 72 16 52 11 79 22 70 
10 23 43 11 62 21 80 22 86 17 63 13 61 19 45 1 46 4 55 24 45 
18 23 86 9 93 4 87 1 90 6 91 7 88 17 98 21 87 22 90 11 95 8 90 3 96 24 98 16 99 14 95 19 95 13 92 12 86 
13 10 9 12 18 25 17 5 22 6 23 4 24 18 10 2 10 8 18 16 27 19 17 9 13 3 25 
16 1 67 20 71 7 84 10 93 16 73 19 70 25 68 5 73 9 81 21 91 8 95 17 77 24 76 2 71 18 76 15 70 
8 8 61 18 78 4 62 5 63 17 73 11 86 22 74 9 74 
15 12 53 3 90 6 85 23 99 22 63 16 69 20 79 19 61 15 80 17 79 5 95 14 97 21 88 11 69 24 58 
10 17 40 21 51 7 76 15 81 18 98 19 72 22 59 24 92 20 64 12 93 
11 11 99 10 99 6 99 14 99 18 99 8 99 15 99 5 99 9 99 21 99 13 99 
12 11 88 12 91 5 94 1 98 20 98 23 95 3 98 14 92 4 95 16 92 2 91 8 96 
8 20 72 11 98 19 97 25 92 10 98 14 74 5 79 12 75 
18 10 79 6 83 18 98 9 87 7 87 25 95 1 91 19 87 20 79 17 81 12 81 2 96 24 97 11 83 16 80 8 81 14 82 4 95 
11 16 75 22 91 5 94 23 86 17 91 24 95 8 76 21 88 3 89 20 90 18 90 
9 18 44 1 71 21 70 2 52 14 57 24 84 23 74 22 76 4 58 
11 20 3 25 6 19 8 13 8 16 9 9 6 15 4 8 6 24 6 2 4 23 6 
14 7 28 3 63 24 43 23 75 1 55 25 75 14 79 5 50 9 47 20 36 21 57 6 68 8 77 15 44 
10 9 13 16 38 20 34 2 37 8 18 1 36 14 38 10 21 23 20 7 22 
13 8 93 10 95 15 98 24 95 5 93 12 98 4 94 1 93 23 96 13 93 9 94 11 98 16 95 
17 19 39 11 91 14 59 20 80 1 40 2 41 8 78 18 77 10 95 4 57 12 54 23 73 17 53 7 88 21 86 15 71 3 83 
13 19 81 15 82 24 92 1 93 2 84 20 99 8 92 18 96 13 90 10 82 5 87 6 98 21 81 
11 8 52 18 93 12 72 10 93 14 55 9 80 6 74 16 82 3 80 15 84 5 61 
18 14 67 2 87 15 85 3 78 11 99 22 84 16 80 1 96 25 88 19 82 6 95 20 70 10 86 7 72 17 99 24 94 12 82 21 93 
12 19 22 9 63 7 57 2 57 5 48 18 58 20 40 11 58 25 65 14 25 21 58 4 62 
15 15 21 24 53 12 33 10 27 14 34 23 45 2 26 22 25 13 59 8 61 1 58 19 45 9 58 16 60 11 36 
17 22 66 16 68 2 89 17 69 15 96 13 85 8 70 9 68 6 85 12 83 14 86 25 86 7 83 20 71 24 97 10 84 3 86 
18 4 23 14 37 13 43 6 27 22 55 24 28 1 62 23 25 7 27 5 27 16 30 25 61 11 53 20 68 19 54 17 44 12 63 2 62 
16 7 91 15 95 8 97 11 92 3 96 4 99 14 98 17 95 19 94 24 94 25 94 9 92 6 93 1 98 18 92 21 95 
17 25 11 23 11 13 17 5 28 6 12 10 30 24 12 12 11 14 15 8 17 15 11 1 32 3 27 9 20 7 22 17 11 22 22 
8 3 11 14 16 9 16 23 17 1 25 24 24 4 16 12 26 
11 5 92 3 95 4 93 19 96 25 97 18 95 20 98 6 94 7 93 16 94 24 96 
18 21 95 19 95 10 97 11 98 1 95 20 98 16 95 22 99 12 95 4 96 18 96 8 98 15 97 7 99 24 99 14 99 25 97 2 99 
18 11 96 20 97 22 98 14 99 3 98 10 97 13 97 1 98 17 98 5 97 8 98 24 99 9 96 21 98 18 98 4 98 16 98 23 99 
9 6 30 4 74 16 48 1 67 9 83 3 61 19 73 20 63 5 38 
14 4 46 1 68 6 51 19 64 21 57 20 52 12 93 16 79 8 97 22 65 17 80 23 93 25 89 11 63 
15 19 97 3 98 17 98 1 98 25 97 4 98 8 99 23 97 16 98 11 98 15 97 2 97 14 98 10 98 21 99 
12 5 98 8 98 23 98 20 99 12 98 13 99 14 98 25 98 17 98 2 98 21 98 3 99 
16 9 29 16 68 11 35 20 36 1 52 14 72 12 45 19 69 22 68 2 41 4 74 15 78 3 60 10 32 21 68 18 82 
14 23 73 15 74 11 86 17 99 7 94 4 73 18 84 12 89 9 89 2 86 6 87 24 98 8 81 19 84 
10 20 88 8 94 10 92 6 96 9 89 23 98 7 94 22 98 25 99 4 98 
9 8 24 3 69 2 67 20 49 13 69 22 42 4 41 9 29 15 43 
17 5 49 20 49 17 81 1 80 19 85 2 93 12 53 4 88 9 62 3 56 6 65 10 70 11 55 24 72 16 80 18 57 23 68 
18 5 90 22 91 20 95 12 95 21 98 9 94 3 90 11 93 23 95 14 90 25 90 2 97 17 92 4 99 18 93 1 98 15 93 19 98 
15 2 29 11 72 4 60 6 44 1 38 18 34 5 46 25 53 8 33 13 66 12 75 7 32 14 34 17 87 3 29 
18 10 61 7 77 24 95 3 77 4 73 8 84 14 81 23 85 21 80 2 86 22 69 9 78 16 64 19 96 20 62 6 93 12 61 18 66 
14 8 75 5 98 10 98 16 91 9 87 7 86 20 80 12 99 15 91 11 77 6 82 21 92 13 86 14 77 
13 13 30 24 60 20 33 3 78 11 54 15 45 21 67 4 37 19 87 17 65 14 66 10 82 1 41 
9 11 69 16 69 24 74 25 75 9 86 1 94 14 75 13 90 23 86 
15 16 18 5 32 2 34 12 45 15 19 10 40 17 45 21 54 3 30 24 35 22 53 13 42 18 45 7 42 20 26 
10 10 65 9 88 20 99 24 94 23 67 22 71 16 71 21 72 2 99 4 81 
13 10 24 17 53 8 42 23 70 11 24 5 50 12 40 3 57 16 66 19 59 13 48 14 68 15 62 
8 23 27 7 29 8 27 11 27 25 65 13 43 12 42 21 48 
8 22 35 21 85 9 90 11 87 8 71 1 84 25 52 24 69 
17 7 74 12 95 22 98 6 77 21 83 3 76 8 98 18 78 13 97 14 97 19 75 25 76 5 75 23 90 9 82 4 91 1 82 
18 16 40 21 55 25 67 5 53 8 42 15 43 1 51 3 71 13 80 23 68 11 75 18 78 10 63 17 85 24 99 22 54 7 91 9 89 
17 9 25 8 65 6 38 18 54 11 60 3 48 4 34 12 65 21 55 22 33 1 46 24 47 23 55 10 49 15 30 2 59 25 73 
11 23 52 18 93 5 85 20 67 19 98 6 56 8 87 12 99 14 61 10 52 4 64 
12 4 18 3 33 8 30 21 18 24 50 20 35 25 34 5 30 14 31 2 37 7 43 10 50 
14 24 59 12 77 9 77 13 81 25 67 11 64 4 68 3 91 2 81 17 98 7 74 18 66 8 69 22 86 
14 3 27 16 51 4 34 20 79 1 60 11 45 18 55 24 49 23 45 19 51 25 39 9 49 22 57 5 65 
15 3 97 17 97 20 99 15 98 22 99 21 98 12 97 9 99 13 99 14 98 7 98 8 98 11 98 18 98 6 98 
8 6 69 9 77 16 70 25 70 1 72 14 92 13 85 10 72 
18 8 15 13 26 11 42 9 42 14 44 5 25 25 28 4 22 3 24 20 28 24 40 15 17 12 15 16 17 19 32 6 42 21 23 2 21 
8 11 21 10 57 23 55 1 57 13 61 16 42 24 50 22 38 
13 10 60 12 97 13 60 7 63 8 87 1 94 15 97 5 93 22 65 6 71 20 64 3 87 25 86 
17 22 70 19 87 17 84 24 76 1 90 14 73 12 97 25 91 16 75 2 85 13 87 18 81 9 73 21 73 23 72 7 76 5 87 
18 11 58 4 76 21 63 17 61 6 89 20 82 14 91 2 69 7 85 3 77 23 66 5 75 22 99 16 93 19 72 9 97 1 97 25 75 
8 7 36 8 48 14 43 1 94 21 77 3 79 18 93 16 45 
14 8 53 1 70 11 93 6 69 20 68 2 72 23 88 21 57 24 56 16 96 3 67 14 55 7 78 22 99 
11 22 79 14 92 5 79 20 93 4 90 3 94 24 87 1 85 23 81 19 93 12 93 
12 15 92 13 99 5 96 14 94 11 94 7 98 9 92 18 95 8 95 6 94 1 99 25 93 
10 15 72 17 81 16 91 6 94 13 72 2 93 23 78 12 80 14 89 8 75 
9 14 58 7 70 4 88 15 84 23 65 13 59 10 77 21 87 25 96 
15 15 1 9 3 19 1 24 3 12 1 14 1 13 3 6 1 5 1 22 2 1 2 8 2 18 2 17 3 20 2 
15 21 51 19 62 6 90 3 55 4 55 12 55 20 91 22 98 23 77 13 63 8 64 14 86 10 75 7 99 25 54 
12 6 6 10 6 24 7 20 18 11 11 8 13 18 15 15 18 9 9 16 14 13 6 7 11 
15 9 27 24 44 5 73 11 69 23 49 16 29 19 51 4 30 17 75 20 45 10 74 21 38 6 70 8 42 14 66 
12 1 62 13 66 2 76 22 97 20 84 23 87 3 94 14 85 4 74 25 75 17 83 8 85 
15 19 61 20 81 3 99 8 89 1 64 12 70 14 67 15 80 17 75 16 72 11 75 5 83 18 99 6 83 9 72 
8 2 34 16 71 10 66 6 97 23 62 9 91 19 37 15 70 
14 21 62 17 69 6 94 20 63 14 74 15 97 4 90 7 96 16 93 13 98 18 87 23 64 5 77 19 77 
13 18 85 14 93 8 96 25 89 3 89 11 97 19 95 23 91 10 98 12 89 22 90 24 85 9 96 
11 21 32 22 41 17 86 24 62 13 42 16 56 10 65 5 68 8 53 3 80 11 93 
8 22 17 13 41 2 28 10 27 7 49 16 24 18 30 4 42 
13 22 99 11 99 4 99 1 99 25 99 21 99 10 99 13 99 16 99 19 99 6 99 14 99 20 99 
14 15 43 1 88 4 72 3 50 13 57 20 52 22 86 12 69 5 72 23 97 2 68 18 89 7 49 21 58 
13 19 98 2 98 17 99 11 99 15 98 22 98 8 98 4 98 9 98 5 98 20 99 14 99 21 98 
11 22 39 20 39 8 75 17 84 9 53 21 48 11 58 4 63 16 96 25 67 10 72 
10 2 20 10 39 13 55 19 48 12 41 6 45 25 24 5 23 4 44 22 23 
18 9 19 1 37 25 43 8 22 18 24 23 49 3 32 12 32 16 31 22 43 10 52 5 26 2 19 15 50 14 29 4 30 21 46 13 36 
9 9 15 23 15 25 25 14 30 8 17 12 24 19 36 4 21 6 40 
13 15 55 2 66 18 76 25 79 17 66 10 83 13 59 23 58 3 81 8 67 6 86 16 85 1 76 
17 11 63 22 77 24 63 2 96 7 93 17 96 16 83 4 67 14 84 1 76 10 77 20 94 8 79 23 85 21 98 25 87 13 83 
10 3 56 16 98 19 80 10 64 11 87 2 98 8 89 9 82 20 99 5 89 
17 10 12 22 28 9 24 13 27 19 15 11 24 16 35 14 20 8 28 7 27 17 33 15 20 24 32 20 17 23 14 25 27 6 23 
18 17 78 9 78 13 81 3 84 15 88 20 99 18 79 19 83 16 95 2 86 14 79 10 97 7 85 6 91 25 89 12 96 1 99 4 98 
15 20 56 13 97 22 89 23 75 15 64 4 76 12 89 6 87 3 76 1 69 17 90 2 82 10 61 21 85 11 95 
9 22 86 12 98 19 94 4 97 21 99 13 93 25 97 2 91 10 96 
16 16 67 18 82 19 76 25 67 1 83 23 95 24 96 4 90 10 97 2 92 6 91 20 70 3 98 11 90 8 73 22 90 
11 22 43 12 73 17 99 9 55 7 89 20 96 6 88 19 73 23 43 10 48 13 44 
16 13 68 8 81 19 89 21 87 4 92 25 85 16 75 9 86 23 90 7 85 12 93 6 96 2 86 14 71 18 76 1 98 
8 6 70 15 96 21 82 17 94 8 74 25 85 24 80 9 90 
14 20 89 14 97 25 89 24 94 13 99 21 92 23 94 16 94 17 92 11 98 18 97 15 89 10 90 7 92 
8 5 55 17 77 10 75 20 62 21 72 19 57 14 95 7 75 
8 18 97 6 99 22 98 10 98 24 98 19 99 12 97 3 99 
12 7 13 16 30 11 21 6 21 20 23 10 17 23 39 2 17 21 13 18 35 24 38 19 38 
8 25 69 22 99 5 75 17 96 24 81 20 88 4 96 18 74 
12 19 61 14 84 12 87 7 92 20 89 23 75 18 71 24 71 13 96 15 84 25 84 6 79 
10 16 91 24 91 12 98 23 91 8 99 11 93 13 92 18 94 3 96 1 97 
17 16 63 7 81 24 83 2 80 17 99 19 67 1 97 14 63 8 83 18 84 25 75 11 63 15 96 22 88 20 95 5 93 6 95 
18 1 87 15 94 24 87 14 88 23 88 16 96 11 89 8 99 20 93 25 97 9 90 6 96 17 87 3 93 2 88 4 97 5 95 22 87 
18 2 32 12 80 7 92 11 44 22 52 6 96 18 62 9 94 5 53 16 43 15 76 25 58 21 59 23 86 3 38 14 43 4 52 10 57 
10 13 63 11 74 25 90 20 84 12 64 17 93 7 65 19 74 1 98 22 65 
9 9 97 25 97 21 97 23 97 5 97 8 99 17 98 2 98 18 97 
8 8 42 9 74 10 83 17 99 18 97 14 62 21 70 16 75 
11 1 12 12 20 15 24 23 36 21 22 7 32 11 17 6 17 4 23 16 31 10 29 
13 8 18 18 28 5 51 1 46 14 31 20 43 21 32 9 48 17 39 6 23 7 35 24 27 4 35 
18 23 88 19 92 11 91 9 93 3 97 24 95 16 91 18 95 25 88 5 97 10 91 4 98 1 90 20 89 8 97 21 96 6 97 17 96 
18 20 46 23 90 3 62 4 95 15 85 7 66 18 79 11 60 22 78 5 80 25 58 8 84 12 74 16 70 2 81 1 82 21 86 19 56 
16 16 2 9 2 5 6 7 2 25 2 17 3 2 3 8 2 1 5 19 5 14 2 21 5 20 4 10 6 18 2 13 5 
13 25 74 17 96 19 75 8 99 20 85 12 78 21 77 5 93 7 76 6 95 15 84 24 80 22 88 
18 8 77 7 86 22 89 2 92 10 80 24 80 18 81 9 89 23 82 4 98 3 94 1 84 17 92 21 78 19 95 5 82 16 81 6 96 
12 22 77 21 87 5 90 18 93 10 94 23 98 17 79 19 91 2 96 8 87 24 94 20 95 
14 23 25 5 28 12 32 18 32 6 27 14 60 24 32 21 38 16 46 25 61 8 45 22 29 2 45 7 75 
12 9 62 18 90 13 78 1 76 10 79 7 66 16 82 12 64 14 78 6 81 20 64 11 63 
18 9 68 2 68 19 86 7 75 13 73 12 95 3 97 23 92 17 80 24 79 11 74 4 94 20 91 6 82 16 83 8 96 5 94 18 71 
11 1 86 17 98 22 90 9 86 4 97 13 91 12 90 21 88 14 87 8 93 2 91 
15 4 97 7 99 3 98 13 99 17 99 11 97 19 99 9 98 21 99 12 97 24 97 20 99 15 97 1 97 8 97 
16 21 66 4 99 17 79 8 82 12 88 7 85 5 87 22 99 6 80 11 82 14 71 24 95 9 83 3 70 20 76 18 84 
18 17 20 24 50 5 60 8 30 14 31 21 32 10 45 23 55 12 27 3 53 20 43 6 32 9 36 22 26 13 40 4 24 1 59 11 45 
11 12 6 14 15 18 18 1 9 5 17 25 6 11 11 22 16 17 6 19 8 2 18 
12 24 48 17 59 10 60 2 60 20 96 13 59 25 96 15 65 8 96 1 99 7 72 4 96 
18 10 57 7 65 20 65 11 71 3 83 8 66 13 57 19 65 18 59 4 67 25 89 5 95 22 91 15 89 6 75 9 83 17 83 23 96 
8 17 21 22 49 6 60 7 38 14 47 13 41 23 47 3 23 
16 11 81 25 86 24 85 15 95 5 93 13 89 16 99 12 97 19 97 20 91 1 87 14 88 9 83 22 83 7 93 10 90 
15 16 57 14 82 25 99 13 81 10 81 20 77 19 80 11 78 9 83 2 59 7 68 12 59 23 77 3 98 22 86 
17 24 36 19 70 4 54 17 54 8 64 12 89 7 85 18 36 16 96 6 54 22 63 14 47 20 76 9 50 15 56 11 53 23 96 
11 4 87 18 91 8 97 2 92 12 94 22 94 9 98 24 98 15 94 11 97 10 98 
13 12 92 11 99 23 98 22 99 7 93 4 99 25 97 5 99 8 92 18 96 15 96 20 96 14 96 
10 12 77 2 90 17 87 24 90 16 84 7 95 4 89 21 80 1 83 19 99 
8 22 85 16 93 3 87 25 88 11 86 15 98 13 92 23 93 
18 19 85 18 85 17 86 2 89 20 95 13 86 7 87 10 90 5 87 24 89 22 97 1 94 6 90 4 93 11 91 8 92 25 87 23 89 
10 3 80 17 80 25 92 11 83 1 99 2 85 5 85 8 86 4 94 7 87 
11 13 59 16 65 21 66 11 66 19 95 8 95 10 84 3 93 2 79 5 77 7 88 
18 14 12 3 30 8 32 4 26 21 20 1 22 12 33 24 20 13 33 15 13 11 33 19 24 16 22 22 28 7 13 25 27 20 17 17 23 
15 6 19 19 27 5 35 17 21 9 55 18 47 16 55 22 43 23 26 15 43 4 41 11 33 25 50 14 50 24 41 
16 18 64 3 84 14 95 20 70 5 96 19 75 22 89 9 69 1 77 8 84 23 75 10 76 16 81 12 76 17 79 24 98 
11 13 42 22 95 14 85 12 60 6 96 8 65 15 53 11 63 21 82 17 87 10 72 
12 8 55 3 86 9 87 15 83 14 96 1 79 13 84 11 75 23 72 4 97 6 58 22 59 
10 22 57 5 73 13 66 15 70 9 66 25 87 23 67 1 74 18 59 21 96 
18 16 45 23 59 10 74 12 73 6 87 25 68 5 90 14 63 18 46 13 88 21 67 24 58 9 69 4 80 1 70 7 65 19 59 15 57 
16 10 28 2 35 23 36 8 44 11 35 3 37 16 47 9 48 7 58 19 39 5 48 1 56 20 37 4 57 25 62 12 82 
13 17 37 8 48 21 37 11 60 1 63 3 45 10 39 5 74 15 85 7 88 12 75 24 79 19 52 
18 2 40 10 66 11 58 21 88 17 86 23 97 4 57 6 79 24 42 13 66 16 43 18 91 19 70 20 87 8 73 5 60 14 89 12 83 
9 5 78 2 78 25 97 24 79 10 86 11 81 7 96 4 84 14 84 
11 20 3 7 8 5 3 13 9 2 6 4 6 9 9 22 7 18 6 15 3 21 5 
13 1 43 16 74 8 67 12 54 20 52 22 80 17 67 23 77 6 91 9 93 18 58 10 81 21 60 
13 10 71 14 76 15 82 23 71 6 90 3 96 11 78 18 86 25 93 12 87 2 87 20 96 22 97 
11 22 31 9 67 7 76 5 93 19 63 15 40 24 89 10 80 25 86 20 55 13 88 
15 21 85 19 86 7 87 15 99 20 95 5 96 25 99 1 90 14 88 12 90 24 97 17 97 16 92 3 91 11 96 
17 12 84 8 92 25 99 16 96 5 88 15 88 2 97 24 91 18 85 20 93 17 86 13 86 21 98 23 98 22 95 1 90 6 97 
17 1 66 12 76 20 74 8 87 4 91 17 98 16 79 13 93 19 74 24 72 10 81 2 86 22 75 7 89 5 83 18 94 23 74 
11 2 31 21 75 25 81 10 74 6 80 8 63 18 35 23 41 15 36 24 46 12 51 
8 6 2 24 4 23 5 3 5 19 5 22 4 13 4 1 4 
15 5 19 3 41 8 28 9 50 18 50 4 21 6 41 24 52 2 31 13 53 23 34 22 22 20 37 21 25 15 30 
10 9 5 11 6 17 10 16 5 23 14 4 12 10 5 3 11 21 7 6 7 
13 4 33 12 99 7 83 11 43 19 74 24 96 18 96 13 91 15 86 1 36 9 54 16 52 22 64 
17 6 33 8 64 21 35 25 75 15 60 19 87 16 51 14 79 9 52 23 87 20 80 3 51 11 56 17 54 13 52 1 45 10 60 
11 8 41 6 93 23 79 10 97 2 41 5 94 17 98 21 51 1 93 16 79 19 56 
17 18 84 23 95 12 93 16 93 11 93 5 96 10 91 3 87 6 91 8 85 14 95 13 97 9 85 21 91 22 99 15 96 19 88 
17 22 46 4 49 12 49 7 77 2 84 17 89 18 77 23 69 15 48 1 93 6 48 25 60 20 91 11 55 8 53 5 99 19 89 
10 13 28 1 81 10 72 14 34 5 81 7 40 2 82 3 60 23 75 9 51 
16 5 20 13 32 20 46 22 45 12 58 16 31 18 31 6 34 23 48 2 23 24 51 4 26 3 59 7 34 15 50 14 56 
12 9 80 20 84 13 91 15 92 2 94 25 80 4 80 17 86 10 80 8 92 11 92 24 85 
16 14 27 24 49 7 74 15 43 1 69 19 74 8 52 11 47 21 38 4 51 12 34 17 52 22 37 18 48 9 38 13 70 
16 11 54 24 85 15 79 17 87 7 83 1 82 14 76 18 81 20 55 6 58 23 70 5 81 21 65 13 65 2 83 22 91 
11 12 51 20 87 8 60 4 67 13 55 24 63 17 53 18 57 19 89 6 94 23 88 
8 10 82 18 90 12 94 2 96 6 85 25 90 13 89 4 84 
