266 226 5
1 2
1 7
1 12
2 3
3 4
4 5
5 6
7 8
8 9
9 10
10 11
12 13
13 14
14 15
15 16
17 18
18 19
19 23
20 21
21 22
22 23
23 24
24 25
25 26
26 27
27 28
28 29
29 30
30 31
31 32
32 33
33 34
35 36
36 41
37 38
38 41
39 40
40 41
41 42
42 43
43 44
44 45
45 46
46 47
47 48
48 49
49 50
51 52
52 53
53 54
54 59
55 56
56 57
57 58
58 59
59 60
60 61
61 62
62 63
63 64
64 65
66 67
67 68
68 69
69 78
70 71
71 72
72 73
73 78
74 75
75 76
76 77
77 78
78 79
79 80
80 81
81 82
82 83
84 85
85 86
85 92
86 87
87 88
88 89
89 90
90 91
91 98
92 93
93 94
94 95
95 96
96 97
97 98
99 100
100 101
101 102
102 111
103 104
104 105
105 106
106 111
107 108
108 109
109 110
110 111
111 112
112 113
114 115
114 116
114 117
115 118
116 118
117 118
118 119
129 130
130 131
130 133
130 135
131 132
132 137
133 134
134 137
135 136
136 137
147 148
148 149
148 154
148 159
149 150
150 151
151 152
152 153
153 164
154 155
155 156
156 157
157 158
158 164
159 160
160 161
161 162
162 163
163 164
165 166
166 169
167 168
168 169
169 170
170 171
171 172
172 173
173 174
174 175
175 176
176 177
177 178
178 179
179 180
181 182
182 183
182 186
182 189
183 184
184 185
185 192
186 187
187 188
188 192
189 190
190 191
191 192
199 200
200 201
201 202
202 203
203 204
204 211
205 206
206 207
207 208
208 209
209 210
210 211
211 212
212 213
213 214
214 215
215 216
217 218
218 219
219 220
220 221
221 222
222 223
223 224
224 225
224 230
225 226
226 227
227 228
228 229
230 231
231 232
232 233
233 234
235 236
236 237
237 238
238 239
239 240
240 241
241 242
241 245
241 248
242 243
243 244
245 246
246 247
248 249
249 250
251 252
251 254
252 253
253 256
254 255
255 256
4 1 62 5 62 4 66 3 98 
3 4 58 3 69 2 76 
3 1 26 2 44 5 42 
3 4 86 3 95 5 92 
4 5 28 1 80 2 71 4 42 
2 4 79 3 86 
2 1 10 4 10 
4 1 45 4 87 5 84 2 98 
3 5 83 2 99 1 95 
4 1 54 5 80 2 95 3 76 
4 1 93 5 96 4 98 2 93 
3 4 73 5 76 1 90 
2 3 42 1 79 
2 2 70 1 96 
2 4 74 2 98 
3 2 29 1 43 4 49 
4 5 57 3 82 1 62 2 89 
2 3 95 2 98 
2 3 10 1 10 
3 3 72 2 94 4 74 
2 3 8 5 13 
4 1 98 4 99 3 99 2 98 
3 5 55 1 97 4 82 
4 5 87 2 96 1 95 4 92 
2 1 47 4 94 
2 4 60 1 90 
3 3 66 5 70 1 67 
2 3 6 2 15 
4 3 30 1 31 2 63 4 75 
4 5 15 1 40 4 20 2 28 
4 5 49 2 98 1 59 4 99 
4 3 54 2 56 5 99 1 99 
2 3 82 4 98 
3 5 11 4 18 2 27 
3 2 23 5 38 4 36 
2 1 60 2 80 
2 1 2 3 4 
4 1 82 4 97 2 94 3 89 
3 1 9 2 16 4 22 
4 2 74 3 77 5 99 4 95 
4 2 88 5 89 3 94 4 91 
3 1 32 5 91 2 84 
4 2 25 3 44 5 48 1 65 
2 2 78 3 94 
4 3 68 4 70 1 75 2 75 
3 3 15 1 37 2 36 
4 2 74 5 92 3 78 1 84 
3 1 28 2 41 4 60 
4 5 85 3 99 4 97 1 99 
4 2 46 1 95 3 48 5 71 
3 5 36 4 89 2 42 
4 3 30 1 84 2 72 5 33 
3 1 15 2 19 3 26 
2 2 10 4 14 
2 4 26 2 64 
2 4 42 1 85 
4 3 32 2 52 4 84 1 87 
2 3 97 5 97 
2 1 4 2 8 
4 2 32 4 70 5 78 1 34 
2 5 80 2 82 
4 3 88 1 96 5 98 4 91 
4 1 26 3 53 4 51 5 74 
2 1 78 5 83 
3 4 60 1 99 2 81 
3 3 32 2 38 1 60 
4 4 80 5 81 2 86 1 80 
2 5 48 3 93 
2 2 23 1 62 
2 2 12 4 12 
4 4 53 2 94 5 84 1 77 
4 1 18 5 36 4 18 2 33 
2 1 33 4 46 
3 4 53 2 76 3 66 
2 5 1 2 2 
3 3 13 2 18 1 27 
4 1 69 3 79 5 99 2 84 
4 1 11 3 14 4 21 5 11 
3 2 2 4 4 5 4 
2 5 30 3 74 
4 5 5 4 7 2 15 3 9 
3 1 1 5 3 3 1 
2 4 41 3 67 
3 4 55 1 91 5 86 
4 1 47 4 58 5 91 3 73 
2 4 56 5 67 
2 4 67 1 84 
4 4 5 2 12 1 10 3 5 
4 3 94 2 97 5 94 4 99 
2 4 3 5 4 
3 2 56 5 76 1 72 
2 3 93 4 97 
3 2 23 3 56 5 30 
3 2 17 5 36 4 19 
3 3 43 1 91 4 85 
3 3 75 5 96 2 80 
3 3 34 4 35 2 62 
3 3 74 2 87 5 77 
4 4 18 2 30 1 30 5 43 
4 4 88 1 98 5 98 3 92 
3 1 74 4 91 5 93 
4 4 47 2 74 5 50 1 91 
2 4 70 1 72 
4 4 27 5 49 2 31 3 38 
3 5 65 1 91 4 66 
2 2 45 3 53 
2 3 13 5 30 
4 3 60 5 60 1 74 2 83 
3 1 43 3 52 5 81 
2 5 65 4 95 
3 2 9 4 18 1 22 
2 2 42 3 59 
4 5 76 2 85 4 85 3 77 
2 5 64 2 75 
4 1 72 4 85 2 84 3 83 
2 5 59 4 63 
2 3 91 1 96 
4 4 19 1 20 2 49 5 38 
4 2 8 5 11 4 16 1 8 
2 2 82 1 98 
2 5 83 1 97 
2 3 18 2 44 
4 4 58 3 69 1 78 5 62 
2 2 55 1 84 
3 2 60 4 65 3 89 
2 4 70 5 95 
2 3 24 2 30 
4 2 59 5 65 3 80 4 80 
4 3 32 5 59 2 81 4 38 
2 2 15 4 37 
4 4 41 1 71 3 84 5 42 
3 4 8 2 17 5 8 
3 2 95 5 96 4 97 
3 3 15 2 23 5 41 
3 3 23 2 34 5 62 
4 5 50 3 59 4 99 1 68 
3 4 82 1 86 5 94 
2 3 67 4 80 
4 2 77 4 98 3 84 5 83 
3 3 74 4 88 2 93 
4 3 30 4 31 5 36 1 64 
3 2 59 1 98 4 90 
2 5 69 1 93 
4 1 59 5 85 4 96 2 60 
2 1 42 2 45 
4 4 29 5 79 1 77 3 50 
3 3 91 4 97 1 91 
4 2 28 5 78 3 58 4 29 
4 2 90 5 98 3 90 1 93 
4 1 77 5 96 3 96 2 97 
4 1 26 4 55 5 28 3 39 
3 4 73 2 95 5 88 
2 1 25 4 29 
2 5 13 1 37 
2 2 85 4 86 
4 5 23 4 40 3 50 1 52 
3 4 20 2 49 5 41 
3 5 64 2 72 3 71 
2 3 14 2 33 
4 1 96 5 97 4 97 2 98 
3 1 51 3 86 2 93 
4 1 13 4 38 2 38 5 22 
2 5 40 3 41 
3 3 41 4 59 1 57 
3 2 38 1 68 4 54 
3 3 66 5 82 1 91 
2 4 11 5 31 
4 3 16 5 33 2 42 4 30 
3 3 14 5 30 2 17 
2 5 99 2 99 
4 5 96 4 97 1 99 3 99 
3 2 91 4 96 1 97 
2 1 16 2 44 
2 3 75 4 86 
4 5 2 3 6 4 3 2 5 
4 3 15 1 15 5 41 4 36 
2 4 66 3 83 
4 1 51 5 52 2 85 3 98 
3 3 25 2 61 5 37 
4 3 24 1 59 2 61 5 34 
3 5 79 4 93 1 81 
4 2 29 3 39 1 87 4 36 
4 5 62 2 67 3 70 4 93 
3 1 18 3 40 2 20 
4 1 7 3 16 2 20 4 18 
2 5 32 3 51 
3 2 21 4 21 1 26 
4 4 81 2 84 5 91 1 82 
3 2 88 3 94 1 98 
4 4 17 5 41 1 40 3 25 
2 1 29 2 70 
3 4 86 3 88 5 88 
2 5 29 2 68 
3 3 36 2 39 5 96 
4 4 10 1 27 2 26 5 23 
3 5 64 1 84 3 94 
3 4 85 2 95 3 94 
4 2 11 5 23 4 28 1 27 
3 4 55 3 98 2 77 
2 2 40 1 49 
3 3 16 1 23 2 38 
4 4 85 3 86 2 93 5 90 
3 2 16 3 24 1 31 
4 4 25 2 41 5 25 3 72 
4 5 39 4 98 1 76 3 83 
4 1 83 4 85 2 97 5 99 
4 1 70 4 91 5 83 3 85 
4 4 26 1 60 5 49 2 65 
4 4 87 3 96 5 99 1 96 
3 4 91 2 91 5 93 
4 5 30 1 56 4 85 2 49 
4 3 21 2 39 1 36 5 32 
4 1 22 4 54 2 53 3 45 
4 1 82 2 89 5 90 4 86 
2 1 84 2 89 
4 2 49 4 79 5 78 1 58 
4 1 50 2 53 5 64 4 59 
2 4 98 2 99 
2 4 33 1 88 
2 1 27 3 32 
4 2 74 1 89 3 79 4 84 
3 1 24 4 57 5 57 
4 2 73 5 78 3 91 1 83 
2 4 67 3 82 
4 4 41 1 50 3 80 2 79 
3 1 97 3 97 4 99 
3 3 47 1 68 2 54 
4 5 28 2 73 3 34 1 49 
4 1 71 5 94 4 92 3 93 
3 1 67 4 99 3 91 
3 2 32 3 68 1 88 
2 4 18 2 44 
4 2 90 3 93 4 96 1 92 
3 5 73 3 92 1 99 
2 1 20 5 54 
4 4 29 3 85 1 85 2 52 
3 3 93 1 97 2 96 
4 1 99 3 99 5 99 4 99 
3 5 18 1 28 4 23 
3 1 21 3 32 2 39 
3 5 4 1 7 3 7 
4 4 4 2 6 1 6 5 11 
2 4 36 1 50 
4 2 60 1 69 4 93 5 76 
3 5 90 1 91 4 96 
2 3 69 2 82 
2 5 6 4 16 
4 2 43 5 76 1 64 3 83 
2 3 28 4 51 
3 2 96 4 97 1 98 
3 2 22 5 39 3 37 
4 1 83 3 94 2 83 5 98 
3 1 22 4 46 3 33 
2 5 88 4 95 
2 2 77 1 99 
4 1 97 4 97 5 97 2 99 
2 4 91 3 96 
3 3 17 4 25 2 46 
2 4 14 5 24 
4 2 64 3 90 4 82 1 98 
2 2 52 4 97 
2 4 29 3 81 
3 5 86 4 95 1 87 
4 5 27 2 63 4 51 3 77 
2 1 70 2 82 
3 5 33 4 34 2 59 
