139 122 20
1 3
2 3
3 4
4 5
5 6
7 8
8 9
9 13
10 11
11 12
12 13
14 15
15 16
16 17
17 18
18 19
19 20
19 21
22 23
23 28
24 25
25 28
26 27
27 28
28 29
30 31
30 35
31 32
32 33
33 34
35 36
36 37
37 38
39 40
40 41
41 42
41 44
41 46
42 43
44 45
46 47
48 49
49 50
49 51
49 52
53 54
54 57
55 56
56 57
57 58
58 59
59 60
60 61
62 63
63 64
64 65
64 66
64 67
65 68
66 68
67 68
69 70
69 72
70 71
71 74
72 73
73 74
74 75
76 77
77 78
77 81
78 79
79 80
81 82
82 83
84 85
85 88
86 87
87 88
88 89
90 91
91 92
91 94
92 93
94 95
96 97
97 98
98 99
98 100
101 102
102 103
103 104
103 105
103 106
107 108
108 109
108 111
109 110
111 112
113 114
113 115
114 116
115 116
119 120
119 121
119 122
120 123
121 123
122 123
123 124
124 125
126 127
127 128
127 129
128 130
129 130
133 136
134 136
135 136
136 137
137 138
138 139
12 20 26 8 67 17 59 16 40 2 41 5 35 11 78 18 30 12 41 13 58 3 41 15 36 
6 14 40 15 41 16 87 1 95 3 46 12 46 
13 15 47 18 95 10 48 5 71 9 88 19 83 14 93 20 72 13 88 4 47 12 80 3 92 16 55 
14 8 72 17 91 2 95 12 86 13 84 5 81 19 97 18 94 4 91 20 80 1 72 6 79 7 81 9 74 
13 11 56 7 75 4 89 17 84 3 94 2 62 5 58 12 95 15 72 1 63 20 87 9 89 14 95 
6 18 11 7 26 17 15 19 33 6 33 3 22 
12 2 74 10 94 4 75 11 85 7 87 5 99 13 79 19 95 14 89 9 99 16 85 17 82 
11 10 54 8 94 11 62 1 93 14 91 19 60 13 80 2 76 9 89 3 65 18 93 
6 7 86 5 92 6 86 2 93 9 89 14 98 
6 11 63 6 90 19 94 14 82 12 80 13 92 
7 3 37 15 53 11 85 14 57 6 89 13 99 2 66 
10 4 50 12 57 9 89 6 80 8 89 16 58 7 60 5 58 3 70 19 67 
11 18 50 2 82 17 77 19 66 8 56 13 50 5 80 20 78 6 58 1 66 7 60 
14 12 8 2 20 17 20 10 18 1 11 18 23 9 23 14 8 16 13 15 11 11 23 20 16 7 11 6 21 
13 13 20 10 51 3 28 14 24 11 43 12 27 8 57 15 58 17 27 9 51 16 25 6 39 20 59 
13 16 89 5 96 9 98 10 90 17 98 3 94 2 93 8 90 13 90 19 99 18 92 7 99 12 92 
9 8 81 9 94 10 82 19 95 15 95 12 93 4 99 11 87 13 82 
9 6 2 7 4 19 6 14 2 4 2 9 6 10 5 13 3 18 5 
8 7 72 11 81 13 81 19 93 2 87 18 80 9 90 12 92 
14 6 4 19 7 20 10 5 5 1 4 17 9 4 5 12 10 9 8 15 4 2 5 10 11 14 7 16 5 
6 19 28 3 55 10 37 8 73 7 75 5 58 
13 18 50 13 99 19 52 4 95 2 63 10 92 6 66 5 89 11 96 20 92 17 96 1 80 9 52 
9 15 58 18 96 6 99 4 93 10 83 14 99 12 58 2 67 9 61 
8 1 20 3 42 9 38 5 25 13 44 6 45 4 50 20 37 
8 3 58 6 91 14 88 1 70 18 58 4 68 2 69 13 83 
11 1 61 2 62 16 70 12 73 20 84 17 70 6 61 9 85 11 89 14 70 7 76 
6 2 48 11 68 13 71 4 48 15 92 19 70 
8 19 76 5 84 17 77 4 89 9 80 12 95 2 93 18 76 
11 8 69 16 99 14 71 5 92 3 79 19 84 12 93 17 99 13 97 4 93 10 97 
10 14 49 1 80 17 86 15 53 16 90 6 84 9 55 4 80 18 72 10 77 
14 15 86 5 86 6 98 12 98 9 97 4 95 18 97 10 93 17 96 3 93 20 99 2 98 14 86 13 95 
8 18 21 15 40 4 61 5 32 8 41 16 47 11 30 13 35 
14 15 1 16 2 17 2 5 1 10 2 13 2 4 2 7 2 20 1 3 1 18 1 12 3 6 3 8 1 
12 12 20 6 48 13 39 8 51 15 48 5 52 18 58 2 52 3 48 4 49 17 27 1 51 
7 18 52 14 71 12 65 6 86 19 73 5 69 7 57 
9 20 3 17 7 12 6 14 4 6 5 15 8 1 6 19 5 4 4 
11 4 2 13 5 9 6 8 4 2 3 14 2 16 2 20 2 17 6 1 3 11 6 
6 14 57 6 72 17 75 9 78 7 59 15 77 
7 3 16 19 31 16 37 8 28 18 36 6 32 4 19 
14 4 22 16 33 17 24 19 36 18 43 12 51 11 26 8 24 6 54 3 38 5 50 15 28 14 66 1 43 
10 2 57 18 83 16 90 12 78 9 64 5 86 3 85 13 64 10 82 15 95 
11 14 9 4 15 17 13 9 18 3 15 15 22 5 11 11 18 19 27 8 18 6 20 
14 19 52 11 58 4 71 10 54 8 92 13 86 14 52 1 71 16 67 20 52 15 97 17 74 3 79 6 75 
9 2 58 9 86 17 73 11 94 18 92 19 73 13 73 6 66 10 93 
12 2 79 16 86 18 88 6 96 4 96 9 79 5 81 19 85 13 82 17 91 10 84 15 83 
8 18 50 2 72 12 63 13 98 15 51 7 70 16 58 9 78 
11 2 48 20 66 7 51 1 86 6 69 19 83 8 92 12 52 11 78 17 61 10 65 
14 6 34 14 41 19 71 15 42 9 52 13 99 1 84 3 36 17 37 4 52 12 96 16 49 5 84 18 47 
14 17 72 3 96 15 90 7 93 20 84 14 73 10 94 11 90 16 81 8 95 5 98 12 84 1 96 13 75 
14 7 5 15 15 1 13 12 5 5 12 8 6 2 5 3 11 16 6 18 8 13 12 11 11 9 15 10 8 
10 14 25 4 59 9 66 6 38 3 44 1 27 13 54 20 32 12 35 10 39 
11 1 78 10 94 9 98 18 91 11 83 14 89 16 97 15 91 19 85 17 94 4 87 
14 7 86 14 90 19 99 12 96 9 96 18 95 3 87 10 90 13 91 2 89 5 91 4 89 17 97 15 92 
13 4 71 14 91 17 94 6 94 15 85 2 76 1 71 20 95 10 78 7 72 8 89 11 77 18 72 
6 8 77 12 86 6 87 11 90 4 91 10 80 
10 3 25 1 75 8 41 18 51 15 26 10 39 19 34 4 62 17 31 11 39 
11 1 30 17 58 20 45 16 84 5 57 12 79 8 30 9 44 13 49 15 86 18 59 
7 11 24 20 59 7 63 4 25 9 44 2 67 8 67 
10 2 35 15 44 17 87 11 71 8 65 1 38 20 92 5 44 6 75 3 43 
14 4 76 1 93 11 78 17 95 16 83 15 92 9 91 12 85 14 93 20 83 5 96 13 97 7 93 18 89 
7 17 80 9 81 1 86 13 99 3 99 19 86 4 91 
12 17 76 5 87 10 88 4 95 11 88 14 78 1 82 9 99 7 96 8 77 12 90 6 92 
10 16 57 12 87 17 59 1 62 11 60 5 57 20 88 7 88 18 68 8 64 
6 9 14 19 23 17 30 2 30 4 27 8 20 
14 15 60 14 94 5 62 3 85 19 76 17 70 12 92 13 64 8 66 10 69 9 90 18 91 1 85 2 99 
13 20 43 12 91 5 63 6 66 11 55 16 84 17 94 19 85 15 60 18 75 14 99 8 71 4 61 
10 4 28 8 52 14 63 3 75 18 78 13 43 17 29 19 52 2 71 1 78 
12 16 56 19 88 20 84 4 86 11 79 1 64 3 65 7 94 12 69 10 81 9 91 13 96 
7 13 61 1 84 2 78 18 96 17 88 10 87 12 68 
14 19 19 14 36 15 23 10 52 17 49 11 50 20 28 2 26 6 41 1 46 4 36 18 19 7 38 8 31 
10 11 63 5 70 10 95 2 82 17 94 12 85 14 86 20 90 6 98 16 87 
14 14 18 6 50 15 35 17 28 16 39 5 45 2 20 13 53 4 19 20 22 12 42 1 22 11 34 3 41 
8 3 87 16 93 13 88 2 91 6 88 7 89 18 94 17 88 
12 18 39 3 62 8 89 13 46 16 61 1 65 4 66 9 80 12 48 7 83 15 99 2 70 
12 19 37 17 98 20 65 3 81 12 64 14 63 13 54 4 38 5 97 18 81 9 74 2 72 
12 7 16 11 46 9 36 8 26 3 42 13 37 14 28 12 23 1 32 17 28 5 35 2 22 
8 6 51 19 69 11 89 16 80 12 89 5 75 17 83 20 56 
9 10 68 14 77 1 82 13 84 15 97 20 68 17 91 9 79 4 98 
6 15 42 7 95 10 78 6 79 11 47 18 83 
14 15 57 4 82 12 57 2 92 9 90 13 91 6 86 3 62 14 94 10 99 18 90 5 68 11 69 16 62 
14 5 19 17 22 19 50 12 43 6 36 9 51 14 39 1 31 11 40 10 48 3 37 13 39 18 22 8 33 
10 16 57 18 71 3 77 9 84 4 62 12 85 5 92 7 61 1 92 10 62 
9 11 70 19 75 20 73 5 72 15 94 6 85 8 77 7 94 12 78 
11 17 19 14 27 15 30 1 34 9 39 13 44 5 25 12 42 3 44 6 37 19 53 
7 8 48 10 77 14 65 19 51 7 61 4 77 17 95 
8 5 50 4 80 9 55 14 61 12 57 6 86 17 68 20 60 
10 20 38 7 89 1 83 6 81 3 94 10 93 17 88 19 48 2 69 18 71 
12 18 55 3 62 15 79 2 57 13 99 10 69 20 66 19 78 4 70 12 62 1 90 6 67 
12 14 6 11 17 2 14 12 10 8 8 18 14 13 17 1 16 16 12 17 18 4 17 15 7 
12 17 86 8 96 14 98 3 94 13 99 18 90 4 87 11 91 16 99 20 87 9 93 19 89 
8 20 22 18 22 7 66 5 63 19 57 2 58 10 55 4 64 
7 14 64 6 83 8 64 13 70 3 99 19 69 15 70 
12 5 84 7 99 19 86 6 86 15 86 16 89 12 86 11 92 1 94 4 93 9 86 17 89 
11 3 51 4 75 6 82 12 71 5 53 17 87 1 51 19 59 16 78 14 91 15 60 
8 20 36 13 74 5 84 6 42 17 58 12 91 10 93 4 75 
9 16 65 7 68 17 75 20 87 14 74 15 94 18 81 8 87 12 97 
11 5 34 3 72 6 94 18 38 9 52 17 67 13 69 19 80 2 35 8 80 14 39 
7 18 98 12 98 1 98 8 99 7 98 15 98 14 98 
11 19 96 16 98 4 98 11 96 1 99 12 98 20 99 8 97 13 99 7 99 15 99 
10 7 9 15 15 5 26 1 9 3 18 17 18 4 22 8 24 9 11 11 24 
8 3 12 20 21 12 27 15 24 6 19 16 31 1 31 8 12 
12 14 71 20 78 16 95 18 79 19 76 1 83 15 90 10 96 2 81 12 77 4 73 3 80 
11 1 94 2 98 3 97 4 96 16 99 8 99 9 94 11 94 19 97 14 95 13 99 
11 1 23 4 48 5 32 11 30 14 67 20 54 15 45 18 37 17 24 6 68 12 57 
6 8 14 2 24 10 26 11 38 4 38 6 18 
10 7 49 13 79 4 73 1 80 18 79 12 71 11 70 17 95 14 56 2 50 
8 20 77 16 99 4 84 15 91 14 95 5 77 13 88 8 79 
6 15 63 1 84 2 68 14 84 11 86 19 92 
14 19 70 11 71 13 79 7 87 4 76 2 98 15 86 6 71 8 84 17 92 5 95 10 87 3 71 9 79 
11 15 47 4 80 19 75 10 97 16 59 13 66 1 94 18 98 20 53 12 65 11 74 
13 14 51 4 92 10 87 9 97 16 85 7 57 20 80 19 68 18 89 5 58 11 61 17 78 13 55 
11 15 44 7 82 5 80 13 90 16 56 8 57 1 64 14 48 18 63 4 95 20 57 
6 17 24 11 41 20 62 14 50 9 25 7 27 
14 2 27 8 28 9 66 12 31 19 56 6 59 16 66 11 33 14 45 5 77 10 60 3 31 15 80 17 68 
8 17 54 11 89 18 81 20 98 7 88 14 82 10 68 4 60 
11 4 40 6 64 18 74 3 81 12 62 15 45 1 79 7 55 17 96 10 63 2 71 
6 11 17 12 51 16 28 6 26 2 42 13 44 
11 17 72 19 93 16 73 20 92 5 81 13 99 7 91 14 96 10 83 12 78 3 98 
13 5 80 20 81 16 94 19 96 6 95 11 95 18 99 9 93 10 93 4 99 14 88 8 97 7 84 
12 16 15 13 23 2 29 14 22 11 19 19 17 18 27 12 25 15 39 20 42 9 21 7 32 
6 2 11 12 11 4 25 20 24 5 15 1 12 
12 4 85 12 94 8 92 10 98 13 99 19 96 20 91 3 92 7 97 5 92 15 97 9 97 
7 7 32 15 60 11 66 19 44 18 39 3 59 16 57 
8 6 45 20 77 7 53 12 55 1 50 19 74 17 89 14 66 
8 4 59 7 95 14 78 15 98 6 70 2 93 10 83 16 68 
10 4 94 14 96 16 98 17 95 3 99 20 97 12 95 5 94 1 97 18 98 
11 15 40 12 99 7 70 17 51 14 46 8 89 3 94 6 87 11 68 20 58 1 54 
10 2 38 9 97 12 69 15 52 5 93 14 40 11 61 20 67 8 44 3 62 
9 20 42 4 58 13 88 9 84 3 92 17 84 6 43 16 74 8 90 
6 9 39 1 68 2 75 17 72 10 98 8 62 
10 3 95 17 95 18 99 20 97 8 97 16 97 4 98 10 97 13 97 6 97 
7 8 16 10 31 4 42 5 24 17 21 6 38 20 17 
11 12 49 14 99 20 70 10 68 19 98 16 87 5 85 3 63 8 85 18 61 4 63 
12 20 18 12 45 8 34 9 54 13 30 16 45 14 29 2 25 6 20 11 26 5 27 17 31 
7 14 39 7 64 2 54 10 60 17 72 9 92 20 79 
7 20 64 13 76 4 91 18 68 17 93 10 88 19 75 
7 3 62 11 65 10 63 8 97 14 77 4 79 18 83 
7 1 74 15 89 14 76 7 84 10 88 17 87 11 86 
14 2 31 1 91 19 51 5 63 3 49 13 91 10 84 6 88 18 40 8 33 14 31 4 47 16 74 7 35 
