85 76 20
1 2
2 3
3 4
3 5
3 6
4 7
5 7
6 7
8 10
9 10
10 11
11 12
12 13
14 15
14 17
14 19
15 16
16 21
17 18
18 21
19 20
20 21
22 25
23 25
24 25
25 26
26 27
28 29
29 30
30 31
30 32
30 33
34 36
35 36
36 37
37 38
38 39
39 40
40 41
42 43
43 44
43 46
44 45
46 47
48 49
48 50
49 51
50 51
54 55
55 56
56 57
57 58
58 59
59 60
59 61
59 62
63 64
64 65
65 69
66 67
67 68
68 69
69 70
70 71
72 73
73 74
73 76
73 78
74 75
76 77
78 79
80 81
81 82
82 83
82 84
82 85
13 8 15 15 15 7 39 17 26 9 36 10 41 2 21 12 20 6 33 13 33 3 34 4 18 19 23 
12 14 43 1 43 7 51 20 58 10 92 6 84 2 48 13 49 16 47 15 98 18 49 3 56 
11 6 23 19 56 15 67 20 55 9 50 10 31 4 29 13 68 2 40 3 39 5 59 
9 13 92 6 96 4 92 2 98 10 92 7 94 17 95 16 95 15 95 
9 12 24 17 49 13 63 18 71 6 43 10 50 4 53 14 32 8 58 
8 3 68 17 93 4 84 11 80 10 71 13 68 6 96 14 98 
6 3 76 17 95 20 90 2 95 10 81 8 81 
10 3 32 7 78 19 35 17 72 12 34 5 50 16 56 14 84 11 62 2 55 
7 7 62 5 72 18 79 20 89 14 82 13 62 15 81 
14 14 90 1 96 9 99 6 91 2 90 19 90 3 95 13 95 20 90 18 94 10 95 8 91 11 98 4 94 
8 4 40 10 40 19 77 6 94 7 76 20 98 11 74 5 99 
13 20 21 3 32 16 40 14 33 11 63 5 56 12 50 4 62 17 61 9 59 7 40 1 26 18 44 
8 2 72 12 79 7 98 9 80 18 80 5 84 20 77 4 85 
12 5 10 4 10 11 28 7 27 6 20 18 29 8 16 12 17 20 10 16 28 14 25 15 12 
11 1 69 14 95 4 90 11 86 2 83 3 84 20 88 16 69 18 99 6 73 10 72 
12 1 29 15 78 19 64 10 37 16 53 13 53 20 32 7 50 2 43 8 68 3 43 11 36 
11 7 64 2 96 1 91 6 90 3 79 11 80 10 77 20 99 14 97 8 83 9 64 
7 18 78 12 88 5 94 16 99 8 94 2 96 10 91 
13 20 23 11 49 12 65 15 54 19 37 17 52 7 23 16 41 6 66 1 56 13 65 3 42 8 38 
14 6 57 8 63 17 60 5 74 7 63 10 62 2 67 20 96 4 75 14 92 1 89 11 69 16 77 15 97 
11 17 85 8 95 2 94 19 92 10 95 3 91 6 87 13 98 1 95 11 98 20 85 
9 14 85 7 85 18 99 15 95 6 93 5 87 12 96 3 94 11 96 
12 15 62 4 87 6 90 3 91 19 97 10 71 16 84 13 68 8 67 11 81 5 87 18 96 
7 6 95 8 96 4 97 10 96 17 97 5 96 13 95 
8 16 24 14 35 12 53 20 38 5 51 8 26 2 24 15 32 
10 5 58 20 93 6 87 14 61 3 81 7 89 19 91 17 61 13 93 16 75 
13 3 28 1 53 10 84 8 46 19 57 18 82 5 78 4 38 7 74 15 74 14 72 12 42 11 72 
10 4 98 13 98 2 98 6 99 12 99 18 98 8 99 16 99 14 99 19 98 
7 18 43 14 70 9 97 6 85 17 72 20 95 15 52 
8 1 85 7 93 16 89 5 92 15 87 17 96 18 95 4 96 
11 10 13 7 18 5 21 1 24 14 28 6 34 13 33 2 35 16 22 8 31 9 21 
14 14 37 7 43 20 61 6 95 15 58 4 84 5 40 11 57 1 62 2 65 17 47 8 71 18 55 19 41 
8 5 4 3 10 13 5 14 10 7 12 17 5 16 7 12 7 
11 12 17 20 22 18 22 19 24 11 35 5 30 6 50 4 38 14 22 9 45 1 17 
7 9 57 6 86 7 62 20 63 8 88 14 96 15 73 
6 3 73 8 98 6 82 20 87 2 82 15 99 
9 13 91 12 91 19 91 1 98 15 93 18 95 9 96 7 92 4 94 
11 8 59 14 78 20 76 3 59 4 83 1 77 6 76 2 97 12 83 11 82 10 83 
10 2 1 5 1 19 1 7 2 12 3 10 3 14 2 1 3 8 2 16 3 
7 7 56 3 77 17 81 20 65 11 56 2 66 9 59 
11 12 15 1 19 4 19 7 15 8 29 13 38 10 33 6 41 14 32 9 23 18 33 
9 11 37 5 55 14 79 8 77 17 51 12 79 6 90 2 37 13 62 
6 3 29 13 48 2 52 12 39 5 47 8 36 
13 12 12 5 22 4 30 15 29 16 15 11 24 10 32 6 21 3 16 14 31 17 14 19 21 9 17 
8 5 18 7 40 13 19 18 33 10 51 15 50 12 43 8 28 
8 14 45 3 77 4 65 18 78 12 45 2 60 20 48 17 91 
7 3 82 1 89 18 99 15 98 17 97 16 86 10 82 
9 20 90 10 91 4 97 18 91 8 93 9 99 3 90 12 90 13 97 
6 17 82 10 92 9 86 12 92 14 91 13 88 
10 4 35 12 91 20 78 9 37 7 85 8 37 6 35 15 75 18 76 3 68 
10 15 46 13 81 8 67 14 77 4 56 5 50 3 65 7 76 12 86 2 46 
12 15 91 7 99 12 95 3 95 16 97 18 97 1 94 20 94 19 92 10 96 2 92 11 92 
12 6 1 10 3 16 2 20 1 8 3 17 2 2 3 9 1 5 3 11 1 3 2 18 2 
14 18 31 19 41 11 85 14 39 16 77 4 44 7 70 5 73 17 65 2 34 20 51 13 87 12 59 3 67 
10 9 74 18 99 11 92 3 83 8 81 10 85 1 95 20 79 19 84 16 79 
14 12 30 3 66 6 43 11 56 10 54 5 74 9 86 20 82 19 54 13 54 2 57 1 73 16 43 18 35 
11 4 72 17 93 7 86 9 94 6 86 1 78 15 81 5 82 20 82 16 81 14 99 
6 18 44 5 53 20 72 2 81 13 70 4 91 
9 14 71 1 85 18 90 9 81 6 97 13 73 16 95 12 98 8 99 
8 11 79 14 95 6 93 20 89 19 90 5 88 2 96 13 91 
6 14 35 2 95 18 61 11 90 7 66 16 86 
13 20 6 12 14 4 17 7 9 9 9 17 8 2 8 15 12 13 9 3 9 5 11 16 12 6 10 
9 5 84 15 96 8 86 2 90 12 97 14 85 1 90 13 99 18 99 
14 17 93 18 96 9 99 10 99 3 99 7 93 8 96 13 97 16 98 6 93 15 94 4 97 2 93 20 98 
9 15 32 9 68 11 48 1 49 2 59 19 33 18 55 3 75 13 53 
9 10 95 14 95 3 99 18 97 6 95 17 96 1 98 8 97 16 97 
12 4 48 7 85 11 66 19 77 6 69 18 76 10 91 1 50 16 81 20 66 2 80 14 49 
10 20 1 7 1 9 2 14 1 1 1 13 3 10 3 12 1 17 2 8 2 
8 4 97 1 97 20 99 2 99 15 99 8 97 17 98 10 97 
12 3 96 17 98 16 99 8 97 11 98 2 96 6 98 1 96 20 98 12 97 4 99 13 98 
14 19 76 13 87 6 88 8 81 5 90 18 76 2 89 12 85 17 98 3 99 7 80 11 90 4 93 10 83 
14 10 63 2 79 12 97 8 86 11 83 7 86 14 79 15 79 16 83 3 98 19 76 1 80 18 95 6 89 
14 14 75 7 76 18 86 19 83 8 97 12 85 20 92 1 92 3 80 16 83 5 89 17 81 13 98 2 79 
8 7 44 5 57 16 96 4 55 17 95 3 68 9 68 1 72 
7 19 96 2 96 15 99 9 97 4 96 10 96 5 98 
8 19 87 16 93 11 93 12 96 13 99 14 93 2 89 8 92 
14 2 70 9 90 13 90 18 86 8 82 14 95 4 82 15 81 7 76 12 90 17 97 6 96 1 93 16 91 
7 18 73 8 89 7 81 19 85 2 76 16 84 15 90 
13 1 61 4 97 12 90 16 66 8 96 2 79 14 84 6 85 13 61 15 97 9 69 19 87 3 83 
9 20 58 5 98 15 91 18 58 7 71 17 74 4 82 10 67 3 93 
8 17 69 5 86 12 93 18 94 2 97 13 84 14 88 16 88 
6 6 18 11 49 4 51 10 50 8 40 13 46 
14 8 19 7 47 2 24 14 39 20 38 17 24 3 50 1 25 11 53 10 26 16 34 15 25 5 24 6 20 
6 6 94 18 96 9 99 3 94 11 98 19 95 
11 19 70 13 75 8 94 12 81 15 95 5 96 9 85 6 79 16 71 3 70 1 70 
