327 284 5
1 2
2 3
3 4
4 5
5 6
6 7
7 8
8 9
9 10
9 20
10 11
11 12
12 13
13 14
14 15
15 16
16 17
17 18
18 19
20 21
21 22
22 23
23 24
24 25
25 26
26 27
27 28
28 29
30 31
30 41
31 32
32 33
33 34
34 35
35 36
36 37
37 38
38 39
39 40
40 51
41 42
42 43
43 44
44 45
45 46
46 47
47 48
48 49
49 50
50 51
58 59
59 60
60 61
61 70
62 63
63 64
64 65
65 70
66 67
67 68
68 69
69 70
70 71
71 72
72 73
73 74
74 75
75 76
76 77
77 78
78 79
79 80
80 81
81 82
82 83
84 85
85 86
86 87
87 88
88 89
89 90
90 91
91 92
92 93
93 94
94 95
95 96
96 97
97 98
98 99
99 100
100 101
100 107
101 102
102 103
103 104
104 105
105 106
107 108
108 109
109 110
110 111
111 112
113 114
114 115
115 116
116 117
117 118
118 119
119 120
120 121
121 122
122 123
123 124
124 125
125 126
126 127
127 128
128 129
129 130
130 131
131 132
132 133
133 134
134 135
135 136
135 137
138 139
139 140
140 147
141 142
142 143
143 147
144 145
145 146
146 147
147 148
148 149
149 150
150 151
151 152
152 153
153 154
154 155
155 156
156 157
157 158
158 159
159 160
160 161
161 162
162 163
164 165
164 173
165 166
166 167
167 168
168 169
169 170
170 171
171 172
172 181
173 174
174 175
175 176
176 177
177 178
178 179
179 180
180 181
190 191
191 192
192 193
193 198
194 195
195 196
196 197
197 198
198 199
199 200
200 201
201 202
202 203
203 204
204 205
205 206
206 207
207 208
208 209
209 210
210 211
211 212
212 213
213 214
214 215
215 216
217 218
218 219
219 220
220 221
221 222
222 223
223 224
224 225
225 226
226 227
227 228
228 229
229 230
230 231
231 232
232 233
233 234
233 238
233 242
234 235
235 236
236 237
238 239
239 240
240 241
242 243
243 244
244 245
246 247
247 248
247 261
248 249
249 250
250 251
251 252
252 253
253 254
254 255
255 256
256 257
257 258
258 259
259 260
261 262
262 263
263 264
264 265
265 266
266 267
267 268
268 269
269 270
270 271
271 272
272 273
274 275
274 276
274 277
275 278
276 278
277 278
300 301
301 302
302 303
303 304
304 305
305 312
306 307
307 308
308 309
309 310
310 311
311 312
312 313
313 314
314 315
315 316
316 317
317 318
318 319
319 320
320 321
321 322
322 323
323 324
324 325
325 326
326 327
2 4 4 5 4 
4 5 26 2 27 3 49 1 76 
4 3 92 5 99 1 97 2 93 
4 5 38 2 58 1 86 4 86 
4 1 97 3 99 2 98 4 99 
3 3 32 4 52 5 62 
2 1 90 2 96 
2 2 74 1 86 
3 2 43 4 51 5 98 
2 5 16 3 48 
4 3 46 2 95 1 46 4 82 
2 5 91 3 93 
3 3 37 1 64 4 51 
4 2 35 1 66 5 79 3 61 
4 5 15 2 27 1 43 3 33 
4 4 52 3 74 1 59 5 83 
2 1 74 3 85 
4 4 37 3 54 1 53 2 80 
4 1 16 4 28 5 20 2 42 
3 5 18 3 49 1 31 
4 5 21 4 27 1 51 2 54 
2 1 78 2 89 
3 4 35 2 57 5 90 
2 2 98 4 98 
4 5 21 2 44 1 49 4 31 
3 2 50 4 92 3 56 
3 5 19 3 39 4 51 
2 3 16 2 35 
3 4 61 2 84 5 77 
2 5 20 2 47 
4 5 18 4 40 2 44 1 26 
3 2 69 4 82 3 80 
2 3 84 5 99 
4 2 47 1 77 5 94 4 79 
2 2 51 3 57 
4 5 5 3 9 2 12 1 11 
3 4 44 2 80 1 70 
4 5 87 1 93 4 98 3 88 
2 2 53 1 75 
3 5 11 3 25 4 25 
2 1 81 5 81 
3 3 14 1 37 2 35 
3 2 16 4 33 5 46 
2 2 78 5 97 
2 5 97 4 97 
4 4 79 5 87 3 96 1 85 
2 2 70 3 89 
3 2 38 3 98 5 66 
4 2 76 5 93 4 94 1 82 
2 1 93 2 95 
3 4 66 1 80 3 80 
2 3 70 2 93 
4 3 71 5 91 4 91 2 95 
4 3 58 1 70 4 63 2 82 
4 3 58 2 73 1 59 5 77 
4 1 90 3 93 2 98 4 92 
3 4 17 2 49 5 28 
4 5 51 4 81 3 76 1 54 
3 2 54 1 54 5 99 
4 4 34 3 36 5 69 1 99 
2 1 39 5 54 
4 3 75 4 84 2 78 1 81 
4 2 61 1 80 3 84 4 81 
4 2 47 3 51 5 58 1 94 
3 4 1 5 1 2 2 
3 4 38 2 95 1 88 
4 3 88 4 97 5 94 2 94 
4 2 79 5 86 4 84 3 79 
3 2 97 4 98 1 97 
2 5 57 1 81 
2 3 71 2 76 
4 5 53 4 93 3 97 1 80 
3 2 42 3 76 1 91 
4 5 62 2 91 4 96 3 96 
3 2 96 5 98 3 96 
2 3 42 1 86 
4 2 40 1 79 5 94 4 70 
2 4 66 5 74 
3 3 88 1 88 4 96 
4 5 24 1 29 2 44 4 39 
2 1 40 4 83 
4 2 17 4 36 5 31 1 26 
2 1 97 3 98 
3 4 54 1 83 5 63 
2 2 99 5 99 
3 5 22 1 62 2 52 
4 4 38 1 40 5 73 3 86 
2 1 2 4 3 
3 4 3 2 6 3 5 
2 2 97 1 99 
4 4 82 2 94 3 99 1 88 
2 5 16 1 35 
3 2 2 4 2 1 4 
3 1 59 4 93 5 73 
4 3 92 2 97 4 92 1 92 
4 1 79 3 93 2 97 5 89 
2 1 73 5 81 
4 4 3 1 8 2 7 5 9 
2 3 28 2 33 
4 1 34 3 91 5 72 4 62 
3 2 24 5 70 4 62 
2 4 80 2 97 
4 4 76 2 98 5 91 3 91 
2 1 92 5 94 
3 1 84 5 89 4 88 
3 2 26 1 29 3 52 
3 5 85 2 98 1 87 
4 5 97 3 99 1 99 2 99 
2 4 79 2 82 
4 5 87 2 91 1 93 4 93 
2 1 24 3 56 
4 1 5 5 12 2 7 4 9 
2 3 31 4 83 
2 4 4 3 8 
3 2 15 5 21 4 32 
2 2 23 4 52 
2 2 17 5 50 
3 2 55 1 55 4 68 
4 2 36 1 86 4 84 5 72 
3 2 16 1 38 4 16 
2 5 37 3 40 
3 5 24 2 61 3 40 
4 1 57 2 78 5 74 4 86 
4 5 2 4 5 1 2 3 3 
2 1 56 5 84 
4 2 33 5 86 1 41 3 68 
2 3 1 4 2 
3 3 14 1 35 5 32 
2 1 70 3 88 
2 2 73 4 89 
4 5 61 2 89 1 61 3 79 
3 3 32 5 48 2 74 
4 1 17 4 27 3 36 2 37 
2 5 3 1 8 
2 1 29 4 70 
2 4 6 5 13 
3 4 75 5 93 3 98 
3 2 6 3 9 4 15 
4 5 85 2 87 4 89 3 99 
4 2 10 3 28 4 20 1 11 
3 2 96 1 97 4 99 
3 4 76 1 81 5 85 
4 3 32 1 59 5 84 2 43 
2 4 56 2 88 
4 4 6 5 16 2 14 3 9 
3 3 34 4 52 5 73 
3 5 91 4 95 3 92 
4 5 54 1 65 4 78 3 56 
2 5 95 2 98 
2 1 61 2 82 
4 5 18 1 49 3 45 4 44 
2 4 78 5 80 
2 4 36 5 83 
2 1 24 3 56 
4 2 28 4 36 5 50 3 42 
2 1 30 5 63 
3 5 7 3 15 4 10 
4 2 84 4 92 5 98 1 85 
3 3 73 5 73 4 80 
4 2 41 5 47 1 66 3 56 
4 1 93 5 96 4 96 3 97 
2 2 2 1 5 
4 4 6 3 9 1 15 2 13 
2 4 25 3 41 
2 3 56 2 72 
2 4 97 1 98 
3 5 36 3 54 2 90 
3 1 39 5 88 2 62 
4 2 31 3 58 1 31 5 33 
2 2 52 5 58 
4 4 30 5 42 3 45 2 65 
2 3 34 2 88 
2 3 88 4 91 
3 5 80 4 95 1 86 
2 3 72 5 81 
4 2 39 5 99 1 53 4 83 
2 5 15 3 34 
2 3 3 4 8 
3 1 87 2 91 5 92 
3 1 76 2 86 4 96 
4 1 33 2 82 3 89 5 49 
4 5 13 1 20 2 25 4 17 
2 1 77 4 89 
4 5 74 2 90 3 87 1 94 
3 5 3 4 8 2 6 
4 1 11 4 31 3 29 2 20 
3 2 79 5 86 3 92 
4 1 78 5 98 4 90 3 89 
4 3 2 1 4 5 3 4 2 
4 1 81 3 87 2 90 5 84 
3 2 64 4 70 3 73 
4 3 69 4 94 1 98 2 99 
3 2 23 5 62 4 39 
2 5 3 1 4 
4 1 50 3 69 5 90 4 93 
3 5 7 4 15 1 10 
3 2 97 3 99 1 99 
2 5 82 3 90 
3 4 91 1 98 2 91 
2 1 2 4 6 
4 4 76 1 85 2 77 5 92 
4 1 88 2 96 5 88 4 90 
3 4 26 5 30 1 56 
4 5 65 1 84 2 84 4 81 
4 2 53 5 83 3 88 4 55 
3 3 6 2 8 4 14 
4 4 52 2 65 5 80 3 82 
2 2 28 5 37 
4 5 75 4 96 1 90 3 84 
2 3 11 4 33 
2 5 11 1 26 
4 1 53 4 87 5 70 3 58 
2 5 8 3 23 
3 5 62 1 62 2 93 
4 5 50 2 63 4 95 3 58 
3 3 8 1 23 2 21 
4 3 95 5 99 2 99 1 96 
4 3 72 5 83 4 80 1 92 
3 5 27 3 48 4 53 
4 2 32 3 57 5 49 4 89 
3 5 52 3 75 1 89 
3 4 63 2 66 3 71 
2 1 24 5 41 
3 5 82 2 95 1 84 
4 2 42 1 65 5 85 3 73 
2 2 73 4 87 
4 3 79 5 82 1 86 4 85 
3 5 90 2 91 1 93 
4 2 60 1 80 4 83 3 72 
4 5 17 3 44 4 49 2 32 
4 5 99 3 99 1 99 4 99 
2 3 77 2 95 
4 5 29 2 78 4 86 1 34 
3 4 11 3 12 2 27 
4 3 83 2 86 5 94 1 94 
2 4 86 1 95 
3 5 92 4 92 3 98 
3 5 53 1 56 2 82 
4 2 19 5 44 1 56 4 43 
3 3 88 4 99 1 93 
3 1 27 3 48 4 52 
2 3 58 5 84 
4 2 3 1 4 5 7 4 6 
2 2 74 5 90 
2 2 93 4 95 
4 1 68 4 99 3 93 2 76 
2 4 21 2 53 
3 4 49 3 49 2 51 
4 4 32 5 55 3 78 2 91 
2 5 61 1 75 
4 5 56 3 74 4 71 1 60 
2 2 50 5 68 
3 1 79 4 79 2 84 
3 2 84 5 87 1 98 
2 1 58 3 72 
3 5 92 2 96 4 99 
3 5 94 1 99 4 94 
3 2 33 5 67 4 61 
2 2 92 1 92 
2 5 25 4 46 
4 3 68 2 88 5 74 4 95 
4 3 32 1 54 2 66 4 96 
4 5 72 3 77 1 95 4 97 
2 2 34 1 77 
2 5 99 2 99 
3 2 32 1 82 4 49 
2 2 79 3 87 
4 1 23 4 57 2 53 3 48 
2 4 56 1 94 
4 4 60 2 98 3 95 5 64 
3 3 26 1 63 5 35 
2 1 36 5 64 
3 4 84 1 86 5 93 
4 2 62 5 81 3 95 4 76 
2 4 48 2 51 
4 1 25 3 40 2 54 5 30 
3 4 40 5 98 3 68 
4 3 54 1 85 2 55 4 79 
4 4 79 3 96 2 82 1 90 
3 5 29 2 78 1 69 
4 3 35 5 74 1 75 4 64 
3 3 16 2 21 1 41 
2 1 15 2 30 
3 5 24 2 33 4 55 
3 4 72 5 77 1 88 
3 1 52 4 67 5 56 
4 4 68 1 79 2 98 5 81 
3 2 88 5 95 1 97 
2 4 74 2 93 
3 3 54 5 83 2 73 
4 3 20 1 36 5 20 4 56 
2 4 46 2 88 
2 1 68 5 98 
3 2 7 4 8 3 17 
4 1 87 5 88 3 97 4 97 
2 4 58 2 62 
3 3 46 2 92 1 61 
2 2 35 4 89 
3 2 25 3 48 5 45 
4 4 21 3 24 1 22 5 58 
3 2 69 1 94 4 77 
3 5 57 2 64 4 76 
2 4 23 2 31 
4 3 56 5 81 1 56 4 92 
2 1 52 2 86 
2 3 96 1 96 
3 5 69 1 91 4 98 
4 1 66 4 85 2 96 3 98 
3 1 85 5 98 4 87 
3 4 64 3 90 5 82 
3 4 15 3 17 1 29 
4 2 19 3 34 1 38 5 20 
2 5 11 4 11 
3 2 25 3 30 1 73 
4 3 25 4 33 2 71 1 25 
2 2 88 5 95 
2 4 3 1 6 
2 1 17 5 19 
2 3 75 1 99 
2 3 51 1 70 
2 1 19 4 23 
2 3 30 4 58 
4 4 68 5 87 3 90 2 85 
2 5 97 2 98 
2 3 39 5 82 
2 3 96 1 97 
2 2 27 1 57 
