451 415 25
1 2
2 3
3 4
4 5
5 6
6 7
7 8
8 25
9 10
10 11
11 12
12 13
13 14
14 15
15 16
16 25
17 18
18 19
19 20
20 21
21 22
22 23
23 24
24 25
25 26
26 27
27 28
28 29
29 30
30 31
31 32
32 33
33 34
34 35
35 36
36 37
37 38
39 40
40 41
40 57
41 42
42 43
43 44
44 45
45 46
46 47
47 48
48 49
49 50
50 51
51 52
52 53
53 54
54 55
55 56
56 73
57 58
58 59
59 60
60 61
61 62
62 63
63 64
64 65
65 66
66 67
67 68
68 69
69 70
70 71
71 72
72 73
78 79
79 80
80 81
81 82
82 93
83 84
84 85
85 86
86 87
87 93
88 89
89 90
90 91
91 92
92 93
93 94
94 95
95 96
96 97
97 98
98 99
99 100
100 101
101 102
102 103
103 104
104 105
105 106
106 107
107 108
108 109
109 110
110 111
111 112
112 113
114 115
115 116
116 117
117 118
118 119
119 120
120 121
121 122
122 123
123 124
124 125
125 126
126 127
127 128
128 129
129 146
130 131
131 132
132 133
133 134
134 135
135 136
136 137
137 138
138 139
139 140
140 141
141 142
142 143
143 144
144 145
145 146
146 147
147 148
148 149
149 150
150 151
151 152
153 154
154 155
155 156
155 168
155 180
156 157
157 158
158 159
159 160
160 161
161 162
162 163
163 164
164 165
165 166
166 167
168 169
169 170
170 171
171 172
172 173
173 174
174 175
175 176
176 177
177 178
178 179
180 181
181 182
182 183
183 184
184 185
185 186
186 187
187 188
188 189
189 190
190 191
192 193
192 199
193 194
194 195
195 196
196 197
197 198
198 205
199 200
200 201
201 202
202 203
203 204
204 205
228 229
229 230
230 231
231 232
232 233
233 234
234 235
235 236
236 237
237 238
238 250
239 240
240 241
241 242
242 243
243 244
244 245
245 246
246 247
247 248
248 249
249 250
250 251
251 252
252 253
253 254
254 255
255 256
256 257
257 258
258 259
259 260
260 261
261 262
263 264
264 265
265 272
266 267
267 268
268 272
269 270
270 271
271 272
272 273
273 274
274 275
275 276
276 277
277 278
278 279
279 280
280 281
281 282
282 283
283 284
284 285
285 286
286 287
287 288
288 289
289 290
290 291
291 292
292 293
293 294
294 295
295 296
296 297
297 298
298 299
300 301
301 302
302 303
303 304
304 305
305 306
306 307
306 323
307 308
308 309
309 310
310 311
311 312
312 313
313 314
314 315
315 316
316 317
317 318
318 319
319 320
320 321
321 322
323 324
324 325
325 326
326 327
327 328
328 329
329 330
330 331
331 332
332 333
333 334
334 335
335 336
336 337
337 338
339 340
340 341
341 342
342 343
343 344
344 345
345 346
346 347
347 348
348 349
349 350
350 351
351 352
352 353
353 354
354 355
355 356
356 357
356 367
357 358
358 359
359 360
360 361
361 362
362 363
363 364
364 365
365 366
367 368
368 369
369 370
370 371
371 372
372 373
373 374
374 375
375 376
377 378
378 379
379 380
380 381
381 382
382 383
383 391
384 385
385 386
386 387
387 388
388 389
389 390
390 391
391 392
392 393
393 394
394 395
395 396
396 397
397 398
398 399
399 400
400 401
401 402
402 403
403 404
404 405
405 406
406 407
407 408
408 409
409 410
410 411
411 412
412 413
414 415
415 416
416 417
417 418
418 419
419 420
420 421
421 422
422 423
423 424
424 425
425 426
426 427
427 428
428 429
429 430
430 431
430 438
430 445
431 432
432 433
433 434
434 435
435 436
436 437
438 439
439 440
440 441
441 442
442 443
443 444
445 446
446 447
447 448
448 449
449 450
450 451
10 24 28 8 30 17 55 6 42 12 45 21 57 2 40 9 50 14 70 4 81 
18 5 78 9 94 14 91 8 81 18 98 1 89 12 97 24 94 10 83 7 86 4 80 25 91 13 83 17 79 19 89 2 98 3 91 22 92 
8 11 34 24 67 18 92 3 43 19 55 6 84 14 54 15 95 
14 7 34 20 55 17 79 18 93 12 69 21 57 2 76 3 93 1 92 23 80 5 71 11 91 14 54 13 37 
9 14 55 18 69 22 95 4 68 24 88 25 75 2 96 21 71 20 76 
14 17 36 20 62 16 71 3 82 1 80 10 51 24 72 25 92 7 71 5 49 21 87 19 75 9 53 6 40 
16 12 25 8 27 1 34 10 69 5 59 21 46 4 36 2 69 20 37 25 72 22 51 19 49 23 40 7 51 6 40 13 50 
15 23 45 9 87 4 56 5 56 6 82 20 65 12 70 18 80 25 86 14 84 2 67 13 79 21 64 1 89 8 48 
15 16 97 9 97 3 97 22 98 25 97 15 99 13 97 12 97 6 99 17 98 7 99 24 99 10 99 21 97 5 99 
12 7 11 12 26 18 21 3 31 6 23 9 14 25 14 5 28 19 24 21 27 13 26 20 22 
14 6 62 5 79 20 86 19 67 22 95 17 89 1 98 8 71 11 90 13 86 12 69 14 79 10 79 7 97 
17 13 93 19 97 11 97 23 95 1 99 15 96 10 95 25 98 14 95 21 95 18 95 6 96 5 97 16 93 24 96 7 99 20 96 
10 17 15 24 24 5 36 14 22 9 15 16 33 23 26 22 26 2 17 1 34 
9 17 71 2 85 18 90 21 85 7 71 13 79 5 95 22 79 19 97 
11 10 47 25 62 24 84 23 86 9 95 1 72 13 54 15 74 16 53 22 86 18 88 
13 11 22 6 56 23 42 7 41 13 24 4 32 8 66 3 28 16 41 9 55 14 59 10 36 12 33 
12 5 31 9 90 18 55 22 69 21 81 12 74 25 32 13 81 20 61 14 76 24 61 1 32 
18 16 78 17 98 20 87 5 79 25 91 14 87 6 85 9 91 1 85 8 85 12 90 18 78 7 78 3 92 11 89 10 97 23 79 15 98 
16 17 46 5 74 18 63 22 90 10 46 24 47 13 77 6 57 4 64 14 93 15 71 25 68 8 93 16 94 19 96 12 88 
11 16 85 14 90 6 99 9 98 7 99 22 95 15 93 10 95 23 85 13 91 21 90 
8 6 43 17 55 23 64 9 55 1 84 11 92 24 90 21 60 
13 8 52 5 59 10 76 21 99 3 54 20 74 17 66 22 63 25 63 18 96 19 55 12 52 4 80 
13 20 41 19 81 22 90 18 69 15 41 3 92 8 47 11 74 7 86 1 90 24 63 10 99 12 91 
8 18 6 9 18 16 13 1 16 11 6 13 12 5 16 19 12 
16 24 8 23 15 2 22 16 16 9 8 15 13 20 13 11 18 10 15 8 8 5 12 12 12 7 22 3 17 18 24 22 24 
11 21 47 11 84 17 93 8 57 20 49 1 61 24 60 4 74 16 61 22 93 25 79 
10 5 75 12 75 7 93 20 89 17 81 11 83 4 87 21 76 13 84 10 78 
12 2 61 25 80 8 73 7 74 21 68 9 86 23 72 4 81 12 76 14 62 17 86 1 63 
12 12 87 20 92 9 95 13 92 11 97 23 95 24 90 21 89 19 88 4 93 10 87 16 91 
16 18 3 15 4 25 5 12 4 22 8 20 7 10 7 17 4 4 4 7 7 11 4 8 7 1 7 24 9 21 4 5 6 
11 12 91 18 99 11 91 16 91 13 92 2 97 7 93 25 91 9 97 17 99 20 94 
11 23 40 8 67 21 81 18 55 4 94 5 97 10 67 2 93 14 85 11 77 1 46 
9 9 32 8 80 25 34 13 33 11 63 18 82 15 94 19 85 14 33 
15 18 96 16 99 22 99 6 97 4 98 7 96 1 96 12 98 9 98 23 98 5 97 17 97 11 97 8 98 25 99 
12 6 80 19 84 4 92 22 94 13 93 7 93 21 86 24 83 14 84 18 98 5 80 3 98 
18 11 1 19 2 18 3 24 1 15 3 6 2 17 1 5 2 22 2 10 1 9 1 16 2 4 2 21 2 1 1 14 1 2 1 25 3 
8 23 31 21 45 3 62 15 76 25 45 22 54 24 75 20 81 
16 6 96 19 97 23 98 8 99 21 97 1 98 4 96 10 99 11 98 18 98 17 97 14 97 15 97 16 99 2 96 24 97 
8 11 73 12 86 21 88 9 80 15 92 3 90 13 73 1 85 
17 22 51 15 69 8 74 1 53 2 71 7 90 21 61 23 65 14 53 10 96 5 80 13 56 9 71 24 96 3 68 25 94 17 84 
8 12 21 8 47 3 53 16 48 18 62 6 60 11 29 5 50 
10 3 68 6 75 1 88 5 76 11 89 24 85 15 75 2 92 4 90 13 83 
13 23 84 6 96 14 98 16 95 1 92 9 98 19 84 10 90 15 92 17 95 7 84 21 92 5 84 
18 7 38 24 87 14 81 15 82 2 47 4 85 3 83 22 39 1 68 13 91 11 46 8 51 9 71 20 92 5 56 17 47 21 52 25 98 
12 7 94 5 94 21 95 12 99 10 99 15 95 6 98 19 95 3 98 16 98 14 99 8 99 
12 21 40 10 94 9 98 13 92 24 44 1 49 16 59 6 54 12 96 17 69 22 72 15 72 
17 23 38 3 79 16 43 10 96 21 83 4 51 11 64 17 64 15 57 19 58 22 66 2 78 20 92 13 97 6 70 1 70 25 41 
14 16 98 19 99 14 99 17 98 4 99 6 99 20 98 22 98 5 98 9 98 13 98 11 98 21 98 18 98 
9 4 44 9 80 25 68 19 71 10 71 12 71 6 63 20 75 8 68 
16 11 50 19 71 6 74 9 50 15 99 24 99 23 58 12 88 5 94 20 78 22 75 14 73 10 74 16 62 17 78 4 74 
15 2 95 19 97 10 97 14 97 6 97 25 98 21 97 15 95 5 96 17 96 1 99 7 95 11 98 3 96 13 95 
17 17 58 21 88 8 61 14 66 1 89 13 91 22 75 20 73 4 82 23 85 11 62 5 80 7 99 25 83 16 64 9 85 15 72 
13 1 34 5 82 7 86 24 65 12 99 22 80 19 34 10 92 2 47 25 57 16 64 15 82 4 92 
12 6 67 1 69 20 79 5 78 15 76 19 81 3 92 16 80 7 70 22 78 2 81 21 70 
14 18 96 19 97 8 98 23 96 20 99 9 99 24 98 12 99 17 97 2 96 3 97 13 96 15 97 22 96 
17 10 44 17 65 13 76 21 65 16 76 1 90 24 62 4 77 9 89 14 96 7 85 2 89 12 70 19 48 25 83 22 57 8 62 
10 19 62 24 91 21 79 12 92 9 62 25 83 18 69 20 84 17 89 4 71 
18 19 87 16 88 8 95 5 96 6 93 20 89 21 91 12 91 24 93 11 89 7 96 15 97 4 94 9 90 14 97 22 99 25 95 23 88 
11 5 93 19 95 17 99 14 99 15 97 24 94 11 95 3 99 25 97 8 97 23 97 
13 9 16 23 26 11 19 8 39 7 16 5 29 18 39 14 41 25 39 22 46 17 17 6 27 24 21 
18 12 35 9 42 24 87 21 47 7 35 8 43 25 71 20 58 3 77 16 61 19 43 14 92 17 54 2 76 5 95 13 57 22 91 11 54 
13 21 75 5 99 15 87 9 89 6 75 12 96 1 99 22 77 13 85 20 75 16 83 10 98 23 89 
12 22 82 6 89 17 97 2 99 1 82 25 97 20 93 3 89 14 85 9 96 21 94 15 84 
15 3 18 17 27 1 25 25 45 6 39 19 43 9 23 21 41 2 24 5 43 16 51 7 49 4 45 23 54 22 30 
14 10 57 14 86 1 92 11 94 8 78 18 98 21 91 9 71 7 66 17 81 25 73 23 61 6 81 2 59 
18 22 90 3 93 24 90 4 94 1 94 12 92 6 95 7 90 5 91 18 94 23 90 11 92 10 95 15 92 20 96 8 96 25 90 14 95 
14 24 86 14 97 12 99 23 98 17 99 20 94 3 97 13 87 11 86 10 94 6 94 9 99 1 90 7 87 
10 9 7 18 21 16 19 8 18 15 15 17 10 25 12 10 16 12 11 21 21 
17 17 26 24 43 23 35 22 65 14 66 4 54 3 67 18 54 9 67 11 60 12 43 7 49 2 26 25 42 21 39 15 57 13 68 
12 20 17 25 35 17 47 5 34 12 24 19 38 7 20 24 51 13 17 8 43 22 43 11 41 
16 10 24 24 39 6 36 23 63 13 33 11 45 5 35 7 45 14 52 15 55 21 29 16 52 20 28 12 44 22 29 8 55 
17 17 88 20 94 25 89 12 97 11 93 1 91 21 90 23 93 2 90 6 95 8 89 16 91 19 95 7 94 18 90 14 92 24 89 
14 15 49 3 97 1 85 7 52 13 55 19 80 25 59 4 99 23 51 14 78 24 99 20 85 17 52 2 68 
13 18 6 22 7 8 14 14 6 11 16 21 10 20 10 24 17 1 12 6 17 7 18 13 10 3 14 
9 9 81 5 99 4 84 21 93 19 87 18 87 8 82 25 81 24 95 
12 3 73 17 86 21 90 2 85 11 88 24 86 15 91 9 95 19 77 5 95 12 94 7 81 
17 6 8 22 24 9 11 21 12 16 17 14 22 13 14 24 17 8 12 20 21 12 16 5 21 3 23 25 23 1 15 18 16 17 9 
11 14 3 18 7 11 3 19 4 20 8 3 5 25 9 16 9 10 5 1 8 21 4 
15 25 26 18 46 6 77 1 46 15 36 12 43 4 39 24 53 20 56 16 65 3 39 21 30 13 77 23 54 22 78 
14 14 84 16 92 24 95 17 86 9 86 3 89 1 84 4 86 12 88 25 88 23 96 22 93 19 97 21 99 
9 21 87 10 94 3 97 25 95 2 89 1 98 8 93 17 87 13 92 
16 2 8 19 8 6 22 16 18 22 24 25 21 4 8 5 8 11 8 21 9 9 13 15 9 3 16 20 16 17 12 7 9 
17 10 55 18 96 16 66 22 62 17 87 9 63 24 79 19 65 12 82 21 61 3 70 25 87 2 80 7 88 6 77 1 84 13 62 
10 10 21 25 29 21 24 6 52 12 41 2 63 22 37 13 28 5 59 1 22 
8 24 18 19 25 15 22 3 54 9 29 10 41 7 27 18 39 
11 11 78 16 92 19 93 6 83 5 94 23 80 13 78 12 93 15 78 9 89 1 97 
16 23 92 2 99 10 95 15 99 22 93 16 94 17 94 20 98 7 95 6 92 9 97 24 95 1 97 8 94 18 99 4 92 
13 7 39 21 88 9 52 13 81 25 57 22 53 5 94 16 62 23 87 10 46 19 39 2 93 1 65 
15 5 77 19 84 2 87 22 78 7 93 10 93 23 80 13 81 15 84 18 97 21 88 16 92 9 78 11 77 3 95 
11 12 29 16 55 22 66 24 69 4 52 19 77 7 38 6 34 3 51 17 51 5 84 
9 6 7 24 21 8 16 18 12 21 19 2 7 17 17 11 20 13 7 
8 14 70 4 70 21 88 19 78 18 99 7 89 12 93 15 96 
9 5 16 9 21 24 40 8 26 20 22 16 39 14 38 11 29 15 44 
14 24 27 11 51 21 74 23 38 7 35 6 48 9 37 17 74 25 67 15 65 18 46 20 33 1 59 10 47 
16 8 1 16 3 19 1 18 3 9 3 2 2 10 3 25 2 14 2 11 1 21 3 13 1 24 1 5 1 1 2 22 2 
14 15 89 19 93 23 95 10 96 9 90 20 98 4 93 16 93 5 92 6 99 25 97 2 90 24 95 7 92 
15 9 8 24 16 22 16 11 11 14 14 21 9 15 9 6 21 16 23 7 12 4 11 18 10 1 12 12 21 25 10 
13 19 97 7 98 24 97 14 98 23 98 21 98 17 98 15 99 9 99 6 97 1 99 11 97 22 99 
11 12 71 6 83 21 72 1 74 9 90 11 93 20 96 7 86 23 76 17 95 24 91 
16 13 94 18 96 15 95 21 99 20 95 17 99 14 97 7 96 1 94 19 99 12 98 24 97 4 96 5 98 2 96 10 94 
12 13 66 25 87 15 85 14 96 2 95 20 96 16 72 8 71 22 98 18 84 11 83 23 92 
9 24 38 14 80 13 67 19 58 3 57 12 90 15 62 10 56 20 81 
12 5 81 2 98 24 82 3 91 25 84 19 95 23 94 16 82 22 85 8 81 9 94 13 84 
8 24 93 5 96 11 99 12 95 22 94 8 99 7 99 6 94 
8 23 77 17 77 20 82 18 78 16 77 13 79 8 77 1 88 
17 19 73 5 88 4 91 11 83 25 91 1 92 16 85 17 76 3 83 9 73 10 94 18 88 15 88 7 97 6 79 13 88 20 75 
9 18 43 10 67 16 99 15 75 6 45 5 59 2 67 19 64 22 64 
18 4 89 25 89 9 99 1 89 17 90 10 94 23 96 3 97 13 99 7 91 11 99 24 96 15 92 5 89 2 90 16 95 21 97 8 98 
18 6 82 20 90 9 82 11 97 2 97 16 84 18 90 17 82 5 88 14 86 23 86 15 97 19 87 12 97 7 96 10 88 22 96 1 90 
8 17 16 6 46 9 36 7 46 5 18 14 25 11 23 15 40 
15 8 71 4 71 23 78 20 98 5 84 25 96 19 71 18 79 24 78 11 71 22 84 14 77 15 95 17 88 2 75 
12 19 82 9 84 5 93 23 84 6 93 14 98 22 94 2 87 12 83 3 96 24 98 20 98 
17 9 4 2 9 16 5 11 5 6 9 1 9 4 5 23 8 7 10 5 4 13 4 24 5 8 8 14 11 10 6 17 4 15 4 
18 4 65 19 66 8 67 2 69 5 70 24 99 22 84 14 86 1 78 12 78 13 98 15 70 25 99 18 87 16 82 6 66 9 81 21 74 
18 8 74 9 75 18 87 10 74 21 84 17 98 4 95 3 89 24 81 1 94 22 84 7 93 6 93 25 83 20 79 2 78 15 85 19 78 
18 18 85 12 91 4 90 13 86 20 91 1 91 7 86 24 86 14 85 10 85 23 94 3 88 6 95 5 92 22 89 25 98 8 98 16 88 
10 11 5 6 7 12 15 2 7 20 12 23 5 1 8 22 5 8 11 19 10 
11 15 24 6 30 19 60 10 50 12 53 2 55 21 61 1 56 16 45 13 30 14 51 
10 25 33 17 72 6 87 14 57 22 87 3 66 12 51 1 65 19 81 16 91 
18 23 48 10 48 18 51 11 80 21 66 16 87 17 83 24 65 22 76 4 69 15 72 6 50 12 63 2 57 5 50 7 76 8 61 13 66 
14 16 71 2 82 8 79 7 99 19 97 14 85 1 73 24 99 12 88 6 98 13 78 5 79 11 80 20 77 
14 9 38 17 67 5 70 10 70 11 97 7 91 16 45 21 93 13 54 24 72 14 78 12 79 23 94 1 43 
12 16 20 4 22 2 30 25 22 12 55 24 45 21 57 10 54 7 30 1 58 3 34 8 33 
15 1 82 24 89 11 87 2 98 13 87 14 87 16 87 25 85 3 91 19 83 17 87 15 94 22 98 7 96 12 97 
18 7 23 25 40 21 49 13 27 15 58 16 40 18 64 23 28 5 49 10 54 17 42 20 64 4 40 19 69 2 44 12 31 1 44 8 67 
10 22 25 18 71 23 67 21 36 17 48 25 54 5 30 24 74 7 31 1 57 
17 8 41 12 87 7 87 4 87 14 53 17 72 15 81 21 91 20 49 1 53 10 95 2 66 3 92 25 57 11 75 13 89 16 69 
15 13 89 6 92 2 99 23 94 17 90 22 91 10 95 16 93 14 96 15 99 1 97 5 98 4 92 12 89 8 95 
10 9 50 4 81 5 91 12 51 23 53 21 61 1 76 13 79 7 92 19 58 
12 10 32 5 45 3 92 16 37 14 75 12 88 7 62 24 85 22 72 9 64 18 66 8 67 
12 14 48 17 91 21 82 23 85 19 67 5 86 6 63 12 83 16 76 8 69 24 94 18 83 
10 24 12 17 21 25 18 12 16 8 12 22 30 14 25 11 20 13 23 7 17 
14 25 2 18 5 23 5 22 4 21 4 5 3 1 2 2 4 12 3 16 5 6 2 15 6 19 3 9 5 
8 4 94 23 97 24 96 18 95 21 99 8 96 5 95 13 97 
13 16 59 9 96 20 66 18 76 1 61 11 69 5 86 3 67 15 77 19 92 10 87 12 60 6 63 
12 14 29 6 48 18 61 23 87 20 54 24 76 9 50 8 86 25 38 3 57 16 54 19 72 
13 3 8 12 19 19 19 15 21 25 20 21 9 24 16 4 9 16 20 9 24 11 13 2 21 13 21 
11 14 67 18 69 19 79 13 78 11 75 16 91 23 83 7 74 1 94 25 99 15 83 
12 18 27 24 38 10 49 15 61 12 66 5 65 22 60 7 74 25 58 16 57 13 50 21 70 
17 18 19 4 45 2 39 15 33 1 43 8 45 16 44 25 56 7 53 5 32 19 55 23 28 9 46 24 54 6 28 20 51 3 44 
13 4 59 16 86 15 77 8 83 9 82 3 61 7 65 21 84 22 79 23 69 17 64 6 76 5 84 
9 3 81 15 86 19 82 2 95 8 90 5 84 24 86 17 89 4 97 
18 1 84 22 94 15 99 9 97 14 88 2 98 4 91 18 96 3 92 16 89 19 97 17 98 25 92 12 90 6 99 23 85 11 99 10 93 
16 10 57 12 96 20 62 2 71 14 90 22 94 13 83 21 94 23 89 4 72 3 99 17 58 8 76 1 98 24 68 19 87 
10 3 48 24 91 16 95 25 49 9 93 19 70 10 94 6 92 1 78 14 64 
15 24 53 5 82 1 84 19 57 2 59 13 77 14 99 16 62 25 83 10 69 9 79 21 93 20 96 15 59 8 76 
14 5 76 3 77 12 98 8 88 7 76 10 87 1 80 22 85 2 94 16 79 18 83 23 86 6 94 14 96 
9 6 52 5 97 12 52 11 65 16 96 24 81 22 93 14 80 15 93 
10 19 57 8 89 9 73 15 72 5 61 25 92 6 79 13 64 22 64 21 78 
10 21 21 15 33 7 42 16 60 17 59 4 30 2 44 13 31 19 35 8 31 
17 14 55 19 96 23 69 13 65 3 55 10 75 21 60 11 98 20 96 5 88 17 81 22 78 8 85 24 75 25 98 7 84 6 58 
14 7 59 18 66 16 75 6 86 23 83 25 62 11 97 21 62 2 70 14 99 1 87 19 78 17 76 8 76 
18 20 97 15 99 1 98 5 98 11 98 2 99 8 97 17 99 13 98 24 97 21 99 3 97 14 97 12 99 9 97 25 99 4 99 10 97 
15 22 4 25 6 13 10 8 9 15 7 11 7 10 11 23 6 4 7 6 11 24 5 21 12 9 7 17 7 2 10 
13 21 38 20 53 3 91 11 64 7 81 13 53 18 48 15 70 12 96 1 67 16 88 4 63 5 54 
14 6 98 11 99 5 98 21 99 17 99 19 99 10 99 14 99 24 98 25 99 8 98 2 98 9 98 16 99 
9 5 64 18 98 12 94 3 67 17 69 22 91 2 66 14 89 24 88 
11 24 92 4 96 23 99 25 93 14 97 10 94 22 97 11 95 1 94 16 94 13 94 
12 6 56 12 75 17 61 9 58 4 74 15 73 13 98 14 73 8 73 2 90 11 60 23 69 
18 10 77 13 87 7 84 17 92 23 97 6 79 12 87 16 97 15 89 1 78 19 80 11 91 18 83 9 97 21 81 24 82 4 81 3 95 
13 13 91 5 94 8 91 25 91 6 98 22 92 18 99 7 92 17 94 14 97 24 97 15 92 19 92 
14 4 53 7 97 16 74 5 57 1 80 3 55 12 89 8 57 6 70 11 87 21 71 9 66 19 59 24 73 
11 15 43 4 66 5 62 6 57 2 55 24 76 8 70 12 52 22 61 25 57 10 88 
11 25 99 23 99 7 99 19 99 24 99 14 99 17 99 3 99 8 99 20 99 22 99 
16 9 99 11 99 2 99 10 99 24 99 16 99 1 99 14 99 21 99 20 99 8 99 6 99 25 99 22 99 15 99 12 99 
16 2 95 5 98 3 99 12 97 18 96 20 97 9 95 16 96 21 96 7 99 13 96 17 96 4 96 22 99 15 98 24 98 
11 1 69 4 89 8 80 3 86 23 81 12 82 10 76 25 98 9 83 20 70 16 77 
12 17 54 8 88 16 93 20 99 25 93 13 59 21 97 14 84 12 81 23 65 22 62 24 82 
8 17 7 13 20 6 10 11 21 2 20 7 7 16 20 18 10 
12 12 1 22 1 7 2 18 2 3 3 21 1 11 2 4 2 17 1 19 2 15 2 10 2 
13 12 87 17 95 3 90 11 87 9 88 10 90 24 87 19 98 5 93 4 92 20 91 25 94 23 92 
13 8 75 23 89 16 97 19 77 9 90 1 80 17 81 3 93 12 90 7 93 15 79 25 81 20 96 
17 19 73 21 80 1 95 13 75 6 77 23 97 3 79 7 94 8 78 17 73 24 99 9 98 18 91 10 82 2 76 14 85 5 75 
11 5 66 17 99 9 67 3 83 12 77 13 85 10 66 21 85 6 89 11 70 24 84 
13 25 88 14 91 18 89 11 91 15 98 5 88 16 99 9 94 8 99 10 93 7 96 4 93 24 93 
16 22 88 2 92 5 91 8 93 16 95 13 92 18 96 10 90 15 95 12 91 6 92 4 96 23 89 3 93 24 98 20 98 
9 16 69 19 95 23 86 13 89 10 86 1 84 21 72 6 81 11 82 
12 25 66 16 82 22 80 23 73 14 91 5 74 9 85 24 73 11 76 15 71 8 77 10 85 
17 7 65 21 69 13 86 10 91 23 67 2 71 6 94 25 86 12 95 5 67 20 95 1 83 24 71 15 91 4 93 14 80 16 68 
15 13 80 9 95 24 80 7 85 19 88 2 91 8 89 17 94 10 87 5 89 15 88 11 87 23 87 1 86 25 92 
11 5 63 18 85 6 70 11 81 13 94 19 95 22 84 10 82 7 89 9 74 12 63 
8 14 79 25 93 5 94 1 81 13 87 18 79 16 91 21 94 
14 2 88 7 88 23 98 14 94 11 98 20 94 9 97 24 90 25 96 18 93 13 90 3 97 1 99 15 99 
15 12 28 22 79 23 51 25 78 3 32 21 67 20 29 4 59 5 34 11 42 16 64 8 55 9 77 6 35 15 68 
12 12 84 24 91 19 88 10 90 14 87 18 92 21 96 11 89 8 88 23 99 13 85 3 94 
11 5 33 21 85 9 43 3 72 16 59 18 91 4 99 23 69 17 65 25 83 12 85 
15 25 67 13 74 18 95 10 74 19 73 21 70 6 86 17 85 24 68 20 97 22 96 2 98 16 83 12 70 14 73 
14 20 35 25 72 9 45 13 77 12 44 18 67 24 80 10 98 6 80 23 52 22 61 4 68 2 96 19 64 
10 14 56 12 70 24 94 20 91 9 85 3 61 15 60 23 68 19 62 7 60 
18 8 38 16 50 6 95 21 56 19 98 1 86 10 72 3 58 13 56 11 59 2 40 15 64 7 88 23 55 22 46 25 84 14 56 17 91 
15 5 19 21 38 10 24 14 40 9 24 20 52 18 47 23 47 19 31 7 49 12 40 17 36 3 36 4 35 2 45 
12 3 95 1 97 5 99 20 96 13 95 23 95 21 99 14 95 16 96 19 96 10 97 4 98 
13 16 79 8 97 1 95 4 89 24 84 11 97 6 94 9 84 20 94 22 84 12 82 14 86 15 94 
15 17 78 7 92 5 87 12 80 16 88 24 82 19 96 1 83 6 93 11 94 23 78 18 96 8 85 3 83 20 85 
18 5 63 12 68 13 97 18 93 21 84 10 67 7 73 4 78 17 83 24 82 2 90 15 96 6 91 11 95 25 63 22 98 19 77 20 78 
18 14 17 25 29 4 43 2 36 11 18 10 18 9 33 19 27 20 40 15 49 21 51 8 31 24 47 16 20 13 23 23 31 12 48 22 25 
12 8 33 23 63 4 84 3 75 11 89 15 90 25 77 22 95 16 80 13 75 5 89 19 80 
8 13 50 1 96 18 63 6 87 25 51 15 72 21 54 17 64 
9 16 31 22 38 11 39 15 40 10 73 13 39 25 78 21 91 14 53 
14 14 46 8 95 11 65 25 57 2 87 1 75 20 48 13 61 21 62 3 61 24 46 10 94 16 64 4 60 
9 10 40 24 60 6 85 9 58 12 95 4 63 22 64 19 53 15 51 
9 22 29 25 35 11 66 10 66 18 45 4 58 2 77 13 70 20 47 
9 17 29 24 84 9 63 12 49 19 73 14 76 11 55 1 54 5 63 
9 8 16 1 21 6 35 2 16 23 23 15 32 16 36 18 26 7 45 
14 9 73 16 78 8 84 25 97 3 91 18 74 2 94 7 99 24 73 17 78 15 77 19 74 20 78 4 83 
18 4 18 5 28 21 36 9 46 24 43 1 45 10 49 12 37 25 30 6 52 19 45 2 36 23 22 16 39 20 23 22 35 14 32 11 49 
15 14 20 12 53 21 56 22 58 23 57 2 44 4 41 3 42 24 38 16 52 7 59 13 24 25 29 10 53 11 42 
12 5 31 19 45 21 72 10 67 13 93 24 56 2 51 25 40 22 62 20 52 15 49 9 62 
10 16 29 24 54 15 30 25 81 10 55 6 73 2 34 12 56 20 35 8 48 
9 13 37 14 64 5 75 3 65 19 90 6 78 1 57 20 75 2 51 
14 8 98 17 98 24 98 5 99 1 99 10 99 18 98 19 99 16 98 15 99 12 99 4 98 3 99 11 99 
8 17 56 16 97 7 69 13 64 8 76 5 86 6 71 20 95 
15 9 58 18 71 4 67 23 90 21 89 11 73 25 73 8 87 3 84 6 93 22 88 2 61 12 58 10 96 1 95 
16 22 63 3 67 10 98 16 73 17 95 12 84 14 79 15 92 21 98 11 64 25 89 19 81 18 64 8 64 4 68 23 73 
18 1 75 20 83 14 93 2 83 4 77 10 79 15 86 25 86 3 80 7 80 9 77 24 76 21 88 5 99 17 78 19 97 23 94 13 91 
9 22 72 15 96 13 74 17 95 21 74 18 97 25 84 4 75 23 74 
11 17 98 19 99 21 98 24 98 14 98 23 98 9 99 6 98 3 98 4 98 22 99 
16 25 77 3 88 21 81 1 91 6 94 18 77 11 90 8 88 7 99 24 92 5 83 20 83 2 80 16 82 13 99 12 84 
13 15 36 9 40 7 55 2 58 3 82 16 73 5 57 17 48 12 85 19 80 24 99 1 67 14 45 
9 9 48 25 78 7 76 18 78 3 56 17 71 24 70 6 68 4 52 
16 9 30 20 83 8 58 19 61 17 54 14 53 25 56 13 35 2 45 5 38 7 73 3 52 22 67 18 34 1 50 24 35 
10 5 14 4 25 7 22 23 17 1 30 13 15 8 14 24 30 6 17 18 36 
18 2 87 8 92 18 93 20 95 6 92 3 92 25 95 21 92 22 93 16 92 13 88 1 95 5 96 10 95 14 88 19 93 24 99 11 93 
12 21 97 14 99 19 98 20 99 12 97 18 97 22 99 23 97 3 97 16 98 1 99 24 98 
18 7 97 10 97 22 99 23 97 9 98 8 99 3 98 13 99 11 97 17 98 20 97 15 99 12 98 5 97 6 99 4 98 1 97 2 98 
11 8 38 15 38 12 72 19 80 5 49 23 55 24 64 1 85 21 47 25 53 11 58 
17 21 30 9 88 6 79 2 71 4 90 5 87 23 59 1 65 24 75 10 68 25 34 8 75 13 36 14 37 16 89 7 72 11 77 
12 15 13 4 13 9 28 1 26 14 34 20 33 2 35 5 18 19 13 23 39 16 30 24 25 
8 21 71 16 86 2 80 20 73 4 73 22 96 6 71 18 98 
12 22 62 19 65 10 78 3 74 6 73 17 69 23 99 2 78 14 70 20 92 13 70 4 93 
14 6 55 3 78 14 63 5 98 24 66 10 60 7 95 8 57 9 64 23 86 17 58 12 86 4 70 11 88 
12 22 19 6 32 7 21 4 52 16 39 24 51 23 57 3 19 20 57 9 38 15 38 10 40 
18 8 5 11 8 19 6 3 12 7 13 1 10 25 11 6 12 16 13 9 10 13 5 17 11 22 9 15 9 10 12 12 10 20 8 5 14 
9 4 41 7 74 22 49 5 43 21 45 17 57 6 94 2 58 24 45 
14 3 65 18 76 10 99 6 69 24 81 4 82 16 94 22 89 8 99 12 87 1 98 25 86 15 85 21 74 
11 25 16 16 44 10 42 3 30 22 48 2 38 19 46 24 42 17 36 15 30 18 28 
10 7 50 4 68 17 97 2 70 12 61 23 60 24 77 13 61 22 86 3 73 
11 4 87 7 95 20 98 9 88 6 88 10 89 24 88 3 91 23 87 14 93 5 87 
17 7 42 19 78 12 46 9 98 15 92 25 67 20 53 22 69 1 46 6 90 5 64 11 91 18 98 24 96 10 63 13 60 23 79 
9 1 46 20 55 7 60 16 90 15 55 25 78 21 84 23 85 9 48 
14 8 77 18 90 6 81 20 90 11 95 7 94 9 84 2 77 22 86 13 80 16 95 23 81 12 88 4 77 
13 21 19 18 43 5 50 2 35 3 52 24 51 23 57 11 56 25 48 7 51 12 57 13 38 4 50 
13 20 16 19 20 25 35 2 16 18 43 9 19 6 40 12 26 23 22 1 46 10 45 3 43 7 19 
13 4 56 7 95 20 68 10 92 25 98 5 75 23 94 21 96 13 85 3 78 6 56 9 92 8 74 
18 22 76 19 83 16 77 1 94 14 86 23 87 12 79 3 76 13 95 7 78 5 76 8 77 18 79 24 99 17 82 4 85 15 84 25 94 
14 19 28 8 64 5 73 22 30 11 69 3 71 12 61 20 81 1 32 16 59 23 37 7 42 14 54 17 80 
13 11 69 3 75 9 90 5 78 22 85 8 84 6 86 21 84 2 84 16 92 10 89 15 99 18 93 
13 2 56 21 58 9 92 23 75 13 70 8 80 4 95 3 61 25 64 6 69 11 62 19 58 17 83 
17 11 52 15 57 22 89 6 84 12 61 17 93 20 96 10 87 16 69 2 83 21 97 25 61 5 60 19 56 4 77 13 87 9 72 
18 9 65 19 92 2 74 11 81 5 91 7 91 1 72 22 67 17 75 8 83 16 86 12 66 14 85 6 91 4 71 23 97 20 72 10 96 
17 23 1 12 1 11 2 10 3 20 3 9 2 15 2 13 2 16 3 22 2 3 3 17 2 24 2 21 2 18 3 1 1 5 1 
16 15 26 16 70 2 52 10 46 9 74 22 34 6 30 12 36 11 38 4 74 8 41 5 78 13 26 21 61 20 62 25 35 
8 7 21 2 30 17 27 1 30 21 34 23 58 20 49 16 30 
18 6 33 10 71 9 59 12 49 7 90 17 65 22 91 18 72 13 89 19 53 23 68 16 65 8 56 14 63 5 72 3 93 24 33 21 90 
10 20 40 21 58 14 96 15 68 17 88 9 71 7 92 10 44 11 41 22 76 
13 18 24 10 41 8 66 5 69 3 30 13 40 23 71 17 35 2 50 7 37 9 52 14 33 21 44 
12 14 1 15 3 12 3 16 2 19 2 17 3 3 1 18 3 10 3 6 3 13 2 22 3 
16 4 90 24 97 17 94 23 97 15 95 8 91 19 92 20 98 3 92 25 97 22 99 9 98 16 93 12 98 10 98 1 97 
14 4 61 9 94 19 61 10 96 5 75 21 67 18 79 25 88 23 74 12 88 15 63 16 91 22 79 14 90 
17 21 6 23 6 1 16 22 15 7 12 19 17 8 9 9 16 12 16 10 14 20 14 2 10 6 18 17 12 18 18 24 8 14 16 
8 1 62 16 85 10 67 20 79 14 84 15 97 9 65 2 96 
17 16 63 9 95 21 69 12 98 5 67 24 98 23 92 7 80 18 71 17 86 20 91 25 91 6 71 11 69 10 67 8 77 19 63 
17 19 59 1 98 14 84 24 76 25 73 10 83 12 76 6 64 18 69 4 96 11 65 17 85 7 69 2 94 20 70 5 99 23 71 
11 24 38 7 84 2 55 20 66 23 81 13 91 21 38 15 98 3 99 6 69 18 98 
9 16 68 14 76 19 83 4 70 23 81 5 77 22 68 11 74 21 75 
10 18 20 22 25 5 21 15 47 11 57 24 53 23 54 20 34 3 35 8 25 
13 7 34 24 67 17 77 16 93 22 38 6 36 10 43 1 67 14 92 15 59 13 90 23 65 8 65 
14 24 45 7 83 9 99 13 92 25 82 15 64 19 70 11 45 14 89 17 49 18 46 21 49 4 92 16 59 
17 1 48 9 96 23 55 21 73 7 67 13 67 25 54 20 57 2 52 15 94 22 83 19 91 4 96 10 93 24 78 8 57 3 63 
13 23 6 16 13 5 15 13 17 20 13 6 18 12 6 24 17 21 9 19 16 17 11 2 14 3 9 
14 5 95 21 97 16 98 18 98 17 95 7 97 12 96 24 96 23 97 3 97 9 98 19 98 8 97 2 97 
10 18 34 24 75 3 34 6 83 5 48 23 99 11 67 22 92 15 66 14 61 
17 12 37 7 47 19 43 22 64 21 48 11 77 10 90 1 44 15 55 8 42 5 51 24 99 20 41 3 80 6 52 16 55 18 49 
10 9 41 14 63 4 82 21 67 10 54 6 95 16 73 22 76 1 56 19 48 
9 8 48 13 75 22 79 19 66 23 92 10 92 4 79 11 73 25 57 
16 21 69 22 70 3 99 6 76 4 82 19 96 24 76 7 73 10 83 18 88 2 93 5 90 1 83 17 82 23 84 13 73 
11 15 10 13 29 21 25 7 24 3 19 11 17 23 20 2 13 14 22 8 22 4 29 
11 2 37 9 46 6 77 25 67 17 81 24 93 16 47 20 80 13 41 22 55 5 91 
15 19 31 12 55 23 42 14 46 11 87 22 81 25 44 15 85 10 51 2 88 16 31 13 89 4 62 7 45 8 52 
16 25 19 21 57 5 49 16 39 14 43 19 44 10 32 9 23 8 19 1 41 13 40 6 25 24 51 2 51 22 29 20 48 
9 12 31 2 46 7 47 22 32 1 43 19 73 3 90 18 53 5 85 
8 25 78 11 95 17 92 19 94 5 84 21 95 10 79 13 78 
11 1 6 16 6 24 18 4 17 13 7 6 7 5 17 9 15 15 15 17 17 2 13 
10 19 16 12 47 9 16 1 20 5 20 3 40 7 40 14 46 22 19 16 39 
8 6 48 9 87 2 81 8 53 3 73 11 54 21 54 16 97 
10 19 52 15 77 24 89 18 59 6 84 5 61 1 53 2 56 21 88 7 98 
18 13 29 14 54 9 66 16 33 25 59 20 33 19 82 5 82 3 87 12 41 23 71 7 29 15 38 6 34 22 79 10 81 4 40 18 67 
13 4 16 23 30 14 45 10 39 1 24 7 26 3 45 13 22 18 20 20 25 21 21 8 23 16 24 
18 2 96 6 99 21 98 15 96 25 96 10 96 11 96 7 96 4 96 12 96 16 96 13 96 18 98 23 97 1 97 20 96 5 96 8 96 
16 21 42 2 98 14 94 16 61 25 59 8 91 10 84 17 91 4 87 3 66 13 45 24 66 20 76 6 81 5 94 12 81 
11 1 67 4 71 13 75 9 87 25 98 3 67 24 83 18 97 23 92 14 99 12 91 
8 2 70 20 91 12 76 22 82 13 70 15 91 8 71 1 81 
15 25 49 9 98 19 69 14 70 12 90 15 78 24 79 13 71 2 76 11 86 20 94 22 81 18 55 6 53 3 72 
12 10 63 7 81 3 88 17 74 12 85 25 93 6 93 4 74 8 70 9 87 15 68 21 78 
9 23 58 15 61 8 63 10 63 3 89 19 93 17 65 16 83 5 68 
10 20 86 9 96 17 87 7 86 18 90 13 87 4 94 14 92 5 92 12 93 
14 12 5 25 15 1 9 22 12 21 10 9 5 2 5 3 14 5 14 7 15 20 13 6 13 11 12 24 5 
14 11 87 23 96 9 94 4 87 5 91 13 88 10 96 22 93 25 94 16 88 20 95 8 95 14 90 6 99 
15 4 12 15 25 8 17 1 35 25 31 24 25 13 33 2 19 21 18 6 31 23 28 17 12 11 12 22 15 7 22 
12 8 24 18 32 15 69 25 59 10 43 4 69 16 29 5 39 7 35 9 48 19 60 24 43 
17 24 23 13 52 8 61 6 59 1 66 22 58 15 36 21 45 3 57 25 29 11 58 23 53 19 66 2 27 17 32 7 56 4 30 
13 17 38 7 49 2 97 25 63 3 91 13 74 18 49 5 69 22 76 10 48 1 78 21 77 19 58 
8 3 13 10 24 18 19 19 19 11 20 7 14 4 38 24 16 
10 1 56 12 97 13 85 9 61 20 64 6 96 3 79 7 73 22 80 10 69 
9 7 90 4 93 25 92 16 92 19 96 17 98 1 97 21 94 15 92 
15 17 71 21 72 8 83 4 96 23 76 3 79 11 87 22 76 16 76 25 77 12 72 10 89 15 83 13 79 7 87 
16 18 14 21 35 1 38 5 33 13 24 25 38 23 38 9 30 19 30 7 16 16 42 2 21 11 26 4 31 3 30 12 34 
12 22 64 21 94 10 98 24 70 3 77 18 87 13 76 16 84 15 96 14 91 19 98 23 92 
18 13 21 23 62 22 61 1 45 19 41 20 37 11 24 5 43 25 25 24 33 21 32 15 54 2 33 7 39 8 35 12 41 6 38 10 61 
17 4 96 25 99 3 98 11 96 13 98 9 96 12 99 5 97 8 97 20 98 10 97 7 96 22 99 1 97 14 98 16 97 24 96 
11 6 49 23 51 19 92 24 92 16 98 8 80 18 91 22 54 10 73 3 88 1 75 
9 14 5 19 8 3 11 2 9 18 10 5 13 15 12 10 5 6 9 
18 16 72 22 95 10 95 20 80 15 77 2 93 18 98 14 72 1 82 25 94 19 75 5 77 9 84 17 96 3 95 11 91 8 98 13 94 
17 18 80 16 98 8 93 22 84 1 93 17 83 2 90 11 98 14 88 20 96 23 88 4 99 24 90 6 82 3 86 13 85 19 82 
9 18 79 5 79 7 93 9 88 8 99 21 81 15 92 13 92 10 96 
13 3 61 7 80 24 76 19 77 18 72 11 76 21 76 10 90 9 77 25 88 20 89 15 75 22 85 
9 21 89 5 95 1 99 8 96 10 98 9 89 3 93 16 95 14 89 
8 23 93 15 93 12 94 17 98 21 95 5 97 25 98 3 97 
18 2 73 8 93 20 81 3 94 18 79 10 80 12 83 6 74 14 92 25 92 13 97 17 95 19 80 15 73 24 87 23 89 1 74 22 83 
11 17 46 24 78 10 57 8 93 12 87 5 75 3 49 21 89 4 98 22 51 13 67 
15 2 75 4 85 9 97 16 81 13 92 21 76 25 76 17 85 23 99 12 90 3 94 14 81 5 83 24 82 15 87 
16 5 59 17 72 16 81 10 93 15 68 19 91 24 92 9 79 12 92 7 65 4 71 23 64 25 72 11 64 22 64 13 95 
15 18 2 12 3 14 5 11 6 25 4 19 3 17 2 13 3 16 4 4 5 3 4 1 3 2 5 20 3 7 4 
17 24 44 19 67 12 94 17 61 16 68 25 57 1 44 13 93 8 91 9 83 7 86 20 75 23 93 21 50 2 98 14 74 11 50 
12 6 8 19 18 11 17 13 22 1 13 10 17 21 20 8 8 4 21 5 9 16 15 23 21 
18 13 34 20 47 9 90 10 79 2 93 19 90 1 75 12 57 22 62 5 34 15 83 7 82 24 62 17 94 23 94 6 93 4 47 16 73 
13 23 8 11 24 8 17 25 13 6 24 15 8 13 20 12 8 20 16 5 21 3 20 16 11 7 8 
9 21 51 22 83 17 62 14 97 18 85 10 75 11 58 20 85 4 91 
11 13 60 6 97 7 65 12 97 16 77 4 72 21 87 1 69 8 98 17 99 11 70 
13 12 14 3 23 14 25 2 19 16 20 21 38 7 22 24 21 8 18 15 17 5 42 23 23 19 18 
10 20 5 23 5 2 14 1 8 7 15 13 5 4 13 22 15 8 5 11 11 
14 13 35 23 86 5 55 21 78 3 85 7 71 25 53 16 59 4 71 2 63 10 96 19 68 11 71 22 44 
10 3 91 9 96 24 99 25 97 11 94 2 96 18 97 10 97 22 93 19 93 
16 21 36 2 50 16 53 4 84 20 66 12 51 14 48 15 73 17 46 7 77 6 62 19 38 10 74 5 85 8 42 22 82 
10 7 11 14 28 3 31 16 18 1 33 6 32 5 29 23 32 8 19 10 18 
9 19 93 13 94 11 98 17 93 7 98 9 98 2 99 20 94 1 93 
10 16 46 6 92 24 66 8 81 23 81 15 96 20 47 9 72 14 59 18 97 
18 21 80 24 85 5 85 18 89 13 93 3 88 17 98 10 95 23 82 15 88 22 86 1 93 8 97 7 84 19 87 16 97 4 93 20 92 
16 11 70 6 87 21 80 8 82 17 78 10 89 12 96 2 77 16 78 19 76 15 94 4 87 18 93 5 84 3 84 13 71 
12 15 38 12 59 17 90 1 44 10 69 6 87 18 39 24 69 23 55 16 98 21 80 20 82 
15 4 28 10 84 19 67 7 59 15 54 13 32 11 51 17 80 1 36 21 42 16 43 2 30 25 50 23 30 18 41 
18 23 43 6 60 12 91 20 68 2 70 24 55 1 60 10 95 4 61 5 48 22 94 14 84 7 60 9 85 18 60 16 88 15 48 8 78 
16 16 63 25 78 6 63 9 81 4 95 14 66 20 78 24 98 22 67 13 84 17 75 2 68 23 97 19 97 10 82 11 88 
12 21 90 18 93 24 93 2 98 6 99 17 90 1 93 16 92 10 94 12 97 5 92 22 90 
17 23 19 12 28 5 31 10 50 24 53 22 34 18 45 11 20 17 19 16 21 4 26 19 37 2 42 6 21 15 46 3 31 25 39 
12 25 75 4 91 1 99 2 91 13 78 10 89 3 82 11 93 17 98 8 87 24 80 12 77 
13 6 99 22 99 20 99 9 99 12 99 19 99 23 99 14 99 8 99 1 99 25 99 4 99 24 99 
15 12 72 8 98 2 98 6 75 25 88 20 87 11 84 16 90 9 85 19 78 24 79 18 93 21 99 7 92 1 90 
14 20 32 18 73 24 41 13 77 9 68 2 48 23 94 17 34 1 68 5 41 22 87 11 63 15 78 10 46 
14 21 2 15 5 25 2 2 5 7 3 5 4 14 4 18 5 12 2 23 6 4 3 22 2 20 2 3 4 
16 9 72 12 76 15 99 25 81 24 88 14 74 19 72 2 82 6 80 23 78 22 92 5 73 16 74 7 85 3 84 8 82 
16 4 38 12 58 14 59 19 42 2 72 6 52 5 93 21 40 7 60 24 49 16 99 3 63 25 45 10 42 13 48 18 40 
11 12 73 6 85 20 77 4 90 3 77 17 79 11 84 10 80 22 99 1 82 8 93 
10 12 66 19 95 11 94 25 96 21 97 17 84 8 86 3 79 22 82 16 87 
18 18 27 25 37 1 57 19 72 21 56 14 30 13 74 17 80 24 68 3 75 11 65 10 64 9 61 12 76 2 53 16 67 8 28 15 78 
11 18 21 15 34 20 56 25 21 10 42 13 41 23 28 2 53 14 48 7 60 4 55 
13 23 70 1 85 16 95 17 72 13 92 9 92 4 93 25 91 21 81 5 82 11 89 12 80 2 88 
12 7 16 4 43 23 46 12 46 10 36 20 16 22 44 25 41 9 16 14 31 2 45 5 20 
18 7 79 9 89 25 91 13 95 3 80 21 98 11 80 14 88 2 85 20 86 5 85 15 96 1 84 19 96 18 80 24 90 12 86 8 99 
12 10 57 16 60 1 76 22 59 2 89 17 76 12 66 14 93 20 70 15 65 24 69 7 72 
9 5 24 20 36 3 60 12 69 9 46 22 59 14 36 19 38 4 72 
9 24 44 4 72 25 71 1 66 19 94 21 55 6 59 12 75 7 87 
15 1 32 24 57 23 74 9 38 8 32 5 53 10 36 14 57 4 89 11 87 16 84 7 37 2 91 6 62 13 49 
16 20 69 11 82 25 98 13 96 16 96 23 92 22 78 19 83 6 74 24 78 4 84 5 99 2 87 1 79 17 87 14 93 
9 12 26 25 38 5 29 23 33 15 76 7 26 3 69 11 61 24 77 
8 20 42 21 90 19 51 3 85 12 53 10 44 18 45 25 54 
12 19 57 14 62 2 63 6 77 16 66 17 85 8 90 20 69 3 62 1 90 9 78 24 63 
17 7 12 9 35 3 28 13 16 12 18 21 19 23 32 24 29 15 20 10 21 14 14 18 19 5 22 2 18 8 21 22 15 19 13 
8 22 74 12 93 19 82 13 85 15 95 16 96 17 88 18 98 
9 9 90 13 98 4 98 21 92 22 96 24 92 6 92 1 91 20 97 
11 16 90 21 97 18 97 20 92 19 90 14 92 22 91 5 97 3 97 24 91 13 97 
13 7 92 17 92 13 98 20 98 9 95 18 98 3 96 2 98 24 94 19 99 5 92 11 95 23 94 
9 12 15 16 45 25 39 18 25 6 36 3 22 1 16 19 44 22 34 
15 8 70 10 99 17 71 14 93 1 90 3 74 13 70 22 80 2 83 19 83 24 70 7 77 20 93 15 70 4 92 
16 12 47 23 52 3 79 17 83 13 97 22 86 6 72 11 70 1 51 8 70 2 92 19 73 9 57 16 97 14 57 20 73 
10 14 60 25 75 4 94 18 96 22 60 1 63 8 60 13 76 2 65 7 89 
10 20 27 1 57 17 50 24 40 8 77 3 78 11 46 6 54 2 41 5 57 
8 11 87 4 94 18 94 16 93 14 93 13 89 1 96 6 96 
10 20 49 1 61 21 90 15 55 16 54 17 50 8 59 23 84 9 74 12 82 
13 23 50 9 98 15 98 24 95 19 58 17 92 22 96 5 69 25 64 10 86 20 75 16 54 18 95 
10 12 60 3 73 1 85 19 67 15 84 2 72 22 61 20 61 4 63 11 84 
15 14 30 1 83 2 57 11 77 18 86 25 58 17 35 20 42 21 40 10 83 7 39 6 37 23 89 8 41 3 31 
13 16 21 2 48 22 28 19 30 8 57 14 24 4 56 9 29 3 46 11 45 21 58 5 32 10 63 
18 24 71 13 80 16 76 7 81 3 79 18 90 20 91 15 90 14 81 22 95 9 89 4 74 11 92 2 83 8 74 23 78 1 73 12 74 
16 21 84 19 87 24 92 9 98 23 97 16 93 22 94 11 95 25 97 20 98 4 87 2 90 13 99 14 90 15 97 1 89 
9 20 70 22 83 21 96 6 89 16 71 5 94 3 78 19 97 14 72 
15 11 12 1 23 22 21 25 14 8 27 14 18 12 13 20 12 9 34 17 22 6 36 18 25 16 33 21 14 3 33 
8 7 48 9 72 12 94 21 55 23 58 25 97 24 66 17 71 
15 11 8 18 15 14 15 17 15 21 24 16 14 7 10 4 21 9 20 5 10 2 14 19 8 3 9 12 11 6 16 
13 1 16 3 32 5 38 9 41 21 38 18 29 13 23 11 25 12 24 4 20 16 37 22 40 23 31 
17 21 53 3 87 22 68 23 94 2 77 12 87 16 55 10 94 17 90 14 66 4 71 9 82 24 93 13 78 15 60 6 83 7 69 
15 24 22 14 59 23 60 6 29 22 34 13 39 12 23 18 27 7 54 4 34 17 59 11 24 19 23 16 37 21 52 
11 6 79 21 93 23 88 14 81 13 85 20 89 5 82 22 95 16 80 18 88 17 84 
12 15 24 24 72 8 26 16 38 1 52 6 34 10 67 19 65 3 52 9 27 21 68 13 35 
16 4 13 19 28 11 20 10 13 3 20 23 14 8 20 2 14 22 34 18 25 20 28 13 39 5 13 25 31 16 37 1 24 
16 13 80 7 88 12 85 9 80 23 90 3 96 24 90 21 80 6 81 4 94 19 98 1 83 25 95 18 82 16 98 5 94 
13 18 32 21 72 17 83 8 55 5 42 3 83 15 89 11 88 4 90 13 43 6 93 1 33 9 87 
8 1 66 7 95 17 71 16 98 18 98 14 99 21 74 2 89 
13 13 79 4 97 16 90 11 99 1 83 20 93 21 91 15 99 25 95 19 84 10 84 5 92 9 80 
13 17 84 21 87 11 87 24 90 10 84 2 90 6 89 1 98 3 87 12 91 8 97 14 85 7 97 
15 17 69 24 83 12 98 22 90 6 91 23 83 25 78 8 69 1 99 18 91 3 98 10 84 7 76 14 82 5 94 
12 22 95 11 98 13 97 17 97 2 97 20 99 23 97 18 99 25 96 3 95 15 99 21 97 
9 12 23 7 65 13 30 17 68 2 24 1 45 5 68 8 46 23 44 
17 3 98 15 99 1 99 13 99 16 98 25 98 6 98 4 98 20 99 5 98 2 99 21 98 23 99 10 99 24 99 19 99 11 99 
14 8 85 19 98 3 96 11 99 18 87 2 90 15 88 25 96 10 87 14 89 5 87 20 91 23 87 24 87 
16 10 37 13 54 5 54 19 51 18 73 6 41 1 38 7 67 8 77 20 80 3 58 16 61 2 76 17 79 11 77 12 74 
8 12 25 11 51 1 52 20 39 9 75 4 57 25 67 15 33 
9 8 87 16 87 10 90 24 89 9 99 7 89 25 95 15 93 1 89 
11 14 73 2 98 4 95 20 74 22 79 21 93 16 81 7 76 10 80 5 90 6 85 
10 17 42 1 87 9 89 15 73 13 48 10 52 14 88 5 83 21 70 19 51 
13 17 27 6 79 11 69 1 28 2 41 21 33 20 27 23 50 5 68 14 77 24 29 13 40 19 53 
14 19 61 14 75 6 93 22 80 11 68 15 68 12 73 18 91 9 87 21 88 7 70 13 69 1 88 25 66 
12 7 68 4 93 12 69 25 79 15 72 19 70 23 91 21 71 2 99 10 98 17 72 11 94 
10 6 6 24 16 11 8 8 18 1 11 3 13 18 18 25 11 19 12 21 12 
10 24 25 15 52 17 25 12 75 13 43 21 68 4 40 16 65 9 60 23 75 
13 17 27 19 45 14 74 5 71 15 43 6 38 8 62 12 29 24 57 11 38 2 35 7 65 4 64 
13 25 87 12 91 16 88 17 93 3 96 22 92 5 99 7 88 11 90 10 93 1 95 23 99 8 89 
9 25 58 24 86 16 63 5 74 19 93 3 88 20 88 2 88 9 91 
13 1 97 2 97 25 99 9 98 15 99 18 98 7 99 14 97 20 99 19 99 11 98 8 99 16 99 
17 9 39 6 55 4 45 22 66 23 91 12 48 7 92 8 89 10 80 11 73 1 52 25 63 5 78 2 43 3 72 17 76 18 88 
9 1 94 9 97 3 94 11 94 7 97 2 98 4 96 13 99 10 94 
17 16 95 13 98 6 98 1 96 10 97 19 97 11 99 9 98 3 96 17 96 21 99 15 98 8 97 7 99 12 98 5 95 20 95 
15 11 19 19 28 4 51 13 21 3 39 16 32 9 53 10 52 20 20 15 48 23 51 22 26 6 19 12 22 21 50 
13 1 67 22 74 15 96 2 83 16 72 3 74 13 70 21 97 12 86 18 84 8 81 25 71 9 72 
12 1 2 12 3 8 2 11 4 22 6 25 6 6 5 10 6 9 4 14 3 17 4 20 2 
11 10 11 17 11 23 30 13 18 7 33 19 24 11 31 2 31 6 16 25 31 21 22 
17 7 67 10 88 1 81 21 92 13 84 6 84 14 97 4 73 9 80 3 99 15 87 16 76 24 89 22 91 2 69 8 67 19 84 
10 7 45 25 67 20 68 12 92 1 57 23 72 2 80 15 92 4 54 13 55 
10 3 77 13 78 19 99 18 86 1 88 9 96 12 91 7 84 17 84 2 87 
10 20 62 25 74 10 99 17 76 7 64 4 99 16 81 2 88 1 72 23 83 
17 24 71 18 86 4 71 23 79 8 84 19 72 7 75 14 92 1 77 9 83 10 73 5 73 12 93 17 80 25 84 6 88 21 74 
10 2 68 25 74 3 81 1 85 10 92 20 80 16 86 24 87 14 86 8 90 
12 21 62 12 83 6 65 7 95 2 77 1 75 22 75 16 96 5 88 9 84 4 73 15 87 
17 23 31 14 77 18 71 4 58 21 68 15 41 2 86 12 77 10 93 25 45 7 89 24 66 3 48 19 60 16 44 6 82 1 52 
17 5 35 4 68 9 97 12 93 23 42 2 52 17 42 25 68 11 41 20 86 13 93 1 61 21 97 8 69 16 77 3 84 7 71 
15 14 53 4 97 17 84 20 74 6 78 8 66 15 72 11 73 21 92 2 64 19 75 7 64 10 58 16 61 3 62 
16 3 29 25 63 1 79 16 72 19 66 10 82 22 51 20 82 14 71 12 85 15 53 2 58 9 65 7 68 6 49 13 64 
13 24 47 7 58 19 82 1 98 17 53 2 91 22 86 16 49 5 68 14 79 12 58 15 69 13 53 
14 10 68 3 82 7 70 15 89 25 96 11 99 21 73 5 80 18 68 9 79 20 94 14 83 23 89 24 83 
10 15 74 25 85 8 90 18 79 23 87 17 82 2 97 20 87 3 85 11 76 
17 1 52 18 80 20 60 14 74 15 97 16 90 23 72 19 81 13 99 9 79 10 52 7 76 5 73 12 91 3 86 17 90 22 86 
18 3 13 25 14 23 32 19 25 14 32 6 37 24 13 12 14 18 25 10 39 15 22 20 36 1 32 17 13 5 33 2 28 13 21 7 29 
9 18 24 25 72 24 58 12 56 15 70 5 46 23 32 17 71 11 35 
11 6 26 12 65 24 48 10 47 13 47 14 71 23 64 25 63 1 69 16 29 22 62 
13 2 96 7 96 9 96 8 97 18 98 16 98 3 97 25 97 13 97 19 97 23 98 1 99 10 99 
14 19 51 1 69 4 63 16 56 24 78 22 61 8 53 2 59 3 93 15 72 25 77 7 57 6 59 11 83 
10 9 98 11 98 12 99 6 98 25 98 4 99 14 98 23 98 13 98 21 99 
9 20 9 15 26 8 15 22 17 6 24 13 12 7 20 3 10 10 12 
15 5 3 3 4 22 9 10 7 8 5 18 9 15 9 7 7 21 8 24 8 20 6 23 8 4 6 25 9 16 7 
11 24 87 20 91 9 97 4 92 12 92 15 98 25 96 3 90 18 95 21 87 13 93 
10 25 3 11 6 14 7 22 8 20 9 19 9 13 3 1 8 12 6 24 8 
