320 266 15
1 2
2 3
3 7
4 5
5 6
6 7
7 8
8 9
9 10
10 11
11 12
12 13
13 14
14 15
15 16
16 17
17 18
18 19
19 20
20 21
21 22
22 23
23 24
24 25
26 27
27 28
28 29
29 30
30 31
31 32
32 33
33 34
34 35
35 36
36 37
37 38
38 39
39 40
40 41
41 42
42 43
43 44
44 45
45 46
46 47
47 48
48 49
48 51
48 53
49 50
51 52
53 54
55 56
56 57
57 58
58 59
59 60
60 61
61 62
62 63
63 64
64 65
65 66
66 67
67 68
68 69
69 70
70 71
71 72
72 73
73 74
74 75
75 76
76 77
77 78
78 79
79 80
80 81
80 82
80 83
84 85
84 93
85 86
86 87
87 88
88 89
89 90
90 91
91 92
92 101
93 94
94 95
95 96
96 97
97 98
98 99
99 100
100 101
112 113
112 117
112 121
113 114
114 115
115 116
116 125
117 118
118 119
119 120
120 125
121 122
122 123
123 124
124 125
125 126
126 127
137 138
137 140
137 142
138 139
139 144
140 141
141 144
142 143
143 144
163 164
164 165
165 166
166 167
166 174
166 181
167 168
168 169
169 170
170 171
171 172
172 173
174 175
175 176
176 177
177 178
178 179
179 180
181 182
182 183
183 184
184 185
185 186
186 187
188 189
189 190
190 191
191 192
192 193
193 194
193 204
194 195
195 196
196 197
197 198
198 199
199 200
200 201
201 202
202 203
204 205
205 206
206 207
207 208
208 209
209 210
210 211
211 212
212 213
214 215
215 216
216 217
217 218
218 224
219 220
220 221
221 222
222 223
223 224
224 225
225 226
226 227
227 228
228 229
229 230
230 231
231 232
232 233
233 234
234 235
235 236
236 237
237 238
238 239
239 240
241 242
241 246
241 250
242 243
243 244
244 245
245 254
246 247
247 248
248 249
249 254
250 251
251 252
252 253
253 254
267 268
267 280
268 269
269 270
270 271
271 272
272 273
273 274
274 275
275 276
276 277
277 278
278 279
280 281
281 282
282 283
283 284
284 285
285 286
286 287
287 288
288 289
289 290
290 291
292 293
293 294
294 295
295 296
296 297
297 298
298 299
299 308
300 301
301 302
302 303
303 304
304 305
305 306
306 307
307 308
308 309
309 310
310 311
311 312
312 313
313 314
314 315
315 316
316 317
317 318
318 319
319 320
6 2 26 11 60 6 36 12 54 3 68 15 30 
5 9 82 12 95 5 92 8 95 15 89 
9 9 30 6 56 14 42 15 46 13 35 11 73 10 71 5 63 8 66 
10 6 5 9 13 10 8 13 5 1 7 8 9 2 7 15 11 14 6 4 10 
9 12 97 14 97 8 98 7 98 11 97 2 98 3 98 1 98 4 99 
6 5 68 11 90 2 98 1 72 8 87 14 85 
10 12 86 6 96 2 95 14 86 8 95 5 90 15 96 11 94 3 86 1 86 
7 4 63 14 96 10 91 3 84 2 83 12 86 7 66 
5 2 43 1 60 14 75 5 99 8 66 
7 7 40 10 42 5 44 9 55 13 78 8 55 15 85 
7 11 48 1 76 12 72 13 63 9 63 7 95 15 79 
6 2 14 6 34 8 29 10 39 5 40 14 24 
11 12 11 2 15 11 24 1 25 10 20 9 22 3 32 4 18 13 20 6 18 14 26 
5 9 83 15 91 10 97 6 94 8 86 
11 1 27 10 41 9 67 3 62 7 74 5 68 13 80 12 49 2 53 14 36 15 54 
5 10 91 9 93 7 91 11 91 1 96 
6 15 36 4 55 6 53 2 93 9 75 7 40 
5 13 3 7 3 4 8 9 9 1 8 
6 6 22 2 37 15 39 10 43 1 66 14 30 
6 6 70 11 72 10 84 8 96 4 90 5 87 
9 15 98 8 99 5 98 6 99 13 98 10 98 7 98 11 99 9 99 
5 3 23 9 60 15 42 10 51 14 41 
10 6 25 10 32 9 74 1 72 7 45 5 35 14 59 13 67 12 42 4 67 
11 11 14 4 22 2 15 5 31 13 31 3 37 7 28 1 29 14 25 12 21 9 34 
6 7 74 3 85 14 99 5 81 15 93 2 98 
6 2 64 13 72 8 72 9 99 10 69 1 64 
8 7 2 10 4 6 5 1 6 11 3 15 6 5 6 9 6 
11 6 5 10 5 1 10 9 14 8 11 4 8 3 11 13 15 5 5 12 12 7 10 
9 1 12 3 18 11 35 10 22 15 23 9 20 8 34 6 20 12 15 
8 2 85 5 90 3 91 13 97 9 99 7 95 12 88 10 87 
11 14 71 2 91 11 88 1 99 12 86 4 77 3 80 8 74 15 84 10 98 6 73 
7 9 73 7 73 14 96 1 92 11 80 13 97 4 98 
10 11 69 4 70 8 71 3 97 10 79 13 86 5 90 2 93 15 80 12 79 
6 13 47 2 87 3 72 11 54 9 65 7 97 
6 11 31 14 70 2 77 3 93 4 55 13 90 
6 11 29 2 60 15 41 8 76 7 49 10 63 
10 4 40 14 63 3 71 15 62 11 90 5 75 8 44 9 54 1 97 7 61 
6 8 70 13 88 9 76 6 76 1 82 11 80 
10 7 72 10 77 2 72 5 83 8 73 13 95 4 87 15 78 3 84 12 73 
7 1 26 5 48 7 52 12 77 4 64 14 53 8 41 
9 5 51 10 91 14 92 7 95 15 74 4 58 6 75 3 64 13 76 
9 9 57 15 74 6 78 7 65 8 87 2 66 13 77 1 67 11 70 
8 1 89 4 94 12 99 14 96 7 92 3 89 10 96 5 96 
10 6 15 9 36 4 43 13 29 3 45 10 35 15 17 14 19 5 39 7 27 
11 5 23 2 29 1 23 8 23 9 62 3 31 13 31 4 60 11 30 15 66 7 42 
5 3 18 10 53 13 32 15 23 2 23 
7 10 22 9 30 1 35 14 49 6 51 2 43 12 33 
8 4 6 7 13 13 12 12 15 14 16 15 10 10 11 6 16 
9 1 93 3 94 14 96 11 93 10 95 13 93 9 98 7 96 2 95 
5 1 86 2 99 8 95 12 91 3 94 
5 2 12 1 12 6 27 12 24 8 21 
10 6 46 9 70 1 98 2 50 5 63 12 80 7 53 15 85 4 52 8 83 
8 2 23 12 45 13 39 11 38 10 68 15 28 14 55 3 67 
5 7 16 9 17 15 43 13 20 8 31 
9 1 31 7 51 9 48 8 36 2 33 14 73 3 81 12 38 4 52 
5 4 12 7 33 8 20 14 14 1 24 
5 9 32 7 53 14 50 3 66 1 84 
8 5 57 4 57 12 73 15 76 10 70 13 64 1 74 6 85 
6 7 97 3 97 15 98 6 99 2 97 4 98 
10 14 6 2 10 1 8 13 11 9 8 10 16 7 16 15 6 4 11 8 6 
7 11 79 2 92 7 82 1 81 10 94 4 96 5 84 
7 2 38 1 53 15 52 8 51 4 99 3 80 10 41 
7 12 87 8 92 3 89 15 90 10 88 4 92 7 98 
10 9 35 12 79 11 53 5 99 4 96 3 98 10 81 1 58 8 62 14 36 
7 1 57 14 83 3 80 8 76 12 79 9 81 15 93 
10 15 82 14 89 1 90 10 91 9 83 2 99 13 93 8 87 7 99 11 89 
5 4 13 15 39 9 23 3 29 5 13 
6 14 14 3 30 10 33 7 17 4 26 2 31 
5 4 47 9 69 13 48 2 95 12 89 
9 5 80 14 94 15 90 13 90 12 86 8 88 7 83 11 91 3 86 
6 13 32 14 35 9 85 2 84 6 48 5 64 
7 3 48 8 74 14 63 6 78 11 56 15 84 2 53 
7 13 86 15 97 11 94 7 95 1 94 4 91 5 88 
5 6 47 11 94 13 57 14 85 9 83 
9 3 87 5 95 14 96 11 97 12 96 6 96 2 94 10 96 9 92 
9 10 45 12 54 1 68 15 45 11 86 13 49 4 50 2 77 9 63 
6 14 90 5 93 9 94 11 91 1 92 8 97 
11 9 31 13 39 7 45 5 72 12 46 10 76 1 68 3 73 14 35 6 59 11 49 
8 13 57 5 66 10 83 1 98 8 94 3 84 4 97 11 85 
10 8 77 2 96 7 85 13 95 14 82 3 92 10 82 9 78 4 81 1 97 
6 1 9 8 16 7 11 4 23 15 9 2 24 
7 5 59 14 78 7 97 11 94 10 85 6 77 2 59 
9 6 39 1 44 4 74 15 76 3 40 14 58 5 81 9 69 8 90 
9 12 93 3 95 6 95 9 93 7 98 10 99 4 97 2 99 5 98 
8 6 55 7 56 5 97 14 74 12 72 2 67 9 63 10 73 
5 12 82 8 93 1 86 7 84 4 93 
5 8 16 15 20 9 37 4 26 5 32 
6 11 24 7 34 9 33 13 31 6 42 14 28 
10 13 45 4 60 3 72 1 47 15 77 2 52 9 60 7 49 6 90 11 90 
8 9 34 15 99 2 56 10 34 4 38 7 74 6 50 12 56 
5 4 25 7 50 8 52 3 49 6 50 
5 15 93 9 98 3 96 13 97 12 96 
8 4 15 5 15 12 18 14 18 8 32 11 40 1 23 2 25 
7 8 29 4 80 15 67 7 50 1 61 11 47 3 64 
8 14 68 10 73 2 72 12 90 3 73 5 88 11 77 8 97 
11 7 93 5 98 10 96 12 97 3 93 1 94 14 95 9 95 6 94 13 94 2 94 
8 10 95 4 99 7 95 15 95 8 98 3 96 13 98 12 97 
8 13 59 15 92 5 87 6 59 7 87 10 89 14 75 8 90 
9 11 50 15 52 13 93 4 60 3 88 14 87 6 60 8 51 10 60 
9 14 63 11 92 1 85 8 64 6 91 7 85 9 77 10 76 12 81 
5 4 36 8 78 3 65 2 69 9 90 
10 6 59 7 79 5 87 1 61 3 81 9 95 8 91 11 86 13 60 10 94 
7 5 88 11 96 7 97 12 90 13 98 4 96 6 89 
9 8 87 15 97 10 93 2 90 12 97 6 91 14 91 4 87 13 90 
8 15 88 14 92 5 91 11 98 7 97 6 96 10 99 2 88 
10 6 71 3 85 1 83 5 91 4 89 8 77 14 76 13 74 7 82 10 97 
5 15 68 3 68 9 72 12 82 10 70 
5 4 51 8 59 6 55 13 62 3 76 
9 3 16 9 41 8 43 14 42 10 39 5 37 4 21 6 20 11 21 
7 8 82 6 83 10 99 7 93 14 93 11 96 4 99 
5 13 31 7 31 14 83 4 63 9 86 
10 13 11 6 21 3 19 5 18 11 16 1 22 2 20 9 30 12 17 8 18 
6 3 32 6 78 10 87 9 78 15 63 13 85 
10 8 38 2 93 5 51 4 89 14 76 1 99 12 59 11 71 15 81 13 68 
10 15 16 7 19 13 47 6 26 4 28 5 20 10 26 1 41 8 26 11 27 
11 5 13 7 14 4 13 6 35 12 18 11 19 1 37 10 31 3 39 15 30 2 16 
7 10 14 1 30 4 20 9 37 13 16 11 17 12 37 
11 7 23 9 59 3 30 11 34 14 65 5 69 6 25 13 28 15 51 1 68 12 41 
6 8 27 9 81 7 36 12 48 11 57 3 79 
6 6 2 3 2 14 3 7 6 11 6 10 6 
11 12 81 11 81 10 99 14 89 1 91 15 84 8 92 3 83 4 86 9 83 2 84 
11 1 3 9 7 12 4 2 7 14 7 10 9 3 3 5 7 8 8 13 7 11 7 
10 6 10 12 29 15 26 4 20 7 10 3 12 8 15 14 12 2 24 11 19 
7 14 59 3 81 1 77 8 84 13 80 5 71 6 96 
8 2 40 15 74 12 56 9 75 11 75 10 40 1 58 5 72 
9 1 86 3 95 9 88 13 93 10 88 4 98 12 96 11 90 15 98 
11 11 74 5 76 14 98 4 97 15 78 10 92 8 98 2 82 7 92 6 92 3 95 
6 9 95 1 96 8 96 2 98 14 99 7 99 
9 13 71 7 77 1 88 5 71 4 71 3 85 12 71 10 98 8 97 
10 6 21 4 49 8 28 10 30 2 29 9 32 14 40 15 53 7 63 5 43 
10 2 8 10 14 8 23 14 18 5 20 7 13 12 22 1 10 6 19 9 19 
10 6 65 12 96 13 66 3 77 5 85 14 97 7 81 10 70 8 79 11 68 
11 12 83 3 94 2 87 4 85 9 89 5 94 14 95 13 96 15 97 7 99 1 88 
8 10 68 8 86 5 70 1 72 12 95 6 76 15 76 2 82 
5 12 97 5 98 2 97 10 98 3 98 
10 8 34 4 78 15 75 12 56 2 97 3 92 10 37 14 57 1 70 6 59 
6 4 66 2 99 13 78 10 85 1 76 12 99 
10 5 59 15 86 3 93 11 61 4 83 2 94 6 66 7 84 9 64 8 75 
11 10 29 11 46 3 39 9 41 13 53 12 72 14 78 15 34 6 50 5 49 1 42 
8 10 47 1 63 15 87 3 49 14 75 2 69 11 97 13 92 
9 4 14 10 23 2 30 12 14 5 14 6 41 13 26 8 23 14 41 
8 13 31 8 56 10 83 7 67 11 43 5 66 14 66 15 78 
5 12 54 2 58 5 83 11 94 6 66 
7 1 69 14 96 7 82 13 73 4 94 8 95 6 98 
5 6 16 12 21 8 47 1 42 9 29 
6 12 58 7 80 15 96 6 72 9 95 5 70 
6 1 79 6 98 2 82 3 96 8 81 11 93 
7 9 56 4 69 5 61 11 69 15 61 10 68 8 77 
7 7 49 4 87 8 99 3 99 6 74 5 94 12 72 
6 14 56 3 84 1 93 15 75 9 72 11 74 
11 6 30 15 53 12 48 14 82 8 66 4 58 2 46 13 62 7 82 3 72 10 50 
6 5 34 3 97 8 91 6 51 12 47 15 40 
6 11 75 3 90 4 77 2 92 6 81 5 81 
7 1 36 14 84 2 66 6 93 7 67 9 40 13 61 
7 11 34 10 41 3 63 5 91 1 61 8 48 2 41 
9 13 31 14 58 3 45 11 66 4 50 9 61 10 67 12 41 7 88 
10 4 94 15 97 11 98 3 95 8 94 6 97 7 98 5 95 13 95 2 99 
7 15 68 4 75 14 87 3 97 5 78 10 99 12 68 
9 10 84 15 97 13 84 12 99 7 89 5 84 8 88 4 92 14 95 
9 5 12 11 17 7 16 6 14 12 14 9 33 15 25 4 14 13 26 
7 11 89 15 96 9 91 10 99 8 94 7 93 5 99 
6 7 61 4 97 15 97 2 85 3 70 11 64 
7 10 72 4 85 2 99 3 97 6 74 9 94 14 95 
11 8 55 7 64 15 79 13 76 6 88 4 87 12 94 1 71 2 73 3 69 9 60 
10 8 64 6 72 2 64 7 88 15 70 10 71 12 70 3 69 1 94 9 99 
7 3 3 4 4 5 5 11 9 14 9 15 3 13 6 
5 3 44 4 84 8 56 6 97 9 50 
10 2 49 1 73 12 94 9 94 7 85 4 91 8 79 5 72 3 94 14 87 
7 11 98 13 99 15 99 7 98 9 99 3 99 2 98 
6 15 4 10 8 8 7 3 9 7 7 4 6 
10 1 69 11 69 6 71 2 70 10 81 13 70 14 77 12 95 4 88 7 76 
8 7 95 6 96 5 97 8 96 1 98 2 95 14 97 11 99 
9 14 39 12 46 2 70 1 63 8 54 4 86 15 63 6 83 5 86 
6 12 93 14 97 3 98 5 99 7 97 6 98 
5 13 55 8 85 7 81 15 61 3 70 
6 13 14 1 18 5 30 9 38 2 19 12 21 
8 6 80 15 95 4 97 10 95 14 94 1 88 3 88 13 82 
8 4 25 6 49 15 36 2 62 11 46 10 40 9 62 7 70 
8 13 36 15 56 11 53 10 71 5 87 1 64 3 84 6 98 
9 5 84 14 91 4 91 10 87 2 93 9 93 13 90 11 94 8 94 
5 7 31 10 39 5 38 4 50 12 75 
7 1 85 6 97 12 85 14 91 3 91 5 93 15 90 
11 4 89 7 90 5 90 6 90 12 92 15 94 13 94 9 96 10 93 3 92 2 96 
11 1 62 7 88 4 70 5 77 8 97 14 81 2 80 3 85 6 67 9 88 11 71 
7 12 62 11 72 2 87 15 86 7 81 5 75 3 76 
9 3 92 11 98 14 92 7 95 13 95 5 98 1 99 9 97 15 96 
6 4 80 3 86 8 95 9 86 7 81 2 89 
10 2 19 4 55 13 46 1 48 11 22 8 27 3 53 9 43 7 54 10 46 
8 4 44 5 55 12 98 2 79 1 77 15 53 14 45 6 86 
8 12 47 3 72 2 91 5 75 6 97 13 99 7 61 1 47 
8 10 74 14 82 1 79 6 89 8 90 13 81 2 91 9 94 
11 2 86 3 89 6 92 14 91 11 94 12 96 13 95 7 98 4 91 15 97 5 93 
11 2 59 5 83 8 82 11 95 3 88 7 59 13 64 10 87 15 98 6 92 1 90 
6 12 16 5 29 3 30 1 38 4 17 2 46 
11 9 12 10 22 15 24 12 19 1 34 6 27 14 15 8 36 3 13 5 12 2 23 
10 10 6 9 14 14 17 13 18 5 16 8 8 15 16 12 6 11 10 2 9 
10 15 1 11 2 13 1 12 2 4 2 9 2 10 3 7 1 8 3 2 3 
7 15 6 6 8 1 10 13 16 8 18 3 15 11 12 
6 15 34 4 68 11 64 3 80 6 86 7 97 
6 1 16 5 28 12 36 11 19 10 39 7 45 
8 6 15 3 31 10 40 8 16 13 23 12 32 2 38 14 16 
11 13 65 1 93 8 88 12 68 11 96 10 84 15 71 7 90 4 94 9 74 3 76 
8 3 33 10 34 7 35 15 82 6 37 14 94 5 61 9 44 
6 14 99 12 99 9 99 13 99 11 99 3 99 
9 4 13 1 33 9 23 7 18 12 26 14 21 5 21 15 13 8 20 
10 4 44 5 49 6 70 13 88 3 94 7 70 2 80 1 58 11 59 10 91 
5 14 42 8 44 5 50 15 91 12 79 
8 11 81 15 90 9 97 5 99 2 97 12 88 13 83 14 86 
9 11 58 8 88 3 95 12 64 6 83 2 79 5 98 14 81 15 94 
10 6 30 11 39 15 80 12 62 3 88 5 86 9 82 2 81 10 80 14 69 
6 5 75 9 89 15 88 13 95 1 81 12 98 
7 4 1 8 3 15 1 9 2 6 1 3 2 2 3 
10 5 18 4 25 11 32 7 23 13 40 3 22 8 39 12 18 9 34 15 36 
8 6 25 15 46 13 41 10 39 4 45 5 50 7 61 9 70 
7 5 59 15 80 4 63 2 75 14 80 10 76 12 81 
11 1 68 2 76 9 92 12 82 4 85 3 80 10 69 15 82 13 90 11 96 7 99 
8 3 94 7 94 6 98 9 98 1 96 12 98 14 96 8 99 
5 5 33 8 92 3 41 11 60 6 48 
6 3 72 14 81 7 78 9 73 6 92 10 98 
7 8 16 15 25 4 43 14 38 1 18 13 24 12 17 
7 9 55 15 67 10 83 14 86 12 60 11 63 2 76 
8 3 60 8 71 4 77 13 81 6 69 12 91 9 84 2 64 
7 14 41 11 96 8 59 12 81 7 58 15 42 4 74 
5 10 56 14 82 5 61 12 69 6 90 
10 2 98 6 98 7 99 12 98 9 98 3 98 10 98 8 99 5 98 4 99 
6 2 63 1 77 5 77 13 97 11 85 12 96 
8 3 76 12 99 4 99 1 78 11 76 10 98 15 85 8 95 
6 5 88 13 90 14 93 7 90 4 92 15 93 
11 10 70 7 92 3 83 11 74 9 83 15 92 14 94 8 95 13 90 12 93 4 77 
7 13 20 2 24 6 48 8 23 15 41 12 60 1 29 
9 1 33 10 44 5 97 13 62 4 47 6 47 9 43 2 78 12 35 
6 8 69 1 91 5 84 9 70 7 78 3 76 
11 12 95 10 98 13 95 11 95 8 97 15 99 1 95 9 98 2 98 3 95 14 96 
8 1 12 8 18 13 27 14 26 5 26 10 14 7 17 4 28 
7 15 88 4 95 14 95 8 91 10 98 1 98 7 95 
7 10 91 9 94 8 95 14 91 13 93 15 97 2 99 
6 5 6 4 13 11 11 9 8 10 14 14 15 
6 12 89 10 92 4 97 9 93 1 98 13 98 
7 6 87 4 91 5 98 10 97 3 95 15 92 2 96 
5 11 61 8 71 6 83 9 69 4 87 
8 6 72 9 82 10 78 1 91 5 80 7 73 14 83 4 78 
6 15 79 14 85 5 79 12 95 3 82 2 84 
7 5 62 7 80 11 79 12 70 3 73 10 64 4 76 
8 2 12 9 13 14 34 1 33 3 34 10 36 7 17 8 16 
8 15 39 2 81 14 85 7 72 3 78 4 74 8 74 12 92 
8 9 51 6 75 13 67 8 83 14 66 4 53 10 67 11 54 
7 11 85 13 86 9 96 14 90 15 94 7 90 5 90 
10 9 26 7 74 11 59 15 26 8 71 14 48 10 50 6 29 5 62 4 34 
6 13 24 6 34 7 33 14 55 4 49 12 64 
10 2 91 6 92 1 92 4 99 8 94 9 91 5 94 14 97 3 94 7 91 
5 4 80 5 96 3 90 2 89 1 85 
7 7 86 2 87 5 94 4 91 11 99 6 95 15 88 
6 2 18 7 23 6 52 10 39 14 44 12 34 
10 2 52 11 71 3 98 4 97 1 85 7 79 6 72 5 79 13 91 12 79 
6 10 18 14 27 8 39 12 40 9 43 6 31 
7 3 25 10 30 11 25 1 57 7 45 14 25 2 47 
9 9 10 12 25 2 18 3 18 10 20 1 17 4 26 14 28 15 21 
6 11 89 13 90 3 97 15 98 9 92 2 98 
11 14 50 11 61 2 92 6 51 15 75 7 67 13 65 1 55 8 57 10 73 9 86 
7 4 73 15 75 5 90 2 83 10 76 6 76 11 78 
11 3 12 10 17 11 21 1 23 7 33 12 30 6 22 14 27 5 34 13 26 4 27 
5 6 71 13 79 7 95 12 87 9 96 
9 4 3 7 4 1 8 13 8 14 8 6 7 10 9 5 7 9 3 
9 4 3 2 7 3 8 13 7 6 8 8 7 7 4 12 5 10 6 
5 2 61 14 75 3 61 6 74 9 83 
8 12 11 15 23 3 18 4 16 9 13 7 16 14 19 10 26 
7 1 42 12 97 5 45 10 57 13 98 4 83 8 87 
10 2 10 14 29 12 15 15 29 6 30 5 21 8 14 11 27 3 22 13 20 
7 4 40 9 43 6 41 15 50 10 68 7 52 8 49 
11 14 33 9 64 10 83 7 82 2 35 3 35 4 33 15 33 11 82 12 87 5 45 
11 4 58 12 91 9 64 11 58 1 73 10 61 6 89 15 72 3 86 7 63 13 91 
11 1 51 7 93 5 87 14 73 3 85 2 80 9 78 6 64 10 75 4 90 11 91 
6 4 2 1 3 13 3 15 2 8 5 9 2 
8 15 51 13 55 6 91 10 57 12 86 8 57 5 95 4 67 
11 11 3 5 7 7 9 14 3 10 9 1 6 6 3 8 9 3 9 13 6 12 7 
6 12 25 5 36 11 38 6 75 14 65 4 70 
10 14 59 1 71 7 86 10 95 4 77 6 80 3 87 9 78 12 70 13 98 
5 9 91 14 93 11 96 2 92 8 93 
8 6 26 1 30 8 48 9 41 4 57 7 74 14 74 15 57 
7 10 42 4 72 9 56 3 56 1 43 6 98 12 63 
5 15 6 8 17 5 11 9 12 11 9 
8 10 66 12 81 1 94 3 95 7 71 15 90 6 77 2 91 
6 1 76 10 81 13 77 2 86 11 83 14 93 
5 8 41 11 54 6 76 14 74 15 62 
10 6 58 9 77 8 95 15 98 4 60 13 69 3 80 7 60 2 81 12 64 
10 10 37 8 38 4 48 1 86 7 43 5 84 3 70 13 93 14 86 9 95 
5 8 76 12 99 3 96 4 79 9 81 
7 4 55 3 66 1 95 14 56 10 62 12 83 15 64 
9 12 32 10 40 15 68 4 33 11 94 7 43 13 61 1 70 3 71 
11 4 54 9 99 2 88 10 92 7 94 6 87 1 83 5 89 8 82 13 59 3 86 
8 12 55 4 61 3 83 5 77 11 55 7 77 2 62 1 57 
11 12 45 4 78 5 90 3 83 9 46 14 64 1 61 10 89 13 83 7 87 2 46 
5 13 1 10 2 12 3 3 3 4 2 
5 9 62 3 94 10 73 11 70 6 92 
7 6 35 8 51 14 61 3 53 12 64 15 54 11 38 
5 3 50 6 80 9 97 2 68 4 94 
6 12 11 14 20 8 24 4 14 11 23 2 18 
8 7 86 15 95 8 92 9 98 5 95 11 92 14 99 10 96 
10 3 60 1 81 13 98 6 86 12 97 14 71 9 66 7 88 8 94 10 92 
10 10 40 13 60 4 72 1 40 12 76 3 62 6 91 5 41 11 42 14 87 
11 13 80 9 83 15 82 11 93 10 92 8 91 12 90 5 82 2 93 1 96 7 87 
6 3 83 10 98 11 98 1 90 15 96 12 98 
9 7 11 13 29 2 28 9 16 14 21 1 31 3 26 15 26 10 15 
10 14 62 12 80 8 80 2 73 11 69 10 97 4 87 3 66 7 94 9 97 
10 7 47 11 91 4 66 3 80 15 62 5 62 2 47 12 61 14 92 8 56 
10 6 69 2 81 13 90 12 86 11 77 10 81 3 87 5 73 7 89 14 99 
6 2 80 9 93 6 87 1 90 10 93 14 97 
6 14 44 2 80 4 46 6 69 11 77 3 89 
10 2 3 4 7 3 5 1 4 10 7 13 7 11 7 8 3 6 6 9 3 
9 14 12 11 14 10 13 5 20 6 20 12 25 1 29 4 23 7 17 
6 7 30 2 87 6 58 4 49 10 44 13 74 
6 3 70 6 78 2 72 9 92 4 75 15 97 
10 6 86 4 93 11 88 10 98 14 96 8 97 3 91 7 93 1 94 2 95 
8 1 54 10 81 4 76 6 96 5 69 7 54 3 72 9 91 
5 9 78 12 82 15 90 2 97 11 87 
11 2 89 5 97 3 93 6 89 11 93 9 93 12 96 14 90 7 99 1 89 8 93 
7 8 38 9 82 14 71 2 79 10 56 6 89 4 87 
11 11 29 3 45 10 66 9 53 5 83 12 46 1 40 15 73 7 75 4 64 13 56 
10 3 5 14 8 5 12 10 7 2 7 1 11 8 14 12 8 9 15 11 5 
8 6 15 13 38 10 38 8 43 11 41 7 26 5 19 9 20 
