107 93 20
1 2
1 3
2 4
3 4
4 5
6 7
7 8
8 9
9 10
10 11
10 12
10 13
14 15
15 16
15 18
16 17
17 20
18 19
19 20
21 22
22 23
23 24
24 29
25 26
26 27
27 28
28 29
30 31
30 32
30 33
31 34
32 34
33 34
35 36
36 37
37 38
37 39
40 41
40 42
41 43
42 43
48 49
49 50
50 51
51 52
52 53
53 54
53 55
53 56
57 58
57 60
57 62
58 59
60 61
62 63
64 65
64 66
64 67
65 68
66 68
67 68
68 69
70 71
70 72
71 73
72 73
73 74
77 78
78 79
79 80
79 82
80 81
82 83
84 85
84 87
84 89
85 86
87 88
89 90
91 92
91 94
92 93
94 95
96 97
97 100
98 99
99 100
100 101
102 104
103 104
104 105
105 106
106 107
7 12 14 13 39 3 29 17 27 18 25 5 18 2 17 
6 5 20 15 52 19 57 1 48 9 37 8 21 
8 11 37 12 64 8 95 7 65 19 81 18 68 15 50 1 76 
14 7 64 2 79 20 65 9 64 5 66 12 92 8 81 17 91 11 89 18 92 16 76 3 69 4 80 1 66 
14 5 59 1 62 19 78 20 60 10 70 17 83 7 83 15 66 11 63 14 91 9 90 12 95 8 87 6 67 
10 7 43 13 55 5 92 6 64 8 69 2 54 20 47 11 53 18 88 15 53 
8 14 26 16 28 5 62 1 67 15 43 10 74 6 40 12 68 
7 12 85 15 86 19 90 2 87 14 94 9 86 17 96 
13 20 67 16 72 13 83 4 78 3 75 5 96 7 84 17 91 6 79 15 67 19 80 14 98 9 95 
14 11 7 16 11 2 14 20 10 5 21 12 17 1 14 14 11 17 19 6 9 19 8 10 9 13 14 3 12 
11 8 86 19 87 13 92 12 96 18 93 15 94 5 97 7 99 20 99 11 95 2 97 
9 15 26 16 30 20 59 12 50 13 66 10 41 3 41 14 70 18 62 
14 1 2 3 5 16 6 9 6 8 3 12 6 18 3 15 2 17 3 20 2 6 2 2 2 13 4 14 6 
10 1 92 18 97 15 93 17 98 20 93 10 93 19 98 16 99 2 93 4 96 
13 19 1 12 1 8 2 1 1 18 2 9 2 14 3 3 3 4 1 11 2 10 3 15 3 16 1 
6 1 98 3 99 4 99 9 99 18 99 13 98 
12 3 44 20 87 6 75 19 50 18 89 15 85 14 74 5 45 10 82 1 81 8 62 16 93 
10 6 27 1 39 15 32 12 79 3 56 7 74 10 78 20 70 4 53 17 53 
14 3 19 19 36 11 31 10 48 16 39 20 31 14 33 2 33 18 44 4 27 12 20 9 44 8 48 6 21 
10 18 62 11 67 17 96 1 67 6 67 14 74 20 83 3 70 16 74 15 70 
11 14 13 9 24 15 22 2 24 7 22 19 38 17 24 5 24 1 29 12 22 11 15 
6 16 61 7 61 14 88 12 80 17 75 11 77 
8 18 62 9 90 20 71 7 74 1 75 13 84 10 65 4 83 
11 13 33 4 84 16 98 15 79 7 63 5 85 17 42 6 51 1 36 10 83 9 74 
10 2 94 1 95 13 95 15 99 8 98 17 96 7 95 14 94 9 97 3 97 
9 8 34 12 98 1 67 19 34 11 61 15 56 4 66 7 42 17 70 
9 7 63 19 95 9 86 1 71 15 93 14 96 6 68 17 94 5 87 
10 14 86 2 88 13 98 16 95 10 89 19 96 6 96 7 88 11 87 5 92 
9 15 10 4 25 16 17 10 17 18 13 12 16 7 12 2 16 1 12 
12 7 26 6 52 2 65 9 45 18 26 3 62 13 26 20 34 8 71 1 34 14 63 11 51 
14 17 76 20 76 3 91 16 91 6 97 4 77 19 80 14 87 11 90 10 98 15 97 13 84 7 85 9 79 
7 18 9 5 16 17 21 12 21 4 18 3 18 6 25 
12 19 46 9 78 10 77 14 56 1 71 20 50 4 52 2 71 15 71 12 70 11 85 16 72 
10 18 91 14 92 15 91 17 95 9 98 4 94 2 92 20 93 19 95 1 94 
9 16 33 2 84 14 70 15 96 4 57 13 68 20 82 12 34 17 70 
11 14 58 16 73 9 95 11 76 18 65 20 67 3 78 15 60 5 63 2 84 4 83 
12 13 56 3 57 8 76 20 62 7 87 16 79 11 77 9 61 1 79 14 58 15 58 6 67 
10 12 99 18 99 11 99 7 99 19 99 5 99 17 99 14 99 16 99 20 99 
13 5 40 1 95 4 72 20 75 9 46 6 51 18 74 13 87 14 40 3 44 10 86 12 50 7 86 
11 20 69 16 71 7 95 17 97 6 76 3 81 2 78 14 70 9 76 11 75 8 95 
10 18 9 19 22 11 23 7 23 2 23 15 15 10 26 12 21 4 18 14 21 
10 20 20 8 32 1 48 3 46 12 21 18 48 15 47 5 57 6 24 19 28 
10 5 30 15 42 8 61 12 80 13 80 14 65 17 77 2 64 6 31 19 78 
10 3 55 15 60 14 75 17 81 8 69 20 97 11 70 16 83 6 85 13 70 
14 6 3 4 9 14 6 3 9 2 8 13 6 10 3 7 9 9 5 5 5 1 4 8 9 16 8 11 5 
10 12 61 6 99 14 74 18 63 5 79 17 69 4 73 8 65 11 95 20 94 
8 11 62 5 76 1 67 20 90 9 87 4 83 16 75 13 64 
10 15 52 4 53 7 60 9 65 2 91 5 84 3 58 12 98 18 79 10 56 
6 9 34 7 81 14 91 8 68 16 62 18 91 
10 5 82 18 82 20 92 4 95 19 92 6 92 7 83 16 97 13 83 2 83 
8 10 94 1 96 14 99 7 97 6 97 13 94 12 97 2 95 
7 17 38 1 45 8 72 18 86 10 52 9 83 4 98 
12 5 26 14 78 4 74 17 76 3 75 9 33 7 35 2 33 19 40 15 38 18 52 10 44 
14 3 38 7 54 10 42 4 84 6 73 11 96 18 71 8 99 1 44 12 39 16 73 14 92 19 56 5 64 
13 2 91 14 99 8 93 17 97 1 99 16 98 20 92 3 94 9 97 15 91 12 98 7 93 10 92 
11 19 58 3 81 11 94 9 89 5 98 2 88 17 85 6 79 15 82 18 75 12 73 
7 3 41 13 47 9 44 16 75 20 83 17 87 6 59 
7 19 49 1 81 9 93 17 84 7 60 16 58 14 86 
10 16 24 1 27 2 30 11 45 17 37 13 46 15 49 6 71 12 69 8 64 
14 16 43 13 44 8 73 7 83 12 78 20 76 18 65 5 78 17 66 6 74 19 80 11 71 14 94 4 91 
11 13 23 3 31 1 53 2 28 6 57 12 34 10 33 15 34 14 51 7 47 16 31 
14 3 51 17 77 2 59 9 95 8 81 10 86 19 91 11 83 16 58 12 78 7 74 13 63 4 91 5 78 
6 8 42 20 89 9 71 12 90 10 59 13 84 
9 14 50 16 54 2 72 20 82 12 99 10 79 17 71 15 67 11 85 
11 9 41 10 62 6 60 20 89 15 77 14 95 17 78 1 84 4 86 19 94 5 53 
7 18 17 19 42 20 35 16 29 1 21 6 26 14 28 
10 4 30 12 30 19 43 5 62 9 45 13 44 3 72 11 70 14 52 20 58 
10 19 11 11 12 9 32 3 24 6 17 18 13 12 14 8 21 14 18 2 33 
12 1 2 9 4 17 4 15 4 16 6 18 4 4 6 8 3 3 6 6 2 14 2 19 2 
13 9 93 17 99 12 96 11 93 10 93 16 99 20 96 7 98 8 94 14 99 4 98 13 99 3 98 
7 20 86 18 93 17 95 4 91 16 89 10 97 8 96 
7 6 35 13 65 11 91 2 47 10 36 1 68 16 75 
10 16 25 9 47 10 39 14 63 5 59 11 38 20 48 15 55 1 56 18 26 
9 11 53 6 84 9 75 19 87 5 69 10 89 14 66 12 59 20 78 
10 3 61 5 95 13 82 10 65 8 72 16 67 6 99 11 96 2 85 20 92 
11 11 60 12 80 20 99 2 94 10 78 4 99 13 75 17 90 7 89 15 86 5 85 
14 6 14 8 32 19 24 9 34 12 34 18 16 16 28 15 39 7 24 3 30 20 36 14 37 10 26 5 27 
11 14 35 17 88 2 75 13 79 15 51 4 45 20 45 19 95 7 81 10 55 9 72 
8 14 41 13 99 17 60 12 85 9 79 6 66 2 93 11 79 
14 11 3 7 4 15 5 8 7 18 6 13 4 9 9 14 9 5 7 10 8 16 4 12 3 6 9 2 4 
13 6 66 4 92 13 91 2 66 5 68 15 78 16 97 7 71 14 88 1 67 9 83 20 68 11 91 
13 4 41 12 64 2 76 8 41 19 74 5 94 18 72 3 45 16 47 1 99 9 93 6 80 11 60 
6 7 39 20 59 2 72 15 48 1 66 11 68 
6 7 3 14 5 13 8 17 4 11 3 18 3 
8 11 55 19 72 2 63 13 97 4 76 9 82 1 99 6 85 
9 17 72 12 90 1 83 5 90 11 98 9 90 10 81 2 73 13 99 
11 6 12 12 13 19 27 9 31 20 30 3 14 18 19 2 17 1 19 17 29 13 26 
8 11 52 14 71 19 67 15 69 4 77 7 52 10 87 3 87 
10 19 39 13 71 17 91 11 64 18 53 6 91 14 40 12 46 8 69 9 42 
12 14 20 16 36 10 48 1 28 4 33 2 55 15 34 8 48 20 41 6 43 19 20 3 28 
14 9 67 19 88 2 87 4 93 7 75 3 69 6 87 5 72 14 93 8 85 13 89 17 69 18 87 15 67 
8 14 33 9 74 5 67 3 47 19 68 8 69 2 68 18 58 
8 20 51 6 73 17 53 12 91 15 56 18 79 4 93 1 72 
13 9 53 20 86 1 57 5 65 15 93 6 64 19 92 2 54 8 81 16 86 17 78 10 65 7 77 
11 13 13 8 37 17 31 5 38 11 25 19 21 16 18 1 36 4 37 14 36 7 35 
13 17 42 2 79 3 98 18 73 16 46 6 85 14 82 10 78 19 79 13 47 20 81 1 91 11 56 
13 17 43 11 70 2 51 9 89 3 99 13 69 18 95 4 77 10 88 14 69 15 87 6 60 20 62 
8 20 24 13 48 1 49 8 30 10 39 16 35 7 71 18 72 
7 3 41 17 63 15 74 4 72 8 92 7 63 16 48 
7 16 42 6 53 15 85 11 58 13 46 9 74 3 74 
8 7 61 16 62 10 68 20 95 5 94 19 98 14 97 6 94 
8 7 72 10 99 20 99 18 98 19 75 9 81 5 87 1 81 
13 6 8 12 19 7 21 15 13 8 21 17 17 5 11 20 11 19 24 10 23 9 16 18 11 1 21 
11 19 67 14 75 9 81 13 72 20 73 3 88 6 76 15 97 11 78 16 79 7 93 
10 12 38 16 42 4 69 17 40 2 97 7 89 8 39 13 56 10 47 19 95 
9 15 13 18 25 12 31 2 38 5 20 6 22 7 17 13 16 11 21 
9 14 37 18 71 13 55 9 66 20 69 7 51 11 72 1 70 10 60 
