173 152 5
1 3
2 3
3 4
4 5
5 6
7 10
8 10
9 10
10 11
11 12
12 13
13 14
14 15
16 19
17 19
18 19
19 20
20 21
22 23
23 24
24 25
24 26
24 27
28 29
29 30
29 31
29 32
30 33
31 33
32 33
37 38
38 39
38 42
39 40
40 41
42 43
43 44
45 46
46 47
47 48
47 49
47 50
51 52
52 53
52 54
52 55
56 57
56 60
57 58
58 59
59 63
60 61
61 62
62 63
64 65
65 66
65 67
66 68
67 68
69 70
70 71
71 72
72 73
72 75
73 74
75 76
77 78
78 79
79 80
80 81
80 82
83 84
83 86
84 85
86 87
88 89
89 90
90 91
90 93
90 95
91 92
93 94
95 96
97 98
98 101
99 100
100 101
101 102
102 103
103 104
105 106
106 109
107 108
108 109
109 110
110 111
112 113
113 114
114 115
115 120
116 117
117 118
118 119
119 120
121 122
121 123
121 124
122 125
123 125
124 125
125 126
126 127
128 129
128 133
129 130
130 131
131 132
133 134
134 135
135 136
137 138
137 140
138 139
140 141
142 143
143 144
143 145
143 146
144 147
145 147
146 147
148 150
149 150
150 151
151 152
153 154
154 155
155 156
155 157
155 158
159 160
159 161
159 162
160 163
161 163
162 163
167 168
167 171
168 169
169 170
171 172
172 173
4 4 56 3 92 1 58 5 91 
3 1 96 5 98 3 97 
4 3 6 5 17 4 10 2 15 
3 5 65 3 93 2 85 
2 1 85 5 98 
3 2 53 5 90 1 95 
4 4 87 5 89 1 88 3 93 
2 2 33 4 89 
4 1 7 2 14 3 21 4 7 
3 3 95 5 97 4 96 
2 5 74 4 76 
2 3 92 4 92 
3 5 15 3 31 4 37 
4 4 48 5 56 1 69 3 63 
4 4 71 2 96 3 77 5 73 
2 4 11 5 25 
4 4 69 2 76 1 72 3 90 
3 3 76 4 83 5 78 
4 1 22 4 54 2 33 5 42 
3 2 63 4 97 3 97 
2 1 12 5 21 
2 3 45 2 77 
2 2 44 1 58 
4 2 34 3 55 4 97 1 71 
4 1 13 5 39 4 16 3 33 
3 2 82 4 94 5 98 
4 3 84 4 95 2 84 1 97 
2 2 39 5 95 
2 1 2 3 4 
4 3 52 2 72 5 57 4 94 
3 4 36 3 73 1 56 
2 1 75 4 88 
2 1 95 3 98 
3 4 3 2 3 5 3 
4 2 65 4 75 1 88 5 77 
4 4 49 1 62 2 85 3 52 
2 5 16 4 41 
2 1 32 3 65 
4 1 69 5 71 3 81 2 82 
3 1 62 3 62 4 75 
4 3 67 1 94 5 76 4 87 
2 4 33 3 70 
3 2 73 3 93 1 96 
4 5 41 2 93 4 75 1 59 
4 3 34 2 56 4 41 5 88 
3 5 50 2 95 4 98 
3 2 12 1 13 4 16 
4 1 41 4 52 5 87 2 67 
2 2 75 1 97 
3 2 64 1 99 4 68 
2 2 85 3 86 
2 3 35 4 36 
3 2 70 1 96 3 92 
4 1 29 3 56 4 76 2 72 
3 4 16 5 35 2 26 
2 4 44 3 60 
3 3 78 5 88 2 80 
4 1 40 3 77 5 74 2 48 
3 1 28 5 67 4 65 
2 2 36 4 92 
2 2 82 4 85 
3 3 88 2 94 1 99 
4 4 88 3 99 2 99 5 90 
2 1 26 3 69 
3 2 47 4 81 3 50 
3 4 87 5 98 2 93 
3 3 31 2 92 4 48 
2 3 6 2 8 
4 1 92 4 95 3 95 2 98 
4 2 95 5 98 4 97 1 97 
3 1 73 3 86 2 88 
3 2 46 3 51 1 50 
4 2 55 1 66 4 63 5 75 
2 5 39 3 91 
3 1 3 4 5 3 4 
2 4 14 5 24 
4 2 1 4 3 1 3 3 1 
3 3 37 5 57 2 43 
4 5 73 3 91 2 91 1 73 
4 1 31 4 83 3 53 2 44 
3 2 20 3 35 5 59 
2 2 32 3 90 
2 4 38 5 74 
3 4 52 3 97 1 69 
3 3 14 2 37 4 37 
2 5 25 2 30 
2 4 68 3 83 
2 5 14 1 27 
2 3 70 5 75 
2 2 96 5 97 
3 3 6 5 14 1 13 
3 1 79 4 85 5 97 
2 5 29 1 29 
4 4 48 3 59 1 91 5 83 
3 5 43 4 61 1 62 
2 4 58 5 79 
3 1 73 4 99 2 86 
4 4 99 5 99 2 99 3 99 
2 3 17 2 29 
2 3 23 5 67 
4 1 88 4 93 2 93 3 88 
3 2 38 1 87 5 60 
3 3 66 4 70 5 72 
3 3 26 5 35 2 66 
2 1 48 5 61 
2 3 30 2 60 
2 3 22 5 59 
2 2 22 4 63 
4 2 79 5 79 1 81 4 99 
3 3 36 2 43 5 99 
3 5 15 1 17 2 37 
3 5 32 1 90 4 63 
2 5 16 2 30 
4 4 11 2 26 3 21 1 26 
4 3 52 2 52 5 83 4 82 
2 1 68 4 99 
4 4 3 2 8 5 9 3 6 
2 3 29 5 66 
3 2 50 1 50 3 52 
3 2 28 4 71 5 62 
2 4 52 1 89 
2 3 52 5 61 
4 4 79 2 87 1 93 5 85 
2 4 42 5 50 
3 3 74 1 99 2 92 
3 3 79 4 86 1 92 
2 3 25 1 41 
4 4 46 1 66 2 51 3 66 
3 1 17 2 27 3 50 
3 3 32 1 47 2 42 
4 4 64 3 91 5 99 2 65 
3 2 10 1 22 3 24 
4 4 66 5 74 1 86 3 82 
3 2 85 5 85 4 95 
3 1 89 4 89 2 91 
3 3 35 4 59 2 74 
4 1 8 5 12 4 24 2 22 
2 3 54 1 99 
3 2 64 1 74 5 75 
3 1 48 4 64 5 86 
3 5 78 3 86 1 94 
2 3 38 1 39 
3 3 4 4 8 5 10 
3 5 74 2 80 3 97 
4 4 61 3 99 5 61 2 77 
3 4 16 5 43 2 36 
3 1 65 2 71 3 80 
2 4 32 5 49 
4 1 47 4 98 3 93 5 51 
4 5 22 4 65 1 63 3 32 
2 4 81 5 87 
3 3 28 1 41 2 42 
3 2 17 4 43 1 47 
4 2 1 4 3 1 1 3 1 
3 1 15 2 38 4 43 
4 5 3 4 6 2 6 1 8 
3 5 80 3 97 1 97 
3 1 65 5 69 4 75 
2 3 47 5 56 
4 3 34 5 70 2 60 4 90 
2 5 11 2 24 
2 5 95 2 96 
4 4 20 2 60 3 32 5 28 
2 2 26 4 51 
3 2 87 4 99 1 97 
2 2 55 4 67 
2 4 39 3 65 
2 2 92 4 96 
2 2 37 5 51 
3 5 76 2 83 3 79 
3 4 53 2 66 1 84 
3 4 68 1 98 2 90 
3 4 3 2 5 1 4 
