112 96 15
1 2
2 3
3 4
4 9
5 6
6 7
7 8
8 9
10 13
11 13
12 13
13 14
15 18
16 18
17 18
18 19
20 21
21 24
22 23
23 24
25 26
26 27
27 28
28 29
29 30
29 32
30 31
32 33
34 35
35 36
36 40
37 38
38 39
39 40
40 41
41 42
43 44
44 49
45 46
46 49
47 48
48 49
50 51
51 52
52 53
52 55
53 54
55 56
57 58
58 59
59 63
60 61
61 62
62 63
63 64
65 68
66 68
67 68
68 69
70 71
71 72
71 73
71 74
75 78
76 78
77 78
78 79
79 80
80 81
81 82
83 84
84 85
85 86
86 87
87 88
88 89
88 90
88 91
92 93
93 94
93 95
93 96
97 98
98 99
99 100
100 105
101 102
102 103
103 104
104 105
106 107
106 109
106 111
107 108
109 110
111 112
5 3 77 13 87 2 97 4 78 15 98 
5 15 57 5 94 13 90 9 59 10 68 
10 11 40 15 51 13 56 10 53 6 56 8 53 5 51 7 94 4 80 14 93 
11 9 24 10 38 4 34 11 54 5 44 1 65 2 35 6 49 3 52 12 48 14 72 
5 15 25 2 52 8 62 11 52 9 32 
11 13 20 1 37 10 27 7 30 9 40 6 55 2 35 11 28 4 54 14 59 8 20 
5 1 98 8 98 6 98 9 99 10 99 
9 14 8 4 18 13 15 2 11 9 15 6 14 10 22 7 15 1 24 
11 11 99 13 99 7 99 12 99 3 99 14 99 8 99 2 99 10 99 15 99 5 99 
10 5 58 14 58 11 99 3 88 13 66 12 61 4 77 7 61 10 65 8 62 
5 8 26 14 51 9 26 6 60 11 54 
8 8 89 14 89 7 99 5 95 1 95 10 92 6 95 11 93 
5 6 14 4 18 15 39 12 23 14 40 
9 9 53 4 78 15 76 12 64 1 68 14 58 2 75 10 54 3 63 
7 3 72 9 91 10 75 5 93 13 81 7 99 11 75 
7 9 80 15 81 7 96 11 86 5 90 2 97 1 98 
8 14 28 5 44 15 81 3 73 11 49 10 54 4 57 7 60 
7 2 54 5 79 12 74 4 74 3 78 7 65 13 75 
10 5 6 14 11 4 8 1 14 6 16 9 13 15 11 13 13 12 12 7 14 
5 8 9 5 10 9 26 14 15 12 26 
7 7 71 2 87 15 74 10 92 4 77 5 83 8 86 
5 3 54 14 63 4 54 1 62 9 64 
7 15 74 11 96 10 88 13 80 5 89 3 86 8 75 
11 1 76 15 85 11 93 8 81 13 90 4 80 7 81 12 80 5 92 14 98 9 91 
9 10 88 2 94 14 93 7 97 3 92 1 88 11 88 4 96 15 95 
8 2 30 4 40 9 65 13 82 14 44 7 71 8 49 5 45 
11 7 22 1 31 12 43 4 25 14 30 11 41 10 49 3 52 2 56 13 30 9 51 
9 10 55 8 97 9 66 7 90 13 69 2 61 14 77 4 86 11 93 
6 3 52 2 85 12 70 14 82 10 91 13 89 
8 12 75 14 97 8 99 1 93 4 88 15 95 11 90 13 82 
6 10 93 3 98 11 97 13 93 8 97 4 93 
10 9 64 11 69 12 99 8 88 15 78 10 75 6 99 3 69 7 82 14 73 
7 15 23 13 42 7 42 14 68 2 62 10 47 4 48 
10 10 48 13 66 2 94 3 85 6 54 9 88 11 50 1 54 8 79 7 82 
8 5 96 6 97 9 98 11 97 2 98 10 96 1 97 7 99 
10 3 39 1 98 6 85 10 80 9 68 5 99 13 78 8 52 15 43 11 81 
10 2 61 1 91 9 84 6 90 13 71 11 86 15 85 5 73 3 95 14 96 
10 4 35 6 56 2 84 11 91 3 63 14 63 7 60 15 40 1 50 12 98 
10 1 57 5 70 7 57 10 84 14 64 8 97 13 80 12 89 9 61 11 99 
9 9 18 10 35 12 32 13 39 1 34 6 46 8 41 7 38 3 30 
6 9 52 3 65 6 99 8 82 2 70 1 90 
8 15 7 6 21 11 14 8 11 9 7 10 11 1 21 14 14 
6 8 94 4 99 11 95 3 99 6 96 1 95 
6 8 63 11 95 12 68 3 89 14 76 6 82 
9 7 87 6 97 15 94 11 96 4 96 1 94 5 89 13 99 10 96 
6 11 61 8 88 14 64 15 98 6 94 4 67 
5 1 57 2 57 12 57 10 63 7 97 
8 4 78 15 83 10 92 14 82 13 86 1 83 8 97 12 81 
5 3 64 1 86 14 89 15 79 13 80 
9 4 63 14 77 15 90 10 86 2 67 8 84 11 91 5 84 7 66 
10 14 12 7 19 3 25 6 15 5 32 9 27 10 13 2 25 8 28 12 24 
11 9 64 7 66 15 95 2 83 5 76 1 71 13 70 14 64 8 91 3 85 4 80 
8 8 81 12 88 13 88 11 96 3 83 15 91 2 82 9 87 
7 11 96 9 99 13 96 3 99 8 98 5 98 6 98 
10 8 47 13 90 3 52 15 61 1 83 9 62 6 54 14 95 11 49 10 47 
7 13 66 10 75 14 68 15 99 5 93 1 86 12 71 
8 4 84 7 92 2 99 6 90 14 92 9 91 5 99 1 95 
11 6 43 15 97 10 70 5 66 11 65 3 94 2 44 4 81 8 84 7 67 13 53 
9 5 21 10 29 2 34 13 54 3 57 7 46 8 52 15 33 1 53 
11 9 45 12 54 13 64 3 72 2 46 15 54 6 57 10 89 4 73 7 55 14 50 
5 15 31 10 70 1 71 8 33 11 74 
7 3 75 1 80 15 94 9 79 4 92 10 81 7 90 
5 9 26 14 38 6 33 2 74 3 45 
8 9 91 12 93 5 91 11 96 3 98 7 96 13 95 2 98 
5 11 25 2 66 6 59 8 73 14 42 
10 8 90 7 99 13 99 4 92 10 90 1 98 12 97 5 98 9 90 14 94 
5 1 80 2 86 10 96 12 81 5 99 
5 10 64 2 77 13 84 12 95 11 72 
9 12 44 2 71 3 60 15 48 6 49 4 72 14 46 11 87 10 63 
7 10 55 1 85 5 78 8 61 12 96 9 56 15 88 
10 13 42 8 70 4 47 5 46 6 43 10 88 1 80 12 72 7 47 15 94 
7 14 64 10 90 6 76 13 83 15 97 3 75 9 65 
7 1 40 13 45 3 65 15 83 5 49 6 93 4 56 
11 8 8 12 20 6 14 11 11 3 8 4 8 10 14 14 10 9 18 2 8 15 16 
11 1 63 3 69 7 75 5 80 15 87 10 65 13 99 6 86 9 64 8 92 11 84 
11 3 86 1 87 11 96 13 95 10 96 8 90 2 91 6 96 5 92 7 88 4 89 
9 4 53 8 57 11 62 15 85 6 97 9 65 12 95 5 89 14 63 
7 8 72 9 81 5 98 4 92 11 85 2 83 3 77 
7 13 87 10 90 1 91 9 89 12 94 7 94 3 97 
10 4 6 7 12 10 6 5 14 3 18 1 9 2 15 12 6 14 18 15 7 
5 2 58 7 97 14 60 12 84 15 98 
10 4 53 2 76 14 58 9 58 1 99 12 85 11 60 5 79 13 86 6 89 
5 9 12 15 13 10 34 3 17 7 27 
11 9 10 12 26 3 11 5 19 15 13 1 25 11 10 10 28 6 22 8 16 13 18 
8 12 19 4 46 8 39 6 36 10 57 3 33 13 55 14 37 
9 15 31 7 42 2 51 10 85 3 70 13 78 5 74 9 91 4 73 
5 2 47 9 96 7 52 4 61 14 75 
10 10 25 11 34 3 52 9 52 5 58 14 30 2 38 6 48 13 55 7 33 
10 10 8 3 9 9 16 14 17 1 18 8 9 4 18 5 19 7 20 6 17 
7 11 1 13 2 12 1 6 2 10 1 7 1 9 1 
6 3 87 12 94 7 87 8 98 9 96 1 90 
8 15 60 1 75 3 60 10 79 13 91 14 62 4 61 6 71 
6 11 76 14 98 7 85 6 85 13 95 12 90 
6 3 5 9 14 5 13 2 9 13 15 8 10 
10 2 71 7 72 15 91 5 88 9 78 13 72 8 96 4 94 6 79 14 73 
7 15 72 3 72 11 76 2 97 14 97 7 99 9 75 
9 6 11 10 12 3 23 2 15 11 26 15 33 7 25 9 15 1 19 
6 15 99 8 99 5 99 11 99 2 99 13 99 
6 11 21 5 49 12 59 14 40 4 29 1 27 
7 14 89 1 94 11 98 8 89 9 95 13 98 5 99 
9 6 79 2 79 1 94 5 97 12 82 4 92 8 96 11 90 14 82 
11 3 37 15 85 6 71 14 71 12 59 4 86 2 57 13 61 1 88 9 89 11 81 
11 1 86 8 86 4 91 5 97 12 91 11 90 15 94 3 89 14 91 9 99 6 99 
7 6 42 14 61 9 68 4 85 5 51 10 74 12 45 
8 8 7 2 20 10 12 3 13 13 20 7 21 14 15 4 7 
10 3 86 14 93 10 90 11 91 1 95 13 87 7 89 2 97 5 99 8 90 
11 14 82 6 95 2 89 3 98 11 95 4 89 15 94 10 99 13 93 8 93 5 85 
10 5 86 15 99 3 99 14 91 13 95 11 89 10 87 4 98 1 90 7 97 
8 5 47 7 60 10 82 15 93 14 60 4 87 9 88 11 90 
9 10 21 12 40 11 22 9 38 14 55 3 50 15 28 13 47 2 45 
11 11 6 8 11 13 17 12 8 4 14 2 16 6 9 9 15 15 18 3 18 1 12 
10 8 88 11 95 13 94 12 94 10 91 4 95 2 90 6 93 7 94 1 90 
