268 228 20
1 2
2 3
3 4
4 9
5 6
6 7
7 8
8 9
9 10
10 11
11 12
12 13
13 14
14 15
15 16
16 17
17 18
19 20
20 21
21 22
21 23
21 24
22 25
23 25
24 25
35 36
36 37
37 38
38 39
39 45
40 41
41 42
42 43
43 44
44 45
45 46
46 47
47 48
48 49
50 51
51 52
51 57
51 62
52 53
53 54
54 55
55 56
56 67
57 58
58 59
59 60
60 61
61 67
62 63
63 64
64 65
65 66
66 67
68 69
68 71
69 70
70 73
71 72
72 73
73 74
87 88
88 89
89 90
90 91
91 97
92 93
93 94
94 95
95 96
96 97
97 98
98 99
99 100
100 101
102 103
102 106
102 109
103 104
104 105
105 112
106 107
107 108
108 112
109 110
110 111
111 112
112 113
117 118
118 119
119 120
120 121
121 122
122 123
123 124
124 125
125 126
126 127
127 128
128 129
129 130
130 131
131 132
131 133
131 134
135 136
136 137
137 138
138 139
139 140
140 141
140 146
141 142
142 143
143 144
144 145
146 147
147 148
148 149
149 150
151 152
152 153
153 154
154 155
155 156
155 163
156 157
157 158
158 159
159 160
160 161
161 162
163 164
164 165
165 166
166 167
167 168
168 169
170 171
171 172
172 173
173 182
174 175
175 176
176 177
177 182
178 179
179 180
180 181
181 182
182 183
183 184
185 188
186 188
187 188
188 189
189 190
190 191
191 192
192 193
193 194
194 195
195 196
196 197
197 198
198 199
200 201
201 202
202 203
203 204
203 209
203 214
204 205
205 206
206 207
207 208
209 210
210 211
211 212
212 213
214 215
215 216
216 217
217 218
219 220
220 221
221 222
222 223
223 229
224 225
225 226
226 227
227 228
228 229
229 230
230 231
231 232
232 233
234 235
235 236
236 237
237 238
238 239
239 240
240 241
241 242
242 243
243 244
244 245
244 247
244 249
245 246
247 248
249 250
251 252
251 256
252 253
253 254
254 255
255 260
256 257
257 258
258 259
259 260
11 8 98 10 99 14 99 16 98 13 98 17 98 4 99 5 99 7 99 6 99 3 99 
14 8 56 14 96 2 89 1 76 12 83 9 76 13 80 15 61 18 74 4 81 7 85 3 77 17 58 5 76 
8 9 10 1 19 16 14 15 13 2 21 4 11 18 11 20 22 
14 12 75 7 96 17 79 11 79 9 91 5 86 16 87 15 94 2 99 1 97 4 99 18 87 6 80 13 88 
11 2 48 10 63 11 58 3 83 5 82 19 53 12 63 15 76 16 58 13 89 20 86 
12 20 76 19 83 12 89 18 85 16 81 1 80 11 99 6 93 8 83 4 85 13 99 10 76 
13 10 98 17 98 12 99 18 99 16 98 7 99 6 99 11 98 1 99 19 99 20 98 14 98 13 98 
7 13 88 8 91 19 95 2 96 17 99 5 96 20 92 
14 18 25 9 66 1 28 19 75 14 46 6 43 2 73 3 42 12 59 5 60 7 69 8 72 11 60 16 39 
8 17 25 8 62 10 29 14 56 7 52 20 43 4 43 6 27 
13 18 17 9 35 12 48 17 41 15 18 14 42 19 26 8 37 3 19 2 45 1 35 4 19 11 19 
8 9 34 13 87 7 52 19 55 17 73 6 58 16 66 20 95 
6 16 4 18 4 7 11 5 12 10 9 19 4 
7 13 50 8 82 14 90 19 63 15 60 20 68 6 95 
6 17 12 10 12 4 22 12 30 8 30 19 27 
9 1 67 2 91 12 96 17 86 18 81 19 81 6 86 3 86 16 97 
9 5 88 7 96 19 94 12 89 8 91 4 93 20 94 18 94 10 95 
11 8 95 16 96 7 97 17 95 20 99 15 96 4 95 12 99 18 98 11 97 1 98 
14 17 15 18 38 16 39 3 45 7 30 13 38 20 36 2 39 6 33 1 35 4 28 12 45 10 24 14 23 
7 6 69 20 89 1 77 2 93 9 91 13 76 4 93 
14 9 61 4 70 2 87 7 72 18 79 5 81 19 79 8 96 15 79 16 61 14 99 20 73 3 96 12 81 
12 1 16 7 24 18 45 14 26 15 23 17 20 9 27 6 31 11 45 19 36 8 45 20 31 
12 4 54 2 96 14 80 10 56 1 69 19 55 15 60 17 68 7 97 16 67 6 73 12 70 
12 5 18 17 31 4 39 2 49 12 48 1 50 20 54 8 31 16 47 6 46 13 50 11 36 
12 13 97 1 98 14 97 12 98 4 99 15 97 7 97 10 99 11 97 17 97 16 99 2 99 
11 12 41 4 88 7 85 16 71 8 43 2 49 15 51 18 62 10 64 3 91 6 54 
12 5 94 18 96 7 95 3 95 19 97 1 94 8 99 15 95 10 94 14 96 2 96 16 97 
10 16 17 2 42 3 21 5 50 8 20 10 24 12 37 20 47 1 43 14 34 
11 20 43 4 46 7 46 12 64 15 76 3 63 5 55 11 75 2 69 14 96 18 48 
6 5 88 8 95 18 94 15 90 1 90 12 95 
7 13 86 6 89 11 93 18 87 7 93 15 99 9 97 
6 15 13 10 15 5 25 12 32 18 28 14 18 
12 11 16 5 22 4 43 13 42 8 33 6 33 14 22 20 39 10 17 19 20 9 38 18 22 
12 5 85 7 96 17 94 16 86 10 94 4 86 11 93 8 92 13 91 2 96 14 96 3 91 
11 8 94 1 98 19 96 6 98 9 99 5 97 3 98 12 96 2 97 14 94 4 97 
13 6 39 5 81 8 49 1 99 19 59 10 53 17 87 14 93 4 70 7 52 11 93 20 71 13 92 
13 18 18 5 54 13 37 15 42 20 43 12 43 10 26 7 48 9 46 8 36 17 27 6 39 1 25 
12 2 82 13 99 9 88 11 89 3 96 4 98 19 98 8 83 15 83 6 87 10 92 14 84 
9 10 82 15 91 6 93 18 99 2 91 19 82 13 86 9 96 20 90 
7 13 66 6 70 2 87 20 89 1 98 19 77 3 85 
8 17 2 5 2 11 5 13 4 2 3 16 4 9 2 14 3 
13 2 68 9 75 12 82 7 68 20 97 15 86 14 92 3 92 17 86 5 94 11 92 1 76 10 99 
6 13 42 3 98 18 96 11 74 6 56 16 42 
12 8 88 4 98 15 96 6 94 7 98 3 89 10 99 14 88 11 91 16 92 18 89 19 88 
14 16 37 11 72 19 99 15 45 18 60 8 84 17 65 9 68 3 61 20 59 1 49 4 48 12 67 13 41 
9 11 27 7 49 17 55 4 40 15 34 10 34 19 78 6 41 13 58 
7 11 58 20 63 4 90 18 98 9 80 19 95 5 71 
12 10 39 17 94 12 90 4 99 14 52 15 96 19 85 5 61 6 62 18 73 20 95 1 42 
6 6 20 18 56 5 48 13 22 1 40 15 48 
6 3 97 1 97 18 98 13 98 6 98 16 97 
13 19 97 3 97 2 99 6 98 18 99 17 98 14 99 10 97 4 97 13 97 1 97 8 98 11 97 
12 3 5 11 8 4 11 7 12 15 7 13 13 10 6 12 6 14 5 18 12 16 11 5 8 
14 12 2 7 3 3 5 16 4 6 2 11 5 20 6 14 3 19 6 18 2 8 5 17 2 13 4 2 3 
11 13 66 14 72 11 97 12 85 18 87 16 74 2 95 15 88 8 92 20 79 10 88 
11 12 32 14 62 15 84 17 92 9 84 18 37 10 35 4 79 1 75 6 94 13 96 
9 20 89 17 92 6 94 1 90 11 99 16 98 8 92 14 95 7 96 
6 11 66 18 95 10 84 19 80 1 96 2 99 
9 7 22 5 38 19 50 13 47 20 59 1 58 8 51 17 35 15 33 
11 10 56 8 72 11 57 7 60 16 56 14 95 5 76 3 87 12 87 13 89 4 96 
14 10 42 5 60 1 95 8 77 14 87 6 92 7 93 18 52 13 78 9 55 15 76 12 45 11 93 17 99 
6 11 48 14 53 5 66 4 89 12 97 7 66 
12 1 31 4 93 19 45 8 32 18 67 13 38 15 41 5 62 16 90 7 54 20 87 14 33 
10 9 27 13 70 1 59 15 44 2 59 11 78 7 36 20 57 17 62 3 53 
12 13 18 19 25 6 23 2 45 20 54 17 24 12 30 1 22 3 46 14 27 16 43 10 27 
10 17 53 7 56 15 96 11 94 10 78 8 78 3 77 6 54 2 94 9 68 
13 5 84 1 86 2 98 7 91 17 84 13 94 16 86 9 87 19 96 6 88 11 84 10 93 14 98 
7 8 51 17 90 10 90 9 61 12 66 1 56 3 57 
14 3 27 11 70 18 47 2 51 6 57 14 65 12 71 9 34 20 47 5 59 19 69 16 59 10 27 15 50 
9 5 15 19 19 14 31 13 42 12 36 8 21 17 38 2 17 11 20 
12 10 60 20 90 13 66 4 64 9 75 6 92 11 61 16 62 12 77 2 93 8 79 1 72 
14 5 38 12 84 1 78 11 95 9 55 20 42 13 86 16 88 3 84 14 97 2 42 7 83 17 97 4 53 
9 16 77 8 87 18 88 10 79 11 87 7 94 1 82 2 97 15 90 
9 5 77 3 77 19 77 16 95 8 80 4 84 17 83 13 85 12 96 
13 7 64 15 95 2 74 18 78 4 85 3 99 5 68 8 71 12 97 14 72 11 79 1 98 13 68 
7 18 47 14 67 2 66 10 99 1 53 15 61 6 63 
13 6 28 2 81 16 84 17 65 11 80 18 50 19 33 4 62 1 75 15 63 14 62 7 65 13 70 
12 14 39 6 74 9 57 7 44 8 73 20 46 4 56 19 53 5 84 1 95 15 39 18 78 
6 15 96 20 97 6 96 9 99 2 99 12 98 
9 4 38 17 59 20 51 15 96 3 78 1 45 8 99 5 77 13 82 
10 5 25 4 57 3 25 9 54 6 45 14 64 15 69 7 66 20 71 2 25 
11 6 66 1 90 11 78 14 88 20 96 10 83 2 68 4 78 12 77 17 99 16 87 
11 4 9 18 26 12 23 14 15 15 15 5 26 11 13 19 14 9 13 20 20 16 11 
12 16 96 15 96 5 96 11 99 4 98 14 96 17 96 6 98 7 97 8 99 19 96 12 97 
10 14 90 1 99 16 95 18 94 6 98 8 91 2 97 12 94 4 95 3 90 
11 20 9 12 10 2 15 4 12 11 9 8 16 1 13 10 15 5 27 7 21 17 14 
10 12 82 10 96 3 92 8 97 20 87 13 99 7 97 18 84 9 94 2 91 
12 14 73 5 81 4 79 18 79 19 99 3 79 1 73 17 93 8 74 2 76 15 93 9 98 
14 10 67 14 73 17 96 15 69 20 97 1 68 12 98 5 99 2 90 11 89 13 72 16 95 8 67 4 77 
11 4 97 11 98 10 97 1 97 7 99 16 99 12 97 13 98 9 99 6 98 2 98 
9 10 28 13 52 19 51 1 67 11 47 18 64 8 84 6 67 7 52 
12 12 20 8 27 1 27 7 46 4 24 19 26 20 36 3 29 10 33 13 47 2 46 16 57 
7 9 88 11 89 14 99 10 94 7 96 18 99 17 93 
9 5 53 2 94 11 73 1 98 16 92 7 63 3 58 17 65 8 83 
8 4 27 13 43 5 59 14 57 6 60 11 29 17 35 12 41 
7 10 27 14 59 12 51 20 48 15 33 2 80 6 59 
13 11 77 8 92 5 82 7 86 4 85 17 99 12 99 18 99 13 83 16 99 9 88 2 85 14 83 
6 9 20 5 27 12 43 11 42 18 50 16 34 
10 13 46 18 73 20 96 17 47 5 99 16 82 6 82 2 92 1 74 15 89 
11 11 6 4 12 6 16 8 15 16 10 5 11 7 11 3 17 19 13 17 18 13 10 
7 13 44 6 82 7 69 4 97 8 75 14 78 16 99 
8 8 98 17 99 5 98 14 99 18 98 10 98 7 99 4 98 
10 1 43 18 85 15 51 6 47 17 95 19 52 8 62 4 89 3 52 5 72 
7 9 50 4 98 2 56 7 54 5 82 10 94 11 76 
12 13 64 16 75 11 65 5 89 3 72 2 87 8 88 12 78 19 76 6 85 7 98 18 81 
8 16 2 15 2 1 5 7 6 9 4 5 5 12 3 13 5 
10 4 12 10 14 11 32 3 18 1 28 12 31 15 27 17 13 2 19 9 20 
8 1 59 18 73 3 88 11 63 12 98 19 64 13 91 20 63 
11 4 15 9 39 17 17 2 31 6 45 19 18 7 40 10 24 5 16 13 26 14 31 
10 8 54 3 82 20 79 13 92 9 92 12 74 18 54 7 77 2 55 4 79 
12 5 76 1 83 4 95 8 96 13 91 3 94 15 82 16 91 18 83 14 83 6 85 19 83 
14 20 82 2 88 13 87 1 92 11 90 4 99 17 84 5 93 3 85 10 90 9 93 16 88 14 98 8 88 
12 7 99 8 99 4 99 18 99 12 99 14 99 2 99 10 99 16 99 1 99 5 99 20 99 
8 14 45 19 73 5 68 3 47 6 55 18 52 20 99 10 69 
10 13 23 4 48 15 33 18 44 8 25 12 32 3 33 16 63 9 46 1 25 
10 18 42 14 83 15 46 7 95 19 86 1 99 11 91 16 46 4 90 8 98 
7 18 14 12 26 5 38 1 41 11 39 20 27 9 27 
6 2 46 6 70 16 96 9 93 7 75 12 85 
11 3 76 18 93 5 76 11 88 20 84 1 97 2 95 15 92 8 78 9 90 16 92 
7 19 63 12 88 13 69 4 64 17 77 9 82 18 86 
14 16 74 20 97 7 92 8 83 14 87 11 92 3 99 9 94 19 97 13 84 18 74 1 98 6 77 17 86 
9 4 76 11 84 18 93 20 81 2 78 5 80 1 97 13 94 9 94 
10 1 86 6 97 11 86 5 96 15 99 20 98 2 93 13 90 4 95 14 95 
7 17 35 7 60 18 88 4 57 10 90 13 45 20 77 
13 15 20 14 60 1 55 6 21 5 46 18 46 4 42 11 30 9 36 13 27 16 23 7 34 20 52 
13 5 40 1 48 14 52 2 62 16 76 17 67 11 76 18 98 8 88 15 64 7 45 20 66 3 56 
12 20 6 13 16 4 11 10 7 12 12 11 16 5 13 15 15 18 16 7 17 1 8 6 16 
12 7 42 8 82 2 62 14 85 19 83 9 90 20 80 10 67 18 64 4 48 16 89 1 76 
11 19 45 1 62 8 53 10 77 5 63 16 45 13 58 17 99 15 59 20 64 7 91 
8 20 98 8 98 19 98 18 99 11 99 7 98 15 99 3 99 
6 19 15 16 39 6 24 15 35 11 25 9 39 
11 20 28 10 82 9 29 14 42 7 58 15 56 17 76 4 47 8 77 2 78 11 43 
14 3 62 12 92 5 87 9 68 8 66 15 74 10 90 20 81 18 67 1 81 17 95 16 89 6 76 7 98 
9 15 52 16 89 4 88 13 53 3 79 6 56 7 63 20 61 12 93 
6 3 63 18 90 7 85 9 80 10 72 4 81 
7 4 5 16 9 17 9 6 13 2 7 18 8 11 8 
14 12 76 4 88 19 99 5 91 7 79 10 91 11 92 3 94 13 93 6 78 20 87 1 95 8 80 9 83 
12 17 68 10 94 15 73 5 81 13 70 7 85 4 79 12 70 20 99 18 86 16 86 8 98 
13 14 34 7 64 10 82 15 70 5 75 16 72 2 86 4 52 20 41 12 47 11 74 13 77 6 72 
14 17 32 9 94 12 79 4 33 3 91 6 52 13 44 7 46 16 36 20 83 2 69 19 55 15 49 11 55 
12 14 58 12 58 20 90 3 87 10 76 19 98 15 90 4 72 11 72 17 77 5 71 6 63 
9 15 23 7 38 14 29 2 23 1 26 11 42 19 27 16 34 17 64 
9 19 91 14 95 9 98 20 95 1 99 8 91 13 99 11 94 17 94 
14 2 9 16 23 14 21 6 14 11 27 13 22 4 17 12 13 3 9 9 16 10 11 20 9 17 16 8 27 
7 3 77 1 82 17 80 7 96 12 79 20 81 16 80 
10 18 86 12 92 4 93 13 95 15 89 2 87 17 92 6 88 14 94 10 92 
7 6 2 20 2 18 2 4 6 12 5 13 5 11 5 
11 1 90 6 91 8 96 2 99 7 92 18 98 5 93 20 95 10 91 19 93 17 92 
7 6 20 14 54 1 23 2 21 5 34 4 38 19 58 
12 18 38 14 51 5 65 16 75 13 41 4 94 3 56 10 68 9 60 17 38 8 91 2 48 
12 1 45 15 93 14 83 13 46 20 51 17 69 10 90 11 56 2 63 5 88 16 72 7 90 
9 13 64 15 84 3 78 16 67 6 84 20 78 19 92 1 87 7 84 
12 13 29 12 83 17 81 14 68 11 64 4 83 16 72 6 55 2 66 18 38 1 57 7 82 
14 8 35 16 99 9 61 17 60 11 57 14 47 19 94 12 75 6 64 2 56 1 39 5 65 20 67 4 92 
6 20 64 12 69 14 70 15 66 9 73 17 75 
8 14 35 6 43 3 78 16 64 17 82 9 48 2 56 12 70 
9 15 55 19 59 2 64 7 65 13 85 18 67 14 95 10 82 3 99 
10 9 41 6 42 2 95 18 86 1 44 16 84 10 71 11 54 3 84 4 84 
7 16 68 12 76 10 77 13 68 3 76 7 96 6 81 
6 7 48 5 77 17 98 11 67 13 57 20 69 
11 11 55 3 77 13 93 18 75 9 92 12 83 14 93 4 94 2 69 5 86 16 60 
8 7 63 15 93 8 64 11 88 20 84 6 94 19 92 10 88 
6 4 94 16 97 7 99 17 97 12 96 3 96 
12 8 94 20 95 3 97 10 98 5 98 16 99 14 96 11 97 15 95 17 94 6 94 9 95 
10 1 19 4 23 16 34 13 23 19 55 2 33 5 40 14 36 10 34 12 34 
9 15 46 2 74 7 88 17 46 1 69 10 72 3 57 19 84 20 67 
14 2 10 11 11 9 23 7 29 3 22 8 19 14 23 20 13 15 26 6 16 17 10 5 20 16 26 1 20 
7 15 18 12 46 9 19 20 41 17 19 6 28 18 51 
9 3 29 17 75 14 33 7 72 2 42 11 32 20 83 4 58 10 35 
6 4 92 20 97 7 97 16 94 19 94 17 93 
8 5 25 7 42 2 61 19 56 16 56 18 53 11 42 15 56 
6 13 19 15 27 3 24 12 41 9 22 10 39 
14 6 94 1 94 13 95 5 95 12 98 2 96 11 99 10 95 14 97 3 95 8 97 16 95 4 98 17 99 
6 12 72 9 84 5 87 8 80 16 98 1 91 
14 5 91 3 98 18 97 13 91 16 93 4 96 15 98 19 91 9 95 2 98 8 91 10 99 14 92 6 96 
14 16 37 20 94 5 82 12 88 15 79 11 51 7 62 8 79 10 74 3 41 1 77 2 63 17 62 18 89 
8 7 25 12 72 17 72 14 71 9 67 2 42 19 49 1 35 
6 3 91 19 96 18 91 12 98 14 93 15 98 
6 13 57 3 84 16 77 14 66 9 73 12 68 
14 18 1 20 3 15 1 19 2 9 3 12 1 14 1 1 3 5 2 6 3 4 1 3 2 11 1 7 1 
7 4 5 19 6 11 8 5 5 16 9 6 13 12 15 
9 7 9 11 23 4 13 10 9 20 20 8 23 9 22 18 11 19 19 
13 16 47 18 76 7 93 11 72 19 50 2 84 1 74 15 53 13 57 5 94 6 58 12 77 20 55 
11 15 61 17 69 16 73 1 67 3 85 18 81 20 88 12 85 4 83 2 74 11 64 
13 1 46 7 53 6 47 5 63 19 97 8 93 13 69 3 96 14 92 2 53 16 99 4 74 20 70 
7 15 67 8 68 3 70 4 70 13 79 7 99 17 93 
6 10 77 14 89 4 98 12 93 2 89 19 83 
8 2 20 4 22 8 49 10 48 13 58 14 53 18 21 20 53 
11 6 11 14 22 20 12 9 15 15 12 10 32 17 21 7 15 11 32 8 33 16 23 
14 8 34 5 52 2 43 9 48 4 67 15 93 17 62 10 95 20 96 6 47 1 98 14 45 11 49 18 39 
11 6 20 16 45 20 49 17 35 1 27 19 27 14 41 15 42 10 32 4 21 18 40 
10 11 83 16 94 1 98 7 96 19 99 3 89 8 83 15 85 10 85 5 92 
14 12 79 1 83 4 86 9 89 10 80 19 90 11 97 14 82 16 84 3 93 2 86 7 83 17 85 13 85 
8 10 38 3 50 11 52 12 52 14 85 9 77 7 89 20 54 
6 11 42 10 66 20 76 9 46 4 90 19 54 
7 6 29 10 32 9 84 1 45 18 71 20 80 19 43 
12 14 39 1 73 19 45 18 54 13 42 20 76 2 63 3 86 16 44 8 62 12 57 7 39 
8 19 32 1 84 13 72 14 84 17 51 18 94 6 61 5 66 
9 12 49 6 63 1 79 5 76 8 57 10 62 14 81 9 75 19 57 
12 9 58 4 89 10 63 1 87 19 86 2 71 14 80 18 73 5 97 17 66 7 78 6 60 
13 18 60 8 89 16 60 14 93 4 71 3 88 15 94 6 75 10 76 20 87 12 76 13 99 11 99 
10 16 6 6 13 18 12 13 17 5 6 20 16 14 8 3 8 9 12 10 16 
10 11 18 12 37 13 30 2 41 7 22 16 27 15 25 8 37 10 44 6 49 
9 1 98 19 98 12 99 4 98 9 99 11 99 8 98 14 99 18 99 
10 15 48 14 51 3 59 2 93 4 87 12 62 20 49 9 86 10 51 18 55 
8 2 85 15 87 1 85 19 98 12 97 20 88 8 86 17 86 
7 15 79 8 79 18 80 7 93 19 96 13 85 14 95 
10 11 18 20 46 8 25 14 43 3 52 2 25 16 46 19 50 9 36 7 25 
6 18 81 10 93 1 82 9 97 5 81 14 89 
6 20 47 17 91 19 63 8 79 14 77 6 54 
9 18 24 20 25 9 69 2 31 7 69 4 52 6 50 14 70 1 64 
12 7 61 15 78 4 63 1 71 10 88 17 97 13 71 14 69 5 68 20 81 19 93 18 93 
9 4 18 11 54 14 45 1 35 15 33 6 30 10 25 5 18 13 31 
9 11 91 10 92 20 94 4 92 8 98 18 93 5 91 7 92 16 99 
11 8 27 16 36 7 44 13 36 17 30 18 53 10 54 15 27 2 62 19 53 20 69 
10 9 55 19 88 20 95 12 87 11 74 3 87 5 72 4 64 15 82 18 65 
11 16 49 1 51 19 66 2 62 15 95 9 72 5 55 3 92 14 53 17 98 4 65 
11 16 73 2 89 13 78 4 97 12 73 11 96 8 99 15 86 1 80 10 74 5 88 
13 4 39 5 56 14 56 2 54 7 43 17 40 12 99 16 58 10 91 1 65 11 89 3 58 13 61 
13 20 87 8 98 11 99 15 87 7 93 13 89 5 99 2 88 6 96 17 87 10 92 19 91 1 97 
11 6 22 18 25 14 57 19 37 10 34 12 27 15 59 9 47 5 27 17 35 11 31 
6 6 10 15 27 5 10 1 29 8 25 20 28 
7 16 89 4 89 18 95 7 92 15 91 12 90 17 94 
6 10 82 8 93 16 83 15 99 6 92 7 91 
8 16 69 3 70 18 73 20 90 5 95 11 82 6 96 14 91 
6 13 84 17 92 4 92 11 86 19 96 6 94 
7 17 9 13 25 15 20 20 21 1 26 10 17 11 12 
13 20 19 17 51 12 56 13 19 15 39 11 33 14 56 8 30 4 42 16 52 3 30 18 40 6 43 
10 10 39 18 72 5 99 20 87 15 40 17 86 11 56 6 84 19 54 9 95 
9 14 97 5 98 12 98 13 97 10 97 3 97 19 97 4 98 15 97 
11 17 66 20 83 6 85 14 74 4 72 9 82 18 84 12 81 19 75 13 87 3 87 
7 5 36 13 49 12 38 1 99 10 36 20 89 3 64 
9 2 21 5 53 18 27 9 51 20 62 12 50 4 22 1 51 7 26 
8 16 45 2 48 20 80 3 68 5 49 15 76 7 93 12 47 
6 8 36 19 88 7 47 3 58 4 86 10 42 
9 9 11 4 20 2 12 20 20 7 15 8 22 16 32 15 13 1 15 
8 20 24 13 55 17 45 8 34 2 31 11 35 14 58 4 56 
9 17 26 13 30 16 53 9 27 8 44 12 66 14 30 18 55 5 43 
8 10 39 2 44 12 65 5 43 9 47 8 67 16 53 15 98 
11 7 13 13 30 18 26 20 32 6 16 14 29 19 23 1 34 11 30 9 25 4 23 
12 20 53 5 83 16 64 1 72 6 74 8 64 11 62 7 73 12 94 3 79 9 60 19 91 
12 11 82 17 85 3 92 18 82 9 94 15 87 8 88 4 96 20 90 6 93 5 98 10 84 
11 8 7 6 19 15 9 20 7 7 14 19 19 18 8 13 11 5 17 9 9 3 19 
12 15 88 10 91 12 88 2 88 11 89 16 91 3 90 5 89 8 97 7 90 9 95 6 90 
7 11 18 13 54 2 26 3 52 16 29 12 33 9 23 
7 9 73 4 82 17 78 7 94 13 76 14 83 6 88 
6 5 79 13 89 15 91 14 97 10 97 6 79 
13 10 25 16 61 9 39 18 57 14 68 17 33 20 51 7 48 12 55 6 30 19 66 1 43 4 40 
12 3 34 16 87 11 38 2 70 9 98 19 76 7 40 5 58 4 67 14 43 10 61 1 83 
14 2 97 4 99 3 99 5 99 1 98 14 98 15 97 13 98 19 99 20 99 8 97 6 98 10 99 9 97 
14 18 31 11 34 15 70 1 45 17 44 4 51 10 86 8 55 19 65 5 88 20 88 2 79 9 53 13 46 
10 14 45 10 89 6 84 18 73 7 93 9 62 8 53 5 51 16 86 1 59 
9 14 26 2 39 13 34 11 75 4 67 20 52 18 66 1 52 3 35 
14 7 16 17 29 8 24 6 43 15 40 9 31 13 24 18 40 3 39 4 25 5 41 14 33 19 35 16 18 
13 7 15 3 21 16 29 8 36 12 30 6 23 18 37 1 24 10 41 11 23 19 15 4 45 15 17 
9 7 60 17 88 10 86 13 90 20 62 4 73 1 66 11 72 8 96 
10 9 87 5 87 1 99 19 99 10 90 16 97 20 91 2 90 6 95 13 98 
6 9 4 11 10 15 12 8 6 13 9 14 12 
7 5 30 20 46 10 79 15 60 13 77 12 39 4 74 
6 15 32 5 67 8 78 16 34 3 92 11 50 
13 7 33 9 43 20 44 8 36 4 90 18 61 17 60 10 79 11 81 5 47 13 84 6 94 16 50 
13 12 14 18 21 6 21 3 19 1 38 16 27 11 16 13 41 10 15 7 39 5 20 20 30 14 30 
12 5 45 6 52 10 76 13 45 11 76 20 98 2 73 3 92 9 71 4 78 1 79 18 45 
12 9 72 17 76 18 98 14 92 1 73 20 77 4 88 13 94 19 73 7 98 15 85 11 95 
7 14 13 17 27 12 22 6 32 8 37 4 27 16 29 
8 3 3 11 4 7 3 4 7 15 5 6 9 1 6 14 8 
9 9 32 19 93 6 58 8 54 14 96 18 54 17 62 11 37 15 75 
12 7 75 13 79 11 89 14 94 3 90 20 89 8 84 4 89 17 76 6 77 2 75 1 80 
14 11 45 19 79 18 83 2 52 20 62 7 46 8 59 1 90 12 75 9 46 10 90 4 80 13 88 16 99 
