431 360 5
1 2
2 3
3 4
4 5
5 11
6 7
7 8
8 9
9 10
10 11
11 12
12 13
13 14
14 15
15 16
16 17
17 18
18 19
19 20
20 21
21 22
22 23
23 24
24 25
26 27
27 28
28 29
29 30
30 31
30 38
30 45
31 32
32 33
33 34
34 35
35 36
36 37
38 39
39 40
40 41
41 42
42 43
43 44
45 46
46 47
47 48
48 49
49 50
50 51
52 53
53 58
54 55
55 58
56 57
57 58
58 59
59 60
60 61
61 62
62 63
63 64
64 65
65 66
66 67
67 68
68 69
69 70
70 71
71 72
72 73
73 74
74 75
75 76
76 77
78 79
78 81
79 80
80 83
81 82
82 83
104 105
104 111
104 117
105 106
106 107
107 108
108 109
109 110
110 123
111 112
112 113
113 114
114 115
115 116
116 123
117 118
118 119
119 120
120 121
121 122
122 123
123 124
124 125
132 133
132 139
132 145
133 134
134 135
135 136
136 137
137 138
138 151
139 140
140 141
141 142
142 143
143 144
144 151
145 146
146 147
147 148
148 149
149 150
150 151
151 152
152 153
157 158
158 159
159 166
160 161
161 162
162 166
163 164
164 165
165 166
166 167
167 168
168 169
169 170
170 171
171 172
172 173
173 174
174 175
175 176
176 177
177 178
178 179
179 180
180 181
181 182
182 183
183 184
184 185
186 187
186 196
186 205
187 188
188 189
189 190
190 191
191 192
192 193
193 194
194 195
195 214
196 197
197 198
198 199
199 200
200 201
201 202
202 203
203 204
204 214
205 206
206 207
207 208
208 209
209 210
210 211
211 212
212 213
213 214
215 216
216 217
217 218
218 227
219 220
220 221
221 222
222 227
223 224
224 225
225 226
226 227
227 228
228 229
229 230
230 231
231 232
232 233
233 234
234 235
235 236
236 237
237 238
238 239
239 240
240 241
241 242
242 243
244 245
245 246
246 247
247 248
248 249
249 250
250 251
251 252
252 253
252 262
253 254
254 255
255 256
256 257
257 258
258 259
259 260
260 261
262 263
263 264
264 265
265 266
266 267
267 268
268 269
269 270
271 272
272 273
272 281
272 289
273 274
274 275
275 276
276 277
277 278
278 279
279 280
281 282
282 283
283 284
284 285
285 286
286 287
287 288
289 290
290 291
291 292
292 293
293 294
294 295
295 296
297 298
297 301
297 304
298 299
299 300
300 307
301 302
302 303
303 307
304 305
305 306
306 307
307 308
308 309
322 323
323 324
323 326
323 328
324 325
325 330
326 327
327 330
328 329
329 330
349 350
350 351
351 352
352 353
353 354
354 355
355 356
356 357
356 366
357 358
358 359
359 360
360 361
361 362
362 363
363 364
364 365
366 367
367 368
368 369
369 370
370 371
371 372
372 373
373 374
375 376
376 377
377 378
377 383
377 388
378 379
379 380
380 381
381 382
382 393
383 384
384 385
385 386
386 387
387 393
388 389
389 390
390 391
391 392
392 393
403 404
404 405
405 406
406 407
407 408
408 409
409 410
410 411
411 412
412 413
413 414
413 420
413 426
414 415
415 416
416 417
417 418
418 419
420 421
421 422
422 423
423 424
424 425
426 427
427 428
428 429
429 430
430 431
3 3 66 5 83 4 79 
3 1 64 2 65 4 79 
4 2 28 5 43 4 37 3 37 
4 3 33 4 75 5 67 2 99 
4 3 61 4 62 5 85 2 71 
4 3 30 1 31 4 43 2 50 
4 2 17 1 39 3 23 4 32 
2 3 44 1 96 
4 3 97 5 98 2 97 4 98 
3 3 28 4 67 2 62 
4 4 78 3 85 1 79 5 84 
3 1 34 4 59 3 74 
3 5 99 3 99 1 99 
3 4 20 3 39 5 49 
2 5 74 2 89 
3 4 21 1 54 5 37 
4 2 23 3 41 1 32 5 55 
4 4 88 1 95 5 96 3 98 
4 2 58 5 91 3 72 4 84 
2 3 65 2 71 
2 2 13 5 15 
3 1 3 3 7 4 5 
2 4 54 3 62 
4 4 98 5 98 2 99 3 98 
3 1 88 5 91 4 98 
4 3 66 4 66 2 97 5 93 
4 4 69 2 97 3 82 5 85 
2 3 61 4 91 
3 4 27 2 35 3 51 
2 2 66 1 87 
2 2 71 4 79 
3 4 8 5 12 3 13 
3 3 8 4 8 2 8 
3 2 50 4 96 1 91 
4 3 8 2 23 1 24 5 8 
2 2 98 1 99 
2 5 51 1 99 
2 4 88 3 91 
2 1 1 3 3 
4 4 80 3 83 5 90 1 83 
4 2 60 3 82 1 83 5 77 
2 5 51 1 66 
4 1 28 3 60 4 34 5 74 
4 1 77 4 88 3 85 2 82 
3 4 73 2 85 3 82 
4 5 22 3 22 2 51 4 55 
4 1 62 5 89 2 67 4 99 
4 5 83 3 87 2 91 1 96 
4 2 16 4 40 3 23 5 22 
4 5 31 3 88 2 55 1 72 
3 3 8 1 15 4 19 
3 1 2 4 4 2 3 
2 4 58 1 83 
4 2 78 5 89 4 93 3 85 
3 5 20 4 58 2 51 
3 5 8 4 13 2 18 
2 5 18 4 40 
3 5 9 2 21 3 17 
3 2 90 4 95 3 96 
4 3 59 4 87 1 70 2 98 
2 1 50 2 67 
3 2 70 1 74 4 79 
2 4 93 3 98 
2 1 12 2 12 
4 1 47 2 93 5 66 4 63 
4 1 88 2 88 3 98 5 91 
2 5 68 4 92 
2 3 85 4 96 
3 1 65 5 68 4 71 
2 3 51 4 68 
3 1 81 2 89 4 88 
4 3 63 1 82 4 71 5 63 
2 4 4 1 11 
2 5 98 1 99 
4 2 59 1 70 4 67 3 61 
2 1 28 5 62 
3 3 91 5 96 4 96 
3 3 2 2 3 5 4 
4 5 62 4 79 1 97 3 72 
2 3 56 1 93 
3 5 33 2 74 1 97 
4 1 70 5 93 4 75 3 71 
3 3 6 1 9 5 17 
4 2 33 3 98 1 82 4 95 
4 5 26 1 67 4 53 3 65 
2 2 58 1 66 
2 3 80 1 82 
3 3 40 5 51 1 43 
2 5 88 3 99 
3 4 34 2 74 3 34 
3 4 28 1 78 2 80 
2 4 47 2 84 
2 2 39 1 51 
4 3 35 1 68 4 68 5 81 
2 2 94 1 94 
4 2 89 3 90 4 97 5 99 
4 5 97 2 97 3 97 4 98 
3 4 24 2 66 1 33 
4 5 90 4 97 1 98 3 95 
4 3 54 1 60 2 66 4 87 
3 5 5 1 7 2 8 
3 5 50 4 72 3 67 
4 1 53 2 56 3 64 5 87 
2 2 50 5 51 
2 4 44 1 58 
3 4 56 3 97 5 83 
4 4 62 2 62 3 81 5 67 
4 5 67 4 69 3 95 2 68 
2 2 76 1 87 
4 3 72 5 88 1 80 2 98 
2 4 46 2 99 
3 3 35 1 80 2 65 
3 3 15 5 32 2 33 
3 3 53 4 67 1 77 
4 4 49 5 69 2 96 1 95 
3 5 67 4 80 2 74 
4 5 94 2 97 4 95 3 99 
2 5 42 4 53 
2 1 6 5 11 
4 4 64 3 84 2 68 5 74 
4 4 2 5 4 1 6 2 2 
4 2 66 3 74 5 93 4 78 
4 5 27 3 79 4 77 2 31 
4 3 79 2 85 1 96 4 80 
4 2 22 5 57 1 28 3 23 
4 2 83 3 93 4 85 5 90 
3 3 15 2 31 4 40 
3 2 80 1 93 5 99 
3 3 51 2 88 1 93 
4 1 86 4 89 3 92 2 92 
3 4 72 2 91 1 80 
3 5 67 4 84 1 81 
3 2 32 1 32 5 54 
4 2 3 4 4 3 8 1 9 
3 5 42 3 84 1 54 
4 3 48 5 72 4 90 2 64 
2 4 36 3 70 
4 1 2 4 5 3 2 5 5 
4 5 95 1 97 3 97 4 99 
2 2 45 3 83 
2 4 92 1 94 
4 3 10 5 28 4 11 1 14 
2 1 29 3 85 
3 4 71 2 99 5 97 
2 3 3 4 9 
2 3 41 2 67 
2 2 74 4 98 
4 1 65 3 90 5 73 4 94 
2 5 16 3 23 
3 1 54 4 56 2 86 
4 2 98 1 98 4 98 5 99 
3 4 70 3 96 1 76 
4 4 45 2 93 1 80 3 61 
2 5 26 3 30 
4 3 12 5 34 2 18 1 28 
2 3 85 2 95 
4 1 98 2 99 4 98 5 99 
3 4 72 5 97 1 83 
2 2 33 4 64 
3 2 45 5 95 1 49 
2 5 59 1 78 
4 5 3 2 4 4 9 1 3 
4 4 16 2 27 3 31 1 25 
3 1 28 5 52 2 39 
3 1 63 5 72 4 99 
2 5 82 3 92 
3 4 45 1 52 5 98 
4 2 54 1 85 5 68 4 95 
2 3 34 4 44 
4 5 8 1 24 4 16 2 13 
2 5 88 4 94 
4 3 87 4 87 1 88 5 92 
3 5 67 3 86 2 97 
3 4 80 5 95 3 90 
4 4 14 2 28 1 38 3 36 
2 2 93 3 96 
2 2 24 4 63 
3 2 28 3 82 4 81 
4 5 71 1 88 2 90 3 93 
3 3 48 2 98 1 55 
2 1 46 2 79 
2 2 6 4 15 
3 4 22 1 64 2 47 
3 5 76 4 99 2 91 
2 3 95 4 98 
4 1 64 5 90 2 98 4 68 
4 3 13 4 17 1 25 5 37 
3 3 76 4 96 2 86 
2 2 96 4 96 
3 1 27 4 27 5 61 
2 1 88 2 89 
3 3 16 4 32 2 38 
4 1 22 5 45 3 37 2 35 
3 5 81 2 90 4 96 
2 3 61 5 98 
3 2 61 4 84 5 76 
3 2 24 5 64 4 46 
3 4 76 2 95 1 82 
3 1 96 5 99 3 97 
2 5 11 4 24 
4 4 6 3 11 2 13 5 14 
3 4 73 5 80 1 95 
2 3 22 1 41 
2 3 4 2 10 
4 3 49 2 64 5 57 1 58 
2 2 62 3 92 
2 2 62 4 82 
3 5 74 1 94 2 74 
3 5 69 1 80 2 95 
3 4 18 1 35 3 42 
2 5 34 4 71 
3 5 5 3 9 1 10 
3 3 29 4 51 2 65 
3 1 46 5 55 3 51 
3 2 54 1 76 3 75 
2 2 68 3 69 
3 4 82 2 94 5 85 
3 1 2 2 3 3 4 
3 2 81 5 83 4 83 
2 2 80 5 90 
2 4 52 5 60 
2 5 88 4 94 
2 2 54 3 63 
3 1 79 4 95 3 82 
3 4 36 5 74 3 80 
4 5 70 3 88 1 88 2 87 
3 4 77 2 87 1 90 
3 1 18 3 38 2 47 
4 3 13 1 34 2 29 4 23 
2 5 29 3 40 
3 4 26 5 44 3 49 
4 3 4 2 12 5 10 1 12 
2 3 8 5 17 
3 5 56 1 57 4 62 
4 1 62 4 97 3 74 5 75 
3 2 97 1 99 3 99 
4 4 64 5 93 1 64 3 64 
2 2 5 5 9 
3 1 27 3 70 4 54 
2 5 19 3 24 
4 4 14 1 41 3 34 2 17 
3 1 25 2 43 5 67 
4 3 77 1 96 2 96 5 80 
2 3 25 1 39 
3 5 92 2 98 4 98 
2 4 83 3 86 
2 1 96 2 98 
4 2 16 3 24 5 46 1 22 
2 4 77 3 93 
2 4 6 1 8 
4 4 51 1 64 2 61 3 86 
2 5 24 3 47 
4 2 2 3 2 4 3 5 6 
2 4 53 5 81 
4 4 76 5 95 1 83 2 93 
2 5 25 4 54 
3 3 54 5 71 4 89 
3 5 59 4 71 2 81 
2 3 44 5 74 
2 5 51 2 80 
3 1 91 5 97 2 91 
3 2 21 5 50 3 31 
4 1 62 3 89 5 88 4 72 
2 3 7 2 9 
2 2 70 3 92 
4 1 1 3 1 2 1 5 1 
4 2 78 4 94 1 88 5 87 
2 1 94 5 95 
3 1 41 2 86 3 44 
4 1 39 5 49 3 90 4 65 
2 3 18 4 43 
3 3 66 4 73 2 70 
2 1 73 5 87 
3 2 57 1 76 4 94 
2 2 70 1 95 
2 5 94 2 98 
4 2 26 1 57 3 74 5 60 
3 2 93 1 99 3 97 
3 4 3 1 6 3 7 
4 4 28 1 56 5 37 2 46 
4 4 73 2 74 3 86 1 85 
4 4 56 1 68 5 63 2 93 
4 5 90 1 99 3 91 4 95 
4 2 13 5 17 4 14 1 27 
3 5 4 3 8 1 4 
3 3 70 1 78 2 72 
2 2 12 5 28 
3 2 29 5 59 4 44 
2 4 95 5 95 
2 5 15 1 24 
4 3 92 2 95 1 99 5 92 
2 3 89 4 96 
4 2 34 4 63 3 66 5 44 
3 2 15 3 38 5 39 
4 4 96 1 98 5 98 2 96 
3 4 43 2 45 5 94 
2 3 20 5 35 
4 5 19 4 32 2 28 1 47 
4 1 36 2 43 3 78 4 38 
4 4 77 1 82 2 81 3 82 
3 4 60 3 68 1 99 
4 2 91 1 95 5 92 3 92 
3 1 3 4 7 2 7 
3 3 34 4 76 2 48 
4 4 69 2 69 5 87 1 76 
3 4 53 2 79 3 93 
4 4 64 5 90 2 73 1 74 
4 1 78 3 82 5 90 4 87 
4 2 69 4 93 3 90 1 77 
2 4 33 5 90 
3 1 59 5 63 2 63 
3 3 71 4 90 2 80 
4 5 33 2 61 1 91 3 43 
4 4 12 5 20 3 31 2 20 
4 3 57 1 57 2 60 4 91 
4 5 66 3 70 1 99 4 66 
2 1 38 2 85 
3 3 34 1 98 5 63 
2 1 77 2 93 
4 1 63 3 93 4 78 2 85 
3 2 58 1 96 5 64 
3 2 1 4 1 3 3 
3 5 83 3 96 4 88 
4 3 44 1 67 4 48 5 97 
4 1 86 4 98 2 97 3 98 
4 1 28 2 64 5 52 4 55 
4 1 90 4 98 3 95 2 98 
4 4 28 3 71 5 52 1 39 
2 5 84 3 94 
4 3 23 5 27 2 61 4 62 
4 2 63 3 89 5 72 4 81 
4 3 44 5 54 2 98 1 51 
2 4 77 1 86 
4 2 9 4 14 3 14 1 25 
4 5 94 1 98 3 98 2 95 
3 5 71 4 87 3 97 
4 2 65 5 97 4 79 1 77 
3 1 24 3 46 2 63 
4 5 87 4 88 3 99 1 94 
3 3 22 5 32 2 24 
2 5 56 3 78 
3 4 46 3 74 2 72 
2 1 89 2 90 
3 1 56 2 78 4 77 
2 2 58 3 85 
2 4 77 1 82 
4 4 47 5 54 1 54 3 78 
3 1 7 3 9 5 11 
2 2 60 5 94 
4 4 34 5 49 3 83 1 55 
2 1 9 5 11 
4 2 58 1 79 3 89 5 76 
4 4 17 3 35 2 34 5 49 
3 4 66 5 84 3 68 
2 1 36 5 50 
4 1 97 5 98 2 97 4 97 
3 5 40 3 45 1 45 
4 5 9 2 17 4 15 3 12 
2 4 97 2 99 
4 3 74 4 97 2 97 1 88 
2 3 80 1 92 
2 3 18 5 42 
2 4 96 3 98 
2 2 62 3 98 
2 2 18 1 19 
4 1 97 5 97 2 99 4 97 
3 4 32 3 65 1 56 
4 4 39 1 46 5 55 3 68 
3 5 63 1 86 2 97 
2 3 47 5 74 
4 4 92 1 97 3 99 5 98 
2 5 36 3 64 
4 2 27 3 71 5 66 1 72 
2 2 63 1 63 
3 2 42 4 58 1 73 
3 2 43 1 46 5 69 
4 3 97 4 99 1 99 5 97 
2 2 82 4 82 
3 3 19 1 24 4 25 
4 5 43 1 84 4 86 2 69 
2 4 52 5 70 
4 5 45 1 65 3 64 2 46 
2 3 13 5 34 
4 5 81 1 98 2 99 3 84 
3 3 10 4 27 2 30 
2 2 36 3 50 
3 3 69 1 81 5 84 
2 4 96 5 97 
3 3 16 2 33 4 35 
4 1 46 4 72 5 50 3 57 
3 2 3 4 6 3 7 
2 5 93 3 96 
4 5 4 4 6 1 11 2 4 
3 2 54 4 97 1 84 
4 1 86 4 95 5 99 3 96 
2 5 96 3 99 
2 2 71 3 85 
2 3 63 2 67 
3 5 46 2 59 3 59 
4 2 60 5 92 4 90 3 67 
4 5 10 4 28 1 22 3 13 
2 4 2 5 5 
2 2 40 4 77 
4 1 40 4 95 3 54 2 40 
4 2 94 1 98 4 98 5 99 
4 2 24 3 59 5 41 1 32 
2 4 2 3 2 
3 4 10 3 12 1 21 
3 1 84 2 85 4 97 
4 2 88 3 91 1 90 5 96 
2 3 49 2 70 
2 2 16 1 40 
3 2 31 1 61 3 42 
2 5 68 3 73 
4 4 21 5 31 1 54 3 46 
4 4 24 2 27 5 27 1 63 
3 1 8 2 11 4 15 
3 3 88 5 91 1 90 
3 4 97 1 98 2 97 
4 4 33 3 69 5 89 2 68 
4 5 93 4 98 2 99 1 98 
2 1 83 3 98 
2 1 16 4 17 
4 5 45 4 63 3 59 1 99 
2 4 2 1 4 
3 1 43 3 97 2 61 
3 1 93 4 97 3 98 
4 2 68 1 84 4 90 3 94 
4 3 71 5 79 1 76 4 84 
3 2 64 5 68 4 77 
2 1 40 5 54 
