428 344 15
1 2
2 3
3 4
4 5
5 6
6 7
7 8
8 9
9 10
10 11
11 12
12 13
13 14
14 15
15 16
16 17
16 21
16 25
17 18
18 19
19 20
21 22
22 23
23 24
25 26
26 27
27 28
29 30
30 31
31 32
31 38
31 44
32 33
33 34
34 35
35 36
36 37
37 50
38 39
39 40
40 41
41 42
42 43
43 50
44 45
45 46
46 47
47 48
48 49
49 50
57 58
57 69
58 59
59 60
60 61
61 62
62 63
63 64
64 65
65 66
66 67
67 68
68 80
69 70
70 71
71 72
72 73
73 74
74 75
75 76
76 77
77 78
78 79
79 80
85 86
85 87
85 88
86 89
87 89
88 89
111 112
112 113
113 114
114 115
115 116
116 117
117 118
118 119
119 120
120 121
121 122
122 123
123 124
124 125
125 126
126 127
127 128
128 129
129 130
130 131
130 134
131 132
132 133
134 135
135 136
137 138
137 145
137 152
138 139
139 140
140 141
141 142
142 143
143 144
144 159
145 146
146 147
147 148
148 149
149 150
150 151
151 159
152 153
153 154
154 155
155 156
156 157
157 158
158 159
159 160
160 161
165 166
166 167
167 168
168 169
169 170
170 171
171 172
172 173
173 174
174 175
175 176
176 177
177 178
178 179
179 180
180 181
181 182
182 183
183 184
184 185
185 186
186 187
187 188
187 189
190 191
191 192
192 193
193 194
194 195
195 196
196 197
196 208
197 198
198 199
199 200
200 201
201 202
202 203
203 204
204 205
205 206
206 207
208 209
209 210
210 211
211 212
212 213
213 214
214 215
215 216
216 217
217 218
219 220
220 221
221 222
222 223
223 224
224 225
225 226
226 227
227 228
228 229
229 230
230 243
231 232
232 233
233 234
234 235
235 236
236 237
237 238
238 239
239 240
240 241
241 242
242 243
243 244
244 245
245 246
246 247
248 249
248 259
249 250
250 251
251 252
252 253
253 254
254 255
255 256
256 257
257 258
258 269
259 260
260 261
261 262
262 263
263 264
264 265
265 266
266 267
267 268
268 269
274 275
274 276
275 277
276 277
300 301
301 302
302 303
303 304
304 305
305 312
306 307
307 308
308 309
309 310
310 311
311 312
312 313
313 314
314 315
315 316
316 317
317 318
318 319
319 320
320 321
321 322
322 323
323 324
325 326
326 327
327 328
328 329
329 330
330 331
331 332
332 341
333 334
334 335
335 336
336 337
337 338
338 339
339 340
340 341
341 342
342 343
343 344
344 345
345 346
346 347
347 348
348 349
349 350
351 352
351 353
351 354
352 355
353 355
354 355
355 356
378 379
379 380
380 381
381 382
382 393
383 384
384 385
385 386
386 387
387 393
388 389
389 390
390 391
391 392
392 393
393 394
394 395
395 396
396 397
397 398
398 399
399 400
400 401
401 402
403 404
403 412
403 420
404 405
405 406
406 407
407 408
408 409
409 410
410 411
411 428
412 413
413 414
414 415
415 416
416 417
417 418
418 419
419 428
420 421
421 422
422 423
423 424
424 425
425 426
426 427
427 428
10 14 18 12 38 7 43 15 20 4 46 8 41 9 52 1 23 11 50 2 50 
7 10 43 14 58 6 91 13 51 3 79 4 52 12 59 
6 12 82 15 85 14 94 5 82 3 86 13 89 
7 4 95 9 97 3 97 10 97 13 96 1 99 11 97 
8 13 13 1 24 7 25 10 15 15 29 5 21 14 24 3 28 
8 9 70 4 86 14 87 8 72 12 91 11 70 7 71 1 81 
11 8 74 2 81 11 85 6 77 7 96 9 86 10 74 15 87 4 82 12 83 13 91 
10 14 29 9 44 3 54 8 68 11 52 7 39 10 56 15 58 4 53 1 65 
8 12 28 2 42 11 56 15 42 8 53 7 56 10 70 5 39 
7 15 69 1 83 13 94 3 93 9 91 14 96 10 75 
11 2 39 15 94 14 94 3 61 4 40 6 82 8 67 11 85 10 64 9 60 5 39 
11 8 81 6 81 4 88 10 89 9 94 3 91 5 90 1 94 2 92 15 84 14 87 
5 12 52 2 93 8 63 11 93 10 66 
6 12 56 15 79 7 91 10 58 2 68 4 74 
7 2 57 4 81 13 67 6 57 12 59 9 71 15 77 
5 9 61 12 99 1 66 14 74 15 62 
7 6 41 12 86 14 66 5 79 10 77 11 64 15 98 
6 8 21 1 46 12 59 10 22 15 33 4 62 
5 1 70 15 87 3 92 4 77 14 89 
10 12 17 8 47 2 18 7 19 5 21 6 22 10 17 4 33 14 21 3 50 
10 6 97 12 99 15 98 7 99 5 97 1 98 14 97 2 99 8 99 9 99 
11 9 36 5 93 6 84 2 55 15 96 1 87 13 79 14 36 3 99 4 98 10 99 
6 4 74 10 96 13 78 14 91 8 79 1 99 
11 4 47 13 60 14 80 7 69 8 96 15 81 3 77 11 76 12 82 2 47 1 48 
10 15 37 2 93 1 69 5 87 4 76 6 88 7 90 11 82 9 55 14 98 
7 4 31 11 33 13 32 8 33 9 87 10 77 12 47 
5 2 76 5 96 6 98 13 82 15 87 
5 10 7 9 7 4 14 8 15 12 11 
7 2 16 13 29 6 47 9 42 14 48 11 39 8 29 
5 9 55 5 85 14 61 7 87 8 69 
10 13 55 10 57 8 93 7 58 14 72 9 91 2 72 15 82 1 87 12 66 
9 13 74 15 91 1 98 9 85 11 82 10 78 14 85 2 93 8 79 
10 7 62 15 62 4 91 2 92 8 70 12 92 13 91 6 95 5 77 10 99 
7 4 28 11 65 2 34 13 65 6 70 15 68 14 72 
11 13 75 1 76 3 92 11 81 7 80 14 98 2 77 15 92 9 86 12 98 6 86 
6 12 33 3 90 14 73 10 50 7 72 13 39 
10 6 59 1 74 12 69 4 95 11 66 2 67 3 70 13 94 9 59 14 80 
7 9 97 3 99 13 97 10 97 2 97 12 97 7 98 
6 8 88 5 88 4 92 10 99 1 89 13 92 
7 11 93 6 99 14 96 10 98 12 97 8 94 13 93 
11 11 64 5 89 12 85 13 86 4 96 6 96 1 74 7 82 15 99 9 75 10 71 
8 8 4 12 4 15 10 13 10 14 4 11 9 10 6 4 7 
7 5 27 11 34 9 62 2 77 3 63 14 53 7 35 
11 11 49 7 52 10 78 9 56 5 75 8 53 2 92 1 51 6 74 12 79 4 95 
11 14 30 5 50 11 41 15 64 4 90 7 71 10 45 2 89 3 49 13 51 9 56 
9 10 83 8 97 15 96 11 83 12 87 1 93 2 87 4 98 6 94 
9 7 10 12 11 15 21 9 21 10 12 8 28 14 10 2 14 5 27 
8 9 63 10 80 13 91 4 74 3 92 5 70 15 86 11 84 
7 3 22 8 26 13 43 6 49 2 23 12 35 9 41 
11 5 36 8 90 2 80 13 47 11 79 12 90 6 61 4 50 1 87 15 67 10 95 
8 5 5 13 8 8 10 4 13 3 9 11 11 7 15 1 14 
5 7 57 6 98 8 67 10 78 3 70 
9 11 98 3 99 15 98 1 98 5 98 10 99 13 99 4 99 8 99 
9 7 66 9 92 14 76 13 81 2 93 8 85 4 82 5 87 6 81 
9 6 6 10 16 11 7 14 8 5 10 13 15 9 12 7 10 4 9 
7 3 29 5 36 10 32 9 83 1 52 2 32 8 46 
11 2 53 1 78 10 57 8 90 6 74 15 69 5 67 13 73 12 91 7 78 14 95 
6 9 45 7 76 15 68 12 48 8 51 5 54 
8 1 30 4 83 7 59 3 60 15 30 5 45 8 54 9 58 
7 10 5 13 10 6 6 1 11 9 12 7 7 11 14 
8 3 30 10 90 13 56 6 30 4 52 8 61 11 69 14 87 
5 8 39 15 47 7 92 3 67 2 86 
8 12 11 13 23 6 26 15 29 9 17 3 17 5 17 2 22 
6 12 8 10 13 3 24 6 17 5 17 4 20 
5 6 87 10 89 3 89 7 92 9 92 
6 11 1 15 2 2 1 4 3 1 1 12 2 
11 8 96 4 96 15 97 14 97 5 98 10 97 9 97 12 96 6 96 7 96 3 97 
9 5 28 4 60 7 64 14 35 1 45 2 71 10 51 3 43 9 66 
10 3 20 11 54 6 34 5 26 10 26 12 41 13 47 4 38 14 21 2 49 
7 6 37 3 38 2 60 15 69 11 40 12 45 10 44 
8 11 2 2 5 9 5 12 4 14 3 5 3 3 5 15 5 
8 5 80 9 94 3 91 2 93 15 97 13 99 12 92 7 92 
5 4 43 3 47 9 99 6 52 14 80 
5 3 73 14 78 7 97 11 84 9 77 
5 8 40 9 88 10 81 12 57 2 65 
8 13 89 8 95 5 99 11 94 7 92 10 99 6 92 15 89 
9 14 46 1 65 6 77 9 54 13 99 8 92 3 63 10 68 15 66 
6 1 58 12 78 6 59 5 58 2 72 10 97 
8 13 89 14 93 3 93 2 97 1 93 5 94 12 90 4 94 
7 15 86 10 94 8 96 7 88 4 88 2 92 13 87 
8 7 62 5 71 11 74 4 76 1 66 2 81 6 68 13 92 
10 7 24 2 40 13 42 8 42 4 54 1 59 9 36 3 36 14 45 6 72 
9 7 4 4 10 6 8 10 8 8 5 9 4 1 5 3 7 2 7 
11 14 27 8 57 12 41 4 54 15 72 13 50 11 62 3 47 10 31 9 41 6 30 
6 4 72 5 94 9 93 12 99 14 98 2 86 
6 2 17 5 41 12 30 9 22 3 32 15 48 
11 7 76 9 76 13 77 6 97 15 79 2 84 10 87 8 89 14 88 12 98 3 77 
7 11 13 6 32 12 20 7 27 15 19 10 30 14 35 
10 10 18 11 51 5 35 4 26 12 37 6 27 8 22 15 21 1 24 3 26 
11 14 97 1 98 11 99 6 99 7 99 3 98 9 97 10 97 4 99 12 98 8 98 
9 5 22 12 58 3 26 14 33 9 52 4 41 8 41 2 27 11 23 
11 9 51 1 90 7 62 4 67 10 98 13 74 8 94 5 79 6 89 14 53 2 92 
9 14 58 13 86 15 87 8 99 3 67 2 89 5 93 6 87 4 97 
11 14 61 6 73 2 75 1 65 4 88 13 73 15 92 12 86 10 85 11 83 9 95 
10 13 8 4 12 7 13 3 24 1 24 9 19 8 20 15 11 14 11 11 18 
5 8 77 14 79 5 95 11 84 7 87 
10 4 72 7 89 2 93 12 84 10 74 14 78 8 90 1 80 6 87 11 83 
7 6 26 15 45 14 40 3 55 8 40 2 52 1 76 
6 15 30 13 55 12 44 6 36 3 41 4 90 
5 12 66 9 90 8 80 15 88 14 70 
7 12 84 14 84 10 98 3 99 15 89 6 90 5 89 
11 7 13 1 27 14 14 13 38 12 36 3 14 8 37 5 38 15 29 6 31 10 16 
11 15 64 7 91 14 84 2 80 12 95 6 87 8 82 5 69 9 98 11 64 4 65 
10 4 76 10 88 8 88 2 80 7 76 12 97 5 85 3 79 11 82 6 88 
11 7 38 3 84 9 74 11 90 8 79 14 39 1 48 10 49 15 56 5 96 12 60 
9 15 96 8 96 4 98 10 98 3 97 13 99 1 98 11 98 2 97 
10 9 9 1 16 10 23 11 23 4 19 15 10 7 9 8 24 2 22 6 26 
8 5 20 3 59 14 59 2 28 9 57 11 28 15 35 12 32 
8 11 97 14 99 8 99 10 97 1 99 3 98 2 99 7 99 
8 15 95 13 99 8 96 14 96 4 96 1 98 5 96 12 98 
7 12 51 13 66 9 60 1 93 14 65 5 77 7 94 
11 3 50 2 58 13 86 1 79 10 73 6 77 8 76 9 97 11 96 12 92 7 62 
7 1 64 15 82 8 91 4 79 2 89 14 82 7 93 
11 7 41 3 45 6 91 5 41 4 63 14 93 11 60 15 83 13 72 9 90 2 90 
11 3 4 2 5 12 10 6 12 11 5 8 5 9 12 4 6 14 7 13 4 5 12 
9 6 4 7 6 3 7 2 5 15 7 14 12 4 12 10 12 11 9 
11 13 68 11 83 3 89 6 88 9 98 12 98 2 98 8 98 15 91 10 76 1 69 
7 9 95 1 97 15 95 6 98 4 99 7 98 2 95 
8 13 56 12 69 11 92 15 58 4 98 2 82 10 78 6 87 
8 6 65 14 79 11 92 13 73 15 87 9 73 7 69 3 80 
6 12 55 9 56 11 73 3 87 13 70 1 71 
6 3 47 4 80 5 99 13 54 15 83 6 69 
9 6 50 12 92 7 53 3 88 13 70 4 61 10 75 2 84 15 96 
11 4 75 10 98 14 85 8 83 15 87 1 83 9 97 3 80 13 95 5 79 7 94 
8 2 10 1 10 14 23 7 18 12 19 3 16 6 26 13 14 
10 8 65 6 99 3 83 15 81 7 82 5 71 4 72 11 76 13 89 14 78 
7 13 51 11 99 2 65 9 58 12 58 7 62 14 70 
6 14 56 9 66 5 64 15 89 6 87 7 90 
5 11 94 10 94 13 94 5 97 15 94 
11 6 91 7 98 15 98 9 96 2 92 5 91 4 94 1 95 11 97 13 91 8 96 
9 12 59 2 64 5 75 3 76 14 68 4 63 1 74 9 82 11 99 
8 4 2 5 4 14 5 12 6 10 6 7 6 1 6 15 6 
5 6 19 13 52 9 44 3 56 4 55 
9 13 83 6 86 2 84 8 87 10 97 11 86 15 96 12 85 1 83 
5 2 91 6 99 10 91 4 95 7 92 
9 3 51 14 78 11 79 15 87 6 68 9 81 1 94 4 76 8 59 
7 6 25 2 67 13 54 10 46 12 62 15 66 1 34 
7 1 73 4 97 15 96 5 88 12 77 11 84 9 98 
6 9 2 11 5 8 4 3 3 1 4 15 6 
6 7 11 14 19 10 22 3 16 4 21 11 31 
7 12 20 3 41 5 25 10 32 1 27 2 33 4 58 
9 4 65 2 93 15 91 6 97 11 96 10 99 8 98 14 65 5 91 
9 15 85 8 99 10 97 12 89 1 91 4 97 3 99 11 91 13 98 
9 2 31 13 41 12 58 14 52 4 46 15 70 11 36 5 73 10 71 
7 12 19 7 52 13 32 10 21 11 39 2 49 1 40 
7 6 29 14 41 10 36 2 57 9 71 12 64 11 58 
6 6 21 15 30 2 46 9 48 7 61 11 53 
5 2 16 11 33 1 39 4 37 9 28 
7 2 2 14 2 4 2 10 6 13 5 9 6 8 4 
6 9 69 4 79 1 99 14 85 3 79 12 74 
10 6 18 15 26 8 27 11 42 2 22 1 26 10 25 7 40 3 25 4 33 
6 4 16 15 28 12 18 6 19 11 35 13 34 
7 3 43 11 72 12 80 10 81 1 75 14 89 5 63 
9 1 64 14 82 12 76 15 74 9 69 4 86 5 89 3 81 11 92 
9 5 59 10 59 13 88 9 73 7 64 6 87 2 90 4 64 1 86 
7 11 88 13 90 12 92 15 88 1 89 10 98 2 99 
8 7 79 3 82 10 92 11 82 4 80 6 88 15 96 2 93 
7 15 29 11 57 9 81 4 35 6 69 14 33 10 57 
6 6 48 2 98 10 48 13 82 8 96 1 87 
11 6 49 11 67 13 61 10 52 12 78 1 88 4 70 7 70 2 95 8 63 5 95 
10 5 31 14 46 10 62 7 39 6 43 1 51 8 49 4 74 2 90 13 70 
5 11 34 15 77 1 71 8 65 12 48 
9 15 56 1 59 13 66 11 98 14 91 8 74 6 81 7 87 3 89 
6 5 61 3 76 6 72 1 65 11 96 15 88 
7 2 11 13 12 14 26 6 31 4 31 15 13 7 20 
7 14 10 12 28 11 21 7 26 8 15 4 16 1 30 
10 5 25 10 31 11 44 14 69 3 67 7 44 12 65 1 45 8 55 13 28 
11 11 4 1 7 6 11 5 12 9 4 13 12 10 5 15 6 12 6 4 4 14 10 
7 4 92 2 99 14 98 10 99 7 99 6 96 1 95 
10 12 2 11 6 3 4 9 3 5 6 8 5 13 2 1 5 15 5 14 4 
5 4 25 6 51 9 72 11 51 3 63 
10 2 63 7 98 3 77 1 92 13 88 15 84 5 75 12 65 10 67 11 74 
10 1 79 13 83 9 85 10 91 2 88 8 96 15 94 14 99 11 92 7 81 
9 2 71 14 97 11 83 9 89 12 80 7 90 10 86 6 83 1 80 
8 1 82 8 89 5 83 13 94 4 92 7 96 9 90 10 92 
11 12 83 9 98 5 93 15 91 4 96 2 91 1 94 14 94 8 85 3 97 13 95 
6 12 63 14 72 8 93 5 84 15 76 11 71 
10 15 28 11 29 10 28 7 56 3 39 8 42 6 41 9 71 5 60 4 80 
6 9 25 3 33 13 55 12 28 5 38 2 44 
5 9 38 8 44 5 66 15 95 1 51 
10 13 35 3 87 12 57 6 85 15 89 4 83 9 79 8 37 5 66 10 89 
10 15 43 12 88 3 61 8 60 5 61 14 86 10 68 1 91 7 76 6 76 
11 8 40 15 44 3 67 13 52 7 91 12 68 2 49 9 60 14 47 1 65 5 68 
5 12 7 2 13 9 20 4 16 8 19 
9 14 45 3 45 6 84 11 96 7 63 5 98 13 78 15 56 9 58 
9 6 41 8 73 1 96 11 99 13 97 15 46 14 66 3 51 10 42 
8 1 89 2 93 5 93 12 92 9 99 3 99 13 96 14 97 
5 8 23 12 26 1 33 5 35 13 37 
7 7 56 2 60 13 88 14 66 9 64 3 62 1 98 
10 7 99 10 99 14 99 13 99 2 99 15 99 6 99 5 99 9 99 12 99 
5 8 6 1 13 9 6 7 14 12 8 
5 7 18 8 32 12 25 3 24 9 18 
9 2 2 11 6 7 6 10 4 6 3 3 6 8 2 15 5 12 6 
10 13 61 10 74 7 98 3 88 14 81 2 85 11 82 8 83 6 61 1 88 
11 1 46 9 57 14 57 5 86 4 65 7 68 12 88 10 81 2 70 3 73 8 86 
11 15 65 1 84 2 77 4 67 5 92 7 97 9 71 10 69 11 84 3 67 8 88 
10 2 59 4 64 11 76 3 85 14 80 1 61 6 86 9 94 7 70 15 69 
7 14 30 15 34 7 60 4 69 9 66 8 79 13 39 
9 11 7 3 8 15 17 14 8 7 13 6 12 12 11 1 7 10 10 
10 10 12 15 22 9 30 2 27 7 12 14 16 4 20 6 32 8 23 12 29 
10 4 84 10 99 15 91 7 97 9 99 11 99 13 98 1 85 3 88 5 96 
5 3 67 10 98 1 81 14 89 2 98 
5 13 96 8 98 7 98 10 96 4 99 
6 10 12 2 13 15 35 1 28 5 16 13 12 
9 1 91 13 96 4 93 7 96 11 98 5 99 9 93 3 95 12 92 
6 14 43 3 69 2 90 10 56 5 77 11 57 
6 5 6 7 12 14 9 3 16 6 9 13 8 
9 8 87 7 92 1 96 13 98 4 94 11 87 9 96 6 99 5 96 
9 12 30 1 32 10 69 5 70 13 37 14 47 8 89 9 75 3 39 
10 11 23 10 38 8 46 14 32 4 50 15 68 9 44 1 28 12 37 13 37 
10 11 23 12 41 1 49 8 45 6 57 14 52 9 35 3 39 15 68 10 43 
6 5 68 10 85 12 97 2 77 6 71 13 90 
11 1 76 14 87 8 99 3 88 10 84 7 78 6 91 13 92 12 78 9 92 4 86 
11 10 3 13 3 8 9 1 3 5 8 4 7 14 8 9 8 12 4 2 8 6 5 
9 5 78 7 94 13 78 14 85 2 92 4 90 15 94 1 90 12 80 
5 9 29 5 38 14 50 13 47 1 42 
7 7 97 13 97 12 99 3 99 8 98 14 99 9 99 
8 15 76 12 99 9 79 10 99 13 87 3 80 6 77 4 96 
11 2 6 14 15 6 9 8 18 9 12 5 9 15 14 7 17 3 7 4 6 10 14 
11 9 55 2 96 3 66 12 94 14 62 5 89 6 86 13 61 4 59 8 72 7 84 
8 4 84 11 92 7 91 8 84 1 96 13 92 5 84 9 86 
9 5 82 3 87 12 82 10 86 4 89 14 97 8 95 6 94 13 84 
7 4 27 5 68 3 41 8 30 2 38 6 64 12 67 
11 2 3 12 9 5 7 3 9 9 8 11 7 14 9 15 4 13 3 10 8 4 9 
7 15 83 1 95 4 92 7 91 2 93 14 99 13 90 
7 1 39 15 95 14 89 2 72 10 67 9 44 8 90 
9 14 59 3 94 6 96 4 64 15 99 1 63 12 87 5 77 8 60 
8 13 26 12 76 8 26 4 38 3 31 2 36 6 77 11 37 
7 15 8 2 16 5 20 13 21 14 20 7 16 8 21 
8 7 80 1 84 12 83 15 99 3 96 10 99 4 86 2 83 
6 5 25 13 42 14 56 8 39 3 29 2 50 
11 3 35 9 82 11 90 8 65 1 59 4 40 6 82 7 81 5 45 12 74 14 82 
7 2 75 8 92 10 94 4 96 1 86 15 82 7 76 
6 6 38 9 55 10 97 12 79 15 90 1 87 
11 3 30 9 74 8 55 10 35 2 54 1 60 6 49 7 70 14 64 11 35 15 70 
5 13 18 14 24 3 30 8 23 10 42 
9 4 69 6 70 15 70 13 71 10 90 1 86 9 94 5 78 14 78 
10 15 20 6 55 2 51 8 50 1 22 14 46 11 52 13 30 12 59 4 57 
7 15 76 11 78 3 94 13 82 12 95 9 93 10 96 
11 5 8 8 16 10 15 14 16 13 15 1 17 6 22 7 14 9 11 2 20 4 10 
7 7 38 6 96 14 97 4 83 2 63 15 44 9 89 
8 3 8 11 23 13 9 4 18 6 13 2 19 12 14 10 16 
9 9 74 14 79 5 74 10 99 8 95 4 84 3 85 6 89 1 97 
9 10 83 12 85 1 95 6 92 3 84 14 90 9 98 7 86 13 83 
11 1 61 3 69 8 75 12 83 11 79 7 65 10 97 15 88 6 85 9 69 13 77 
5 12 80 7 96 14 90 4 94 13 93 
8 14 57 10 99 15 91 12 65 7 81 6 72 13 94 11 95 
7 8 68 1 99 4 85 7 74 12 86 11 75 15 88 
8 5 70 1 81 2 89 6 96 10 98 12 90 8 85 11 99 
8 14 6 4 10 10 8 12 16 1 12 8 12 11 13 5 10 
8 15 90 4 93 14 98 8 91 7 92 2 97 9 93 1 92 
7 6 69 4 83 8 79 13 87 11 89 7 73 15 70 
10 1 97 6 97 7 99 14 97 5 98 10 98 2 99 13 97 15 97 8 99 
9 10 31 4 65 13 60 7 43 3 79 9 88 11 42 15 92 1 73 
5 9 91 13 91 12 97 11 96 2 97 
7 15 41 6 61 11 95 14 99 10 68 3 75 5 90 
5 15 77 5 87 6 88 14 79 9 83 
10 4 44 7 56 10 98 5 49 8 48 12 67 2 68 15 77 13 95 14 97 
7 1 96 13 99 4 99 15 97 8 99 10 97 7 96 
8 11 65 13 91 9 98 15 72 8 70 6 95 7 98 10 72 
10 14 52 1 89 6 53 10 59 2 63 11 73 15 67 8 78 12 83 5 95 
9 3 53 12 92 10 56 6 98 13 70 4 83 11 91 5 57 15 83 
9 7 53 1 54 14 84 4 54 15 98 6 80 3 83 13 71 12 80 
10 4 82 10 91 6 94 3 85 8 90 13 92 1 96 12 95 7 90 9 86 
8 8 90 10 96 7 93 4 96 14 97 15 92 3 98 6 97 
8 13 69 4 75 9 73 1 75 6 69 12 73 5 88 11 73 
10 3 83 11 92 4 84 1 97 7 89 12 95 6 91 5 93 10 98 15 98 
8 11 13 6 35 14 22 8 20 12 22 4 32 2 27 10 33 
8 9 10 1 17 10 24 12 10 13 24 3 28 2 14 11 10 
8 4 56 10 70 15 85 11 56 9 73 1 86 2 77 12 91 
6 6 76 3 88 13 86 10 85 2 84 8 88 
7 11 79 14 99 1 93 8 86 5 82 3 90 7 81 
8 8 24 15 46 7 65 14 59 3 31 4 60 11 54 2 47 
5 14 81 4 98 1 81 11 89 3 91 
7 12 8 7 15 6 12 15 21 8 18 1 22 13 9 
11 4 8 5 14 6 15 1 15 3 12 2 11 15 19 8 13 9 24 10 23 13 21 
10 7 45 11 95 15 92 3 68 14 76 12 91 4 72 13 80 2 92 10 91 
10 8 25 4 50 1 60 7 52 15 58 14 26 12 58 3 54 6 50 9 64 
11 5 89 12 98 7 95 8 94 11 95 1 90 15 89 9 90 2 92 3 94 13 89 
5 13 13 5 32 8 14 11 17 6 34 
6 6 28 10 29 12 45 9 50 1 42 7 48 
7 1 7 4 14 10 21 2 13 13 20 5 14 11 16 
11 6 74 1 76 9 85 4 86 7 98 3 98 11 95 14 81 12 76 8 91 10 79 
10 8 31 2 31 12 53 6 78 14 84 9 57 4 69 13 47 7 84 15 46 
10 8 65 9 82 4 78 6 84 10 87 7 66 2 76 3 73 12 65 11 81 
5 1 60 3 90 6 98 15 63 10 82 
5 8 38 3 58 5 43 4 66 14 62 
11 1 92 4 92 3 99 15 98 7 95 10 92 11 96 2 95 9 98 8 94 5 96 
9 9 84 1 89 10 88 13 97 2 87 11 97 7 94 12 85 5 94 
5 15 51 13 89 5 53 1 62 12 99 
6 4 2 7 2 9 2 5 4 6 6 1 3 
11 7 26 10 75 15 29 5 37 6 55 1 44 8 54 4 49 11 62 3 76 14 57 
10 14 39 9 56 2 73 6 78 3 44 10 56 5 96 11 75 4 72 1 86 
11 13 61 4 77 2 88 5 67 10 82 9 64 6 76 14 89 1 87 12 82 7 73 
8 2 13 4 35 13 29 12 32 1 35 9 29 11 31 6 18 
6 7 2 3 3 11 4 1 4 9 3 14 2 
8 10 42 4 66 15 81 13 82 12 60 11 49 1 72 9 80 
5 11 13 15 14 6 28 2 21 1 21 
9 7 66 3 68 1 87 12 71 4 80 14 70 10 84 8 81 2 68 
9 5 74 15 90 6 76 14 76 11 92 3 76 13 78 12 96 10 96 
6 15 30 5 70 6 64 11 75 4 47 1 41 
7 13 24 7 30 9 58 4 58 8 45 10 27 12 41 
6 11 23 4 54 14 28 9 57 13 37 5 54 
8 13 93 3 99 4 95 1 97 15 93 7 95 2 97 10 97 
5 5 38 12 59 11 84 10 60 4 75 
11 9 40 1 71 15 53 13 49 3 42 14 41 4 99 2 69 11 84 10 73 5 44 
11 9 54 8 62 11 90 7 55 6 78 10 94 5 65 4 77 1 62 3 77 2 56 
11 6 1 15 2 7 2 1 1 10 1 4 1 3 1 12 1 11 2 2 1 5 3 
5 15 82 5 99 12 98 2 85 1 93 
5 9 84 3 93 6 95 5 91 13 86 
5 10 57 14 61 1 69 7 59 6 92 
11 1 16 14 45 9 45 6 47 2 47 11 47 8 41 7 16 12 38 15 39 5 28 
11 2 15 7 26 3 27 11 20 1 33 14 23 13 38 15 18 10 29 5 26 6 30 
5 2 57 1 59 8 62 10 84 13 75 
6 4 26 9 71 12 54 10 32 2 38 13 64 
11 3 1 10 2 15 2 4 2 5 1 8 1 14 2 1 2 9 2 7 3 11 2 
9 3 39 5 40 11 53 10 45 7 51 13 76 14 97 12 40 2 60 
11 14 28 9 53 8 54 7 69 10 83 1 38 5 34 15 79 12 67 11 51 13 49 
10 15 41 6 89 14 72 7 98 2 66 13 74 12 55 11 79 5 50 10 47 
10 8 58 4 95 3 64 1 90 12 84 10 78 2 73 15 67 13 88 9 67 
11 13 22 10 54 9 51 5 31 12 61 11 29 15 39 2 59 7 63 8 30 4 46 
6 12 36 4 47 13 94 10 59 11 55 8 98 
11 11 82 14 89 15 95 6 84 12 82 2 83 10 94 5 90 1 87 9 99 13 88 
7 14 18 5 28 8 41 6 50 11 35 4 28 12 37 
5 12 46 7 70 4 63 8 64 2 49 
6 13 42 11 94 3 61 12 98 8 93 14 95 
9 10 85 13 93 5 98 1 99 3 91 14 97 15 97 11 93 8 90 
8 7 98 4 98 2 98 10 99 11 99 8 98 13 98 5 99 
11 2 89 6 94 3 95 13 92 10 93 5 89 1 95 9 89 12 96 15 99 7 94 
7 15 80 12 92 5 82 7 99 1 80 8 89 2 89 
11 13 14 9 33 5 18 11 20 1 25 3 40 4 27 12 19 6 15 7 19 8 19 
6 12 23 15 28 9 45 2 44 10 63 3 68 
6 9 31 7 48 5 80 12 58 1 42 14 79 
6 15 13 10 17 11 28 9 16 4 15 13 18 
11 1 84 9 95 8 89 15 97 13 98 11 94 12 95 2 84 5 93 7 98 14 97 
9 1 16 15 19 5 39 10 25 12 34 6 32 4 31 9 28 2 22 
11 5 10 4 10 9 18 1 10 3 21 11 13 15 11 8 15 7 28 14 21 2 22 
8 11 34 14 38 7 73 10 90 6 71 15 87 13 70 2 49 
9 14 14 6 16 3 19 2 31 4 19 5 41 13 18 12 37 9 38 
10 4 22 3 30 9 54 1 65 15 46 8 43 11 34 5 63 2 52 14 43 
7 14 64 12 77 4 64 3 86 5 94 2 97 6 83 
6 1 14 15 35 2 41 14 18 3 29 13 42 
6 12 45 6 80 2 78 10 88 9 77 4 70 
5 1 28 9 71 11 84 8 69 3 61 
11 12 85 6 89 15 96 5 90 8 99 10 94 13 85 7 86 9 86 2 91 4 89 
5 7 86 13 91 5 99 15 93 8 98 
8 10 47 12 94 13 58 6 97 1 94 7 98 9 89 14 56 
11 14 4 3 12 13 5 4 5 11 9 10 8 8 5 9 8 7 4 6 11 2 10 
7 15 41 4 91 8 69 10 92 2 95 14 72 13 52 
8 4 76 14 76 6 87 13 89 3 93 15 94 7 82 5 94 
6 11 1 12 1 3 2 1 2 8 2 9 1 
11 2 41 8 56 15 66 1 97 11 56 4 71 6 42 9 94 10 58 3 80 12 72 
5 12 78 7 97 15 86 1 86 10 99 
11 4 98 6 98 15 99 3 99 11 99 5 99 1 98 2 98 10 99 9 98 12 99 
10 13 6 8 18 15 9 9 17 3 9 10 11 11 9 4 15 7 12 1 13 
11 14 65 7 77 8 82 11 80 10 86 3 66 4 65 9 78 2 88 6 69 12 91 
8 3 42 7 68 1 57 6 71 5 56 2 52 14 65 13 89 
10 12 7 9 13 6 20 3 20 5 14 10 11 11 12 1 13 7 15 13 14 
8 6 80 7 86 1 80 10 93 9 98 13 81 8 87 15 82 
10 11 64 1 92 6 69 5 69 9 77 14 75 12 98 15 69 10 90 13 83 
5 13 17 15 17 14 33 5 34 9 42 
8 15 52 5 74 13 90 6 60 12 85 8 83 11 63 3 57 
7 15 71 10 80 6 75 14 81 7 77 3 76 4 86 
8 10 37 8 61 7 73 15 52 13 63 11 44 4 48 3 96 
8 6 25 3 45 4 67 12 35 1 45 2 51 13 69 9 58 
6 13 23 1 41 15 67 6 46 5 43 12 55 
10 2 7 15 14 10 16 11 7 14 17 6 17 13 16 5 7 1 17 8 18 
8 14 61 2 62 13 65 12 71 11 73 8 80 15 87 5 67 
9 6 84 10 86 1 89 13 87 15 91 5 93 2 89 11 95 14 88 
6 6 6 4 8 5 13 9 6 12 9 1 10 
5 11 94 10 97 1 98 14 94 4 95 
7 2 66 4 90 1 80 11 78 5 90 9 81 10 96 
9 6 86 14 87 11 89 8 88 10 94 3 92 2 95 12 90 1 94 
5 4 33 1 59 8 69 2 74 7 81 
7 14 69 13 90 4 98 15 88 3 95 9 77 8 95 
6 10 90 8 99 5 91 12 92 3 95 6 95 
10 11 50 15 96 10 56 2 82 4 60 5 59 12 72 14 65 13 58 9 81 
10 1 16 6 35 11 30 15 30 5 36 9 29 3 28 14 27 2 44 13 43 
7 4 71 2 99 3 74 12 76 10 96 8 89 15 79 
11 6 27 10 78 15 48 5 32 2 76 4 64 9 53 8 32 12 47 11 78 1 50 
10 12 31 14 77 6 57 8 66 15 86 9 68 11 51 7 54 13 36 1 73 
5 10 40 5 54 4 79 15 70 12 94 
11 8 51 4 74 3 83 7 97 1 60 14 65 15 72 6 60 9 76 2 81 10 97 
5 15 84 11 92 5 89 4 95 6 86 
5 3 70 10 89 15 73 13 88 5 94 
5 12 98 1 99 10 98 11 99 4 98 
7 11 27 12 52 15 66 5 69 10 38 14 40 1 67 
10 1 46 13 77 15 72 11 90 7 72 4 64 2 73 5 94 12 48 8 54 
8 8 79 1 87 5 81 11 96 14 84 4 81 7 97 9 87 
11 1 50 10 77 7 73 12 90 3 82 5 62 13 70 4 83 11 91 14 94 9 50 
9 10 70 13 91 4 78 14 86 2 85 5 75 1 92 9 70 3 88 
7 14 30 7 44 2 64 8 46 4 40 10 43 6 85 
7 1 53 2 86 4 71 5 78 6 62 7 56 9 76 
9 3 21 11 49 12 37 14 29 9 59 6 23 7 34 8 37 2 46 
5 2 79 3 93 11 99 9 84 15 88 
7 13 60 15 61 10 67 1 60 11 68 14 63 12 90 
11 10 5 5 6 8 6 1 14 13 5 2 7 11 8 14 14 4 12 6 7 12 10 
9 13 79 14 90 10 86 12 89 4 81 7 96 11 99 9 91 5 96 
9 2 10 11 26 1 14 10 30 6 12 13 11 5 25 12 17 9 18 
9 5 27 4 65 11 78 3 53 15 57 1 76 2 27 8 56 14 79 
8 6 29 2 65 4 70 1 44 5 62 7 71 11 59 14 43 
7 11 51 8 72 6 92 4 93 13 77 10 66 9 72 
7 15 42 5 98 6 94 7 91 12 70 2 75 11 55 
11 7 79 15 85 9 81 13 91 5 94 4 88 3 95 6 79 12 81 8 85 11 87 
10 14 88 10 92 4 88 3 95 11 98 9 89 1 97 8 94 7 92 5 88 
9 10 70 2 80 3 84 14 89 1 95 12 90 9 88 13 75 15 70 
10 12 52 5 98 11 57 4 94 7 96 9 98 2 97 15 95 14 58 13 72 
5 13 74 1 80 11 80 6 87 12 76 
10 5 53 15 57 2 97 6 61 8 69 11 70 7 94 12 59 14 58 13 81 
10 6 66 5 73 14 87 13 96 1 70 2 75 10 75 7 73 12 68 8 84 
6 8 2 13 5 1 5 4 5 11 4 6 5 
5 13 92 4 95 10 93 8 94 9 95 
7 7 50 1 79 6 52 12 82 14 71 10 69 5 53 
5 1 62 11 74 8 63 15 95 6 96 
6 9 24 11 45 8 63 7 55 4 40 13 44 
8 10 34 1 43 8 78 2 73 4 46 9 82 6 92 12 77 
8 11 19 8 54 12 40 2 48 15 57 1 49 5 32 10 34 
5 8 4 5 7 3 7 10 6 12 7 
10 2 2 3 5 14 4 7 6 12 3 10 3 4 4 5 5 8 6 15 3 
5 2 31 8 76 3 75 9 66 12 75 
8 8 71 4 98 6 94 15 89 9 98 7 86 3 92 12 97 
5 2 25 6 27 8 69 14 49 9 54 
6 4 84 15 96 10 94 7 97 9 96 14 90 
10 8 42 3 98 13 42 9 74 2 54 12 45 5 97 10 84 15 59 14 87 
11 14 62 10 77 1 74 8 96 15 84 3 91 2 70 12 77 13 89 9 64 5 96 
10 15 27 14 74 2 36 1 67 6 67 10 73 9 75 12 54 7 67 8 73 
11 11 56 2 62 7 87 14 93 5 65 1 59 12 58 13 97 8 72 9 65 3 64 
7 13 25 7 40 2 69 11 73 4 31 1 33 5 75 
