428 345 10
1 4
2 4
3 4
4 5
5 6
6 7
7 8
8 9
9 10
10 11
11 12
12 13
13 14
14 15
15 16
16 17
17 18
18 19
19 20
20 21
21 22
22 23
23 24
24 25
25 26
26 27
27 28
29 30
30 31
31 32
31 34
31 36
32 33
33 38
34 35
35 38
36 37
37 38
54 55
55 56
56 57
57 58
58 59
59 66
60 61
61 62
62 63
63 64
64 65
65 66
66 67
67 68
68 69
69 70
70 71
71 72
72 73
73 74
74 75
75 76
76 77
77 78
79 80
80 81
81 82
82 83
83 84
84 85
85 86
86 87
87 88
88 89
89 90
90 91
91 92
91 99
92 93
93 94
94 95
95 96
96 97
97 98
99 100
100 101
101 102
102 103
103 104
104 105
106 107
106 108
106 109
107 110
108 110
109 110
110 111
111 112
131 132
131 140
131 148
132 133
133 134
134 135
135 136
136 137
137 138
138 139
139 156
140 141
141 142
142 143
143 144
144 145
145 146
146 147
147 156
148 149
149 150
150 151
151 152
152 153
153 154
154 155
155 156
156 157
157 158
159 160
160 161
161 162
162 163
163 164
164 165
165 166
166 167
167 168
168 169
169 170
170 171
171 172
172 173
173 174
174 175
174 181
175 176
176 177
177 178
178 179
179 180
181 182
182 183
183 184
184 185
185 186
187 188
188 191
189 190
190 191
191 192
192 193
193 194
194 195
195 196
196 197
197 198
198 199
199 200
200 201
201 202
202 203
203 204
204 205
205 206
206 207
207 208
208 209
209 210
210 211
211 212
212 213
213 214
215 216
216 217
217 218
218 219
219 220
220 221
221 222
222 223
223 224
224 225
225 226
226 227
227 228
228 229
229 230
230 231
231 232
232 233
233 234
234 235
235 236
236 237
237 238
237 240
238 239
240 241
242 243
242 254
243 244
244 245
245 246
246 247
247 248
248 249
249 250
250 251
251 252
252 253
253 265
254 255
255 256
256 257
257 258
258 259
259 260
260 261
261 262
262 263
263 264
264 265
268 269
269 270
270 271
271 272
272 273
273 274
274 275
275 276
276 277
277 278
278 279
279 280
280 281
281 282
282 283
283 284
284 285
285 286
286 287
286 290
286 293
287 288
288 289
290 291
291 292
293 294
294 295
296 297
297 298
298 299
299 300
300 301
301 302
302 303
303 304
304 305
305 306
306 307
307 308
308 309
309 310
310 311
311 312
312 313
313 314
314 315
315 316
316 317
317 318
318 319
318 320
321 322
321 323
322 324
323 324
347 348
347 352
348 349
349 350
350 351
351 356
352 353
353 354
354 355
355 356
356 357
376 377
377 378
378 385
379 380
380 381
381 385
382 383
383 384
384 385
385 386
386 387
387 388
388 389
389 390
390 391
391 392
392 393
393 394
394 395
395 396
396 397
397 398
398 399
399 400
400 401
402 403
403 404
403 415
404 405
405 406
406 407
407 408
408 409
409 410
410 411
411 412
412 413
413 414
414 426
415 416
416 417
417 418
418 419
419 420
420 421
421 422
422 423
423 424
424 425
425 426
5 1 37 10 70 5 94 8 48 2 74 
4 3 72 2 89 9 86 5 94 
7 2 72 7 75 3 72 8 91 1 73 6 93 10 85 
6 10 73 9 73 7 82 6 82 8 76 5 82 
5 5 97 6 99 10 99 9 97 7 99 
3 6 56 7 66 10 56 
7 4 83 9 96 7 86 1 89 2 93 6 97 8 85 
3 2 64 1 81 6 80 
4 9 16 3 38 4 33 1 30 
3 3 30 5 73 8 89 
4 5 7 8 19 9 9 2 8 
7 9 18 8 53 4 23 3 30 1 29 6 49 2 33 
4 1 53 5 84 10 59 9 95 
5 8 88 5 92 2 91 6 96 10 93 
5 6 98 9 98 4 99 5 98 1 98 
7 7 89 6 97 9 98 10 98 3 94 4 99 5 98 
3 10 23 8 47 7 44 
7 1 76 5 81 6 85 9 83 7 91 10 80 4 96 
4 7 59 2 70 8 98 3 63 
6 8 75 9 77 10 98 2 91 3 79 5 85 
5 5 84 4 92 8 85 1 85 6 95 
4 1 5 2 15 9 15 4 10 
7 4 25 8 35 9 64 5 31 6 25 7 55 2 46 
6 2 28 7 56 8 44 10 32 3 56 6 41 
5 9 48 1 59 2 90 10 67 5 78 
3 10 51 8 72 2 96 
7 9 62 5 83 6 81 10 65 8 89 2 73 4 74 
3 7 30 6 71 8 37 
4 3 75 9 76 4 96 8 87 
6 10 24 6 61 2 42 1 25 8 26 3 40 
6 8 5 3 13 6 13 5 14 1 6 7 12 
7 1 32 4 75 8 44 9 57 10 90 6 43 2 53 
3 5 64 2 67 10 68 
6 6 60 9 74 1 87 4 99 2 73 3 73 
6 4 93 7 97 10 95 6 93 3 96 8 97 
6 9 99 6 99 2 99 7 99 4 99 5 99 
5 8 20 7 44 4 30 10 23 2 34 
7 4 96 10 99 8 98 2 98 6 96 5 97 3 96 
3 6 99 9 99 4 99 
6 6 6 1 16 10 13 8 12 2 17 7 16 
4 5 93 6 94 4 98 10 93 
4 3 98 1 99 10 99 7 98 
4 10 49 6 71 4 68 3 76 
6 6 37 8 54 3 60 10 56 2 94 9 47 
7 7 11 3 26 2 33 5 32 1 22 10 24 8 21 
6 10 93 3 98 9 99 4 93 2 98 7 99 
6 8 35 2 54 10 98 6 87 7 83 5 62 
5 2 11 1 17 7 21 4 12 8 26 
5 10 90 4 95 9 91 6 99 2 95 
5 3 95 9 95 1 97 4 95 2 97 
4 2 15 7 43 9 18 8 27 
5 1 62 6 93 4 82 9 97 5 85 
6 4 53 1 69 6 84 2 95 10 96 9 71 
7 7 40 10 77 6 57 5 94 3 94 9 47 4 65 
6 6 91 1 96 8 93 4 93 10 96 7 91 
4 5 37 9 42 6 46 4 61 
7 4 81 5 93 3 87 7 90 10 97 9 83 8 87 
6 3 16 10 48 7 36 6 29 8 29 1 24 
4 4 76 2 80 10 96 1 83 
4 6 9 2 16 4 17 10 17 
7 5 68 9 78 10 83 6 99 1 89 7 76 2 98 
6 8 53 1 77 7 56 5 81 3 71 9 67 
5 8 17 6 37 5 17 10 48 2 49 
6 5 86 2 97 3 93 8 89 7 90 6 93 
6 8 3 10 8 2 4 4 9 9 7 7 6 
5 3 40 2 54 9 54 7 89 8 49 
3 1 21 5 56 7 58 
6 9 68 1 83 6 82 10 99 7 91 5 92 
3 1 68 10 90 2 92 
4 7 90 8 99 10 92 9 99 
3 5 36 1 69 2 53 
5 1 55 2 72 6 57 10 55 9 76 
5 1 73 4 88 5 81 9 97 8 74 
6 6 67 5 80 9 81 1 84 10 91 7 77 
3 10 14 2 31 5 30 
6 4 86 1 86 9 93 8 98 2 89 5 87 
3 2 56 7 57 1 69 
4 9 59 4 89 6 70 8 67 
3 9 99 4 99 3 99 
7 9 16 6 32 2 46 5 18 1 46 10 25 7 21 
4 4 2 2 5 10 3 5 5 
3 5 96 6 96 9 96 
6 9 26 8 26 7 52 4 56 3 53 6 28 
7 9 27 7 76 5 57 8 36 4 77 10 51 6 29 
5 7 1 4 2 5 1 10 3 3 3 
4 10 88 2 95 6 97 1 94 
4 9 21 3 24 5 26 8 22 
3 10 93 5 95 2 96 
6 6 3 4 5 10 8 9 8 1 7 7 8 
3 10 53 1 83 9 63 
7 9 53 4 64 6 81 7 93 2 83 3 76 1 87 
6 7 43 9 84 1 62 6 57 8 87 2 99 
4 10 92 1 96 7 93 9 94 
4 3 81 1 81 7 96 10 98 
5 2 46 4 75 9 80 7 75 3 65 
5 2 14 5 16 8 16 3 29 6 23 
7 2 50 6 92 8 89 3 78 9 83 4 83 1 69 
6 10 61 6 68 7 91 2 70 3 65 9 73 
7 6 29 4 77 5 47 1 81 3 81 9 73 2 63 
5 2 76 4 83 5 79 1 80 6 83 
6 7 38 2 95 5 97 3 46 10 64 4 59 
6 3 55 9 77 1 69 6 88 8 61 5 78 
4 8 73 1 74 4 84 10 98 
3 5 99 3 99 4 99 
5 7 24 10 53 9 58 8 34 2 50 
3 1 70 8 87 2 78 
5 6 85 1 97 9 97 4 89 8 91 
3 7 54 1 78 2 94 
3 4 57 5 93 8 81 
6 3 36 10 62 8 51 2 62 1 36 4 37 
6 3 70 7 90 6 92 4 70 10 82 8 83 
4 10 13 3 14 9 38 1 25 
3 5 24 3 39 10 58 
7 8 48 1 68 3 96 2 75 5 84 10 50 6 71 
3 4 19 10 31 7 53 
5 9 80 5 91 6 88 2 81 4 96 
6 8 67 10 76 1 73 3 95 4 90 6 84 
5 4 73 7 73 2 77 1 93 9 81 
6 9 82 7 89 3 87 6 96 5 84 1 93 
5 6 11 5 12 3 16 8 19 2 24 
4 6 14 1 14 3 31 2 37 
3 2 90 10 91 4 98 
3 5 2 1 6 3 4 
7 9 43 6 69 8 92 10 70 1 76 7 55 2 45 
5 9 6 6 15 3 15 2 13 8 15 
7 8 16 4 41 10 48 9 34 7 20 5 34 1 34 
6 3 90 2 99 4 98 1 94 8 94 7 96 
3 7 72 8 97 3 75 
3 5 65 6 73 3 88 
6 6 58 5 85 8 59 4 68 1 91 9 61 
4 7 74 4 84 8 88 6 81 
5 5 20 1 33 10 57 8 56 7 50 
6 3 70 2 85 9 76 5 86 6 76 7 94 
7 6 70 1 90 10 97 3 70 9 96 7 77 8 79 
3 9 9 8 22 2 23 
3 6 47 5 58 2 94 
4 5 53 1 63 7 79 9 82 
6 10 48 3 79 8 74 1 76 5 82 7 64 
7 5 91 6 91 7 94 10 98 1 93 8 92 2 96 
4 6 93 7 99 4 93 3 96 
4 5 48 1 89 6 71 3 70 
7 9 16 6 46 10 20 7 32 8 21 3 24 1 48 
6 10 67 7 98 2 92 8 88 9 81 3 83 
5 10 49 5 95 6 76 9 98 8 81 
3 8 19 10 35 4 34 
5 3 69 1 76 7 86 9 75 8 97 
5 2 59 7 59 8 88 6 92 1 80 
4 6 5 1 12 2 15 8 6 
7 7 31 2 88 1 31 5 84 6 74 10 49 4 49 
5 9 57 8 63 4 67 6 77 10 75 
6 10 88 3 98 4 88 1 91 5 95 2 97 
6 6 90 8 98 1 92 5 94 10 90 7 92 
3 6 66 7 88 1 76 
7 5 77 3 91 4 92 9 85 8 89 7 98 6 88 
3 7 49 5 89 10 87 
7 4 58 7 93 3 80 6 93 9 98 2 75 10 63 
6 9 99 8 99 10 99 7 99 6 99 5 99 
3 8 21 1 48 6 58 
3 8 13 6 28 9 22 
6 10 59 6 63 2 96 5 87 7 88 1 73 
4 1 96 9 98 8 96 4 98 
5 5 85 9 97 10 89 8 97 4 88 
5 2 93 10 98 4 95 1 93 3 96 
7 3 8 2 15 6 10 1 20 4 12 5 14 8 14 
4 4 98 3 98 9 98 1 98 
3 9 8 7 11 6 23 
7 7 94 8 98 9 94 4 97 5 98 10 96 3 97 
6 9 19 10 22 7 34 2 49 5 19 1 20 
7 3 69 8 85 5 79 2 97 9 99 4 81 1 82 
5 3 56 6 91 1 96 7 75 4 67 
7 1 80 5 91 7 87 3 83 10 93 6 87 9 81 
6 7 23 1 61 8 44 3 27 2 27 9 32 
4 4 35 7 80 5 75 10 35 
5 9 43 7 64 5 99 1 78 4 95 
5 1 47 3 47 7 77 4 89 8 61 
3 7 57 9 59 10 98 
6 5 98 4 98 7 98 3 99 9 98 2 98 
4 10 71 4 91 6 95 8 99 
5 10 5 7 11 3 7 8 12 1 6 
7 5 52 1 71 6 87 8 57 2 87 9 84 3 59 
4 1 41 7 78 3 99 4 45 
4 8 40 10 58 9 83 3 69 
7 8 16 2 22 4 19 1 38 3 30 10 16 6 18 
7 4 18 3 20 5 33 8 44 7 21 9 53 1 34 
7 8 76 6 96 2 99 10 89 9 98 5 86 1 82 
3 2 68 9 76 5 84 
5 5 51 7 75 1 92 2 79 6 58 
3 8 28 1 38 2 79 
3 8 72 7 96 5 84 
4 3 15 8 35 10 32 2 37 
5 5 38 8 83 10 74 3 63 4 67 
7 2 34 9 92 6 56 10 52 7 84 4 42 3 85 
6 1 34 7 56 6 99 9 60 10 75 5 68 
5 3 97 9 99 6 98 2 98 10 98 
6 2 72 9 97 7 83 4 80 8 76 3 97 
7 8 63 10 99 7 83 5 77 2 93 4 72 9 67 
7 1 73 5 76 7 79 10 84 8 89 9 78 2 73 
3 6 35 4 51 10 70 
7 1 14 2 25 8 36 9 31 6 24 10 25 3 38 
3 7 45 5 49 1 84 
6 2 4 10 7 5 12 7 10 6 8 8 5 
6 10 80 1 95 8 83 7 85 2 87 9 99 
6 4 1 10 1 1 1 9 3 7 3 2 1 
6 4 46 3 92 10 57 5 85 7 84 2 89 
5 9 50 5 94 7 76 6 97 1 85 
5 5 22 10 66 8 65 4 53 1 27 
6 2 97 1 99 5 99 4 98 7 99 8 97 
5 1 28 7 53 3 54 9 30 6 37 
4 4 10 9 25 5 13 2 28 
4 5 5 6 5 9 10 1 6 
3 1 52 9 62 2 77 
7 6 21 10 60 5 24 7 34 3 54 9 63 1 51 
5 10 8 8 13 5 11 2 20 4 18 
6 2 18 5 53 8 37 1 33 9 32 6 51 
6 7 18 6 42 1 29 8 52 10 42 2 29 
7 7 3 3 7 1 8 9 7 4 5 6 5 5 8 
6 7 61 1 66 6 70 3 67 10 88 2 79 
7 3 62 1 79 6 70 2 62 5 79 8 80 4 69 
4 4 23 3 40 1 53 5 65 
6 4 15 5 16 3 26 1 24 2 40 6 27 
4 6 94 4 98 3 94 9 95 
5 5 14 2 27 7 22 8 29 4 19 
6 8 50 5 85 2 86 4 97 7 71 6 70 
6 10 9 1 16 6 9 2 22 9 25 4 26 
7 8 5 5 6 7 13 1 13 10 11 3 9 6 9 
6 1 88 10 95 8 91 7 99 6 99 9 88 
7 5 36 10 97 8 48 4 91 7 63 2 79 1 78 
3 7 5 5 6 3 5 
3 1 49 6 53 8 91 
6 7 16 8 24 10 22 2 26 3 46 5 16 
4 1 46 6 69 9 81 5 53 
3 4 97 7 99 2 99 
7 1 25 8 49 9 30 6 58 7 36 4 63 10 71 
5 8 5 10 12 3 8 9 10 5 14 
4 3 6 10 11 8 13 9 18 
4 4 57 6 61 8 68 2 82 
5 7 46 9 54 2 72 4 57 5 75 
4 3 59 9 98 7 71 2 64 
3 6 72 8 79 1 73 
5 9 15 7 30 5 16 2 39 10 15 
4 2 54 6 85 5 54 8 54 
6 9 33 2 85 10 55 4 90 7 54 5 50 
7 8 96 3 97 4 99 10 96 7 97 5 97 6 99 
4 7 93 6 94 4 96 9 96 
3 10 68 9 69 4 94 
5 10 86 2 91 4 89 5 92 6 88 
4 9 19 5 27 8 46 2 26 
7 9 92 4 99 7 95 1 95 10 99 2 99 3 94 
4 1 71 8 74 4 72 7 77 
4 2 56 7 81 5 71 3 65 
4 9 43 3 44 7 44 2 62 
5 2 1 7 2 5 1 3 3 4 1 
6 8 96 1 98 7 99 10 96 4 99 2 99 
6 5 11 3 19 4 32 9 20 10 12 6 16 
4 1 76 5 94 3 80 6 89 
4 10 7 4 9 9 21 5 12 
6 2 37 5 47 10 38 4 57 8 82 9 85 
3 6 95 7 99 10 95 
6 10 92 7 99 9 93 3 93 4 93 6 98 
3 5 16 4 44 3 39 
5 2 55 6 63 9 86 5 94 7 56 
7 3 11 9 31 7 21 6 32 2 25 8 13 5 32 
5 8 46 3 71 6 83 9 76 1 74 
6 2 22 1 57 8 44 10 28 5 65 3 41 
4 1 1 2 2 9 2 3 3 
6 4 85 9 92 3 93 6 91 8 87 5 88 
6 7 55 2 98 1 56 9 71 6 71 3 98 
5 7 14 3 29 9 14 4 21 10 25 
6 3 53 2 97 8 68 4 67 6 63 5 73 
5 5 27 10 55 7 61 3 69 6 52 
5 10 56 4 94 3 68 9 71 8 88 
3 7 32 3 84 6 61 
3 4 38 2 91 7 49 
5 1 39 7 96 4 61 10 82 5 44 
5 4 45 9 71 8 83 10 57 2 62 
3 5 19 10 32 3 53 
4 4 24 9 37 8 47 10 59 
6 7 18 5 38 4 41 1 48 10 26 2 24 
3 2 26 6 53 10 58 
4 2 10 8 12 7 22 5 21 
7 2 74 6 90 4 88 3 94 7 80 5 89 9 90 
3 1 10 2 30 10 14 
3 5 3 4 4 6 4 
3 5 45 6 70 8 94 
4 4 12 2 32 5 20 6 16 
4 7 1 5 1 10 2 4 2 
5 5 80 9 98 2 94 6 96 8 80 
7 7 25 4 54 8 49 3 59 9 58 2 28 6 34 
7 8 94 5 99 1 96 6 98 4 94 9 96 3 98 
3 6 94 2 97 5 94 
6 10 62 2 67 5 65 4 93 3 95 7 84 
5 3 86 1 99 5 95 4 98 2 99 
4 3 46 7 86 1 91 10 95 
6 8 92 6 93 1 98 4 97 9 98 2 95 
7 3 75 7 95 2 93 8 87 9 77 1 75 6 76 
6 3 14 6 42 4 24 7 29 10 35 1 27 
3 5 68 8 81 4 77 
3 6 78 7 84 3 93 
4 6 62 3 76 1 73 2 90 
6 2 8 3 24 6 8 5 15 9 18 4 11 
6 4 67 3 81 8 90 5 80 7 69 1 74 
7 8 42 10 99 4 49 7 70 1 96 3 62 5 64 
5 8 20 2 23 5 30 3 36 4 20 
4 2 36 7 81 8 84 10 52 
6 7 51 10 97 1 65 4 57 5 76 8 90 
7 9 97 6 99 1 99 8 97 2 97 5 97 3 97 
5 8 15 3 41 5 25 9 39 1 34 
5 4 76 5 91 9 89 3 78 10 95 
3 9 84 1 98 5 96 
7 1 99 10 99 2 99 9 99 3 99 4 99 7 99 
5 10 36 3 47 1 42 6 87 2 48 
3 5 39 3 52 8 86 
6 4 39 10 69 8 59 5 60 6 48 2 99 
5 8 42 7 79 5 84 4 89 2 94 
5 1 63 7 70 5 78 4 68 2 75 
7 9 98 2 98 1 98 6 98 7 99 3 99 4 98 
4 10 37 1 54 6 81 4 54 
5 6 2 10 6 1 6 2 6 7 6 
3 5 10 2 16 10 27 
3 5 7 10 15 2 15 
4 6 49 8 62 1 99 5 59 
4 6 99 9 99 4 99 3 99 
3 5 62 7 68 2 97 
5 1 50 4 54 3 60 5 97 9 62 
5 10 56 1 92 5 79 2 70 8 66 
3 9 17 6 37 8 19 
6 6 8 3 13 9 8 2 15 7 9 4 14 
4 3 10 4 28 9 10 7 23 
4 1 13 9 19 10 23 7 15 
7 6 98 1 99 8 98 5 99 2 99 4 98 3 99 
4 2 50 9 63 6 59 7 79 
3 4 44 8 44 10 66 
3 9 6 10 10 8 13 
3 7 28 10 41 3 74 
7 6 35 10 48 9 85 5 88 2 48 1 96 3 62 
5 4 9 6 12 9 19 7 11 3 26 
3 3 56 10 88 7 90 
6 3 24 7 58 6 30 10 59 4 54 5 59 
7 3 48 9 56 8 53 1 99 2 72 5 52 10 55 
5 1 91 5 96 3 95 6 95 10 99 
4 9 82 4 90 8 90 6 85 
4 6 78 1 79 4 81 5 80 
6 4 21 1 47 6 47 9 24 3 32 5 46 
4 2 8 8 19 10 13 6 13 
5 9 71 5 95 7 87 6 81 4 79 
7 4 90 2 90 9 99 6 91 5 94 10 97 8 95 
5 9 29 7 65 3 86 2 65 10 72 
4 8 95 10 95 5 99 4 99 
4 6 97 1 98 10 98 9 98 
4 9 38 6 52 7 77 2 71 
7 6 19 8 51 5 30 1 42 4 49 9 57 2 34 
6 7 2 6 6 5 6 8 2 9 3 4 4 
7 5 41 7 64 8 48 9 74 1 64 3 57 4 88 
7 5 63 7 67 9 68 1 86 8 81 3 93 6 65 
4 3 54 2 82 4 68 1 61 
5 9 41 8 77 3 51 5 42 6 90 
5 4 25 6 49 1 64 9 54 7 67 
3 1 10 4 26 8 12 
4 1 12 9 19 4 20 6 35 
5 2 77 8 88 1 86 10 99 5 77 
6 8 49 1 59 4 85 5 95 7 94 10 82 
7 1 11 3 32 9 33 7 22 10 22 4 18 6 18 
3 4 82 2 87 7 90 
3 6 81 1 92 2 83 
7 10 58 4 81 6 66 1 99 5 68 8 65 3 70 
7 5 60 4 86 2 95 9 71 7 90 10 85 6 78 
4 9 86 3 89 8 88 7 86 
7 3 2 2 6 5 4 1 3 10 2 9 2 8 3 
3 6 6 8 10 4 14 
5 9 60 10 75 4 84 8 89 2 89 
4 6 5 7 11 1 9 3 8 
7 2 66 1 98 9 95 6 70 8 69 5 72 10 68 
4 6 41 8 90 1 52 4 50 
3 2 9 6 12 8 10 
4 9 94 1 94 8 95 5 97 
3 10 25 2 51 6 47 
3 10 43 4 83 1 44 
7 9 78 5 98 2 82 4 83 6 86 3 93 10 95 
3 10 22 6 56 9 30 
4 9 73 7 99 2 79 1 78 
5 1 57 2 97 7 57 3 89 8 99 
5 7 18 9 36 6 19 3 46 5 41 
4 7 58 6 90 10 62 4 69 
4 8 23 2 33 5 39 7 23 
5 1 78 6 94 3 96 4 97 5 83 
3 5 32 1 80 6 83 
5 10 96 5 98 2 97 3 97 1 97 
7 8 99 10 99 9 99 6 99 4 99 2 99 7 99 
7 2 52 3 62 4 69 1 92 9 98 8 62 6 56 
7 1 23 7 65 4 48 9 37 8 23 3 27 10 66 
3 5 6 6 16 4 9 
4 3 54 5 87 7 97 10 76 
5 9 17 1 50 4 19 3 32 6 47 
5 1 16 2 46 7 32 8 24 9 25 
4 10 10 8 28 6 16 3 28 
4 5 43 7 43 8 94 10 63 
4 4 46 6 67 1 79 3 88 
6 4 56 3 65 7 90 1 60 2 68 6 83 
3 6 18 5 38 7 32 
5 10 59 9 87 5 86 1 69 2 78 
6 10 39 9 74 4 65 7 79 6 70 1 56 
4 7 11 9 22 4 20 1 14 
6 5 29 1 65 8 81 10 57 4 42 7 52 
4 1 34 4 91 8 71 5 70 
3 1 52 2 58 5 88 
5 4 10 8 15 1 23 9 15 2 13 
6 6 29 2 48 9 69 1 51 8 35 3 55 
5 8 73 1 82 7 90 10 89 9 97 
6 4 8 5 21 7 10 3 10 10 21 2 19 
6 9 40 1 97 6 92 10 83 2 56 7 77 
6 10 67 6 72 8 69 9 85 3 95 4 69 
4 6 12 7 18 1 14 9 19 
6 1 39 2 73 9 70 6 75 7 55 4 87 
7 4 99 5 99 8 99 9 99 1 99 2 99 7 99 
7 9 86 1 91 5 92 8 92 10 92 4 93 3 99 
7 3 43 6 67 2 91 1 97 4 47 9 65 5 83 
3 10 41 8 88 2 47 
4 5 62 2 82 4 99 3 68 
4 9 92 5 97 10 94 8 96 
7 5 1 7 2 4 3 3 3 6 2 2 2 8 3 
4 5 31 7 78 2 56 8 80 
5 5 70 2 71 7 93 1 88 9 81 
5 4 41 6 64 7 79 10 58 8 75 
4 7 85 5 95 1 91 3 96 
6 6 59 9 75 8 74 2 73 3 87 7 86 
7 2 46 9 84 3 72 4 55 6 72 10 68 1 95 
6 4 96 9 96 8 98 7 98 3 96 1 97 
5 8 30 2 82 3 60 5 66 10 40 
