540 483 10
1 2
2 3
2 12
3 4
4 5
5 6
6 7
7 8
8 9
9 10
10 11
11 21
12 13
13 14
14 15
15 16
16 17
17 18
18 19
19 20
20 21
30 31
31 32
32 33
33 42
34 35
35 36
36 37
37 42
38 39
39 40
40 41
41 42
42 43
43 44
44 45
45 46
46 47
47 48
48 49
49 50
50 51
51 52
52 53
53 54
55 56
56 57
57 58
58 59
59 60
60 61
61 62
62 63
63 64
64 65
65 66
66 79
67 68
68 69
69 70
70 71
71 72
72 73
73 74
74 75
75 76
76 77
77 78
78 79
79 80
80 81
82 83
83 84
84 85
85 86
86 87
87 88
88 89
89 90
90 91
91 92
92 104
93 94
94 95
95 96
96 97
97 98
98 99
99 100
100 101
101 102
102 103
103 104
104 105
105 106
106 107
107 108
108 109
109 110
111 112
112 113
113 114
114 115
115 116
116 117
117 118
118 119
119 120
120 121
121 133
122 123
123 124
124 125
125 126
126 127
127 128
128 129
129 130
130 131
131 132
132 133
133 134
134 135
135 136
136 137
137 138
139 140
140 141
141 142
142 147
143 144
144 145
145 146
146 147
147 148
148 149
149 150
150 151
151 152
152 153
153 154
154 155
155 156
156 157
157 158
158 159
159 160
160 161
161 162
162 163
164 165
165 166
166 167
167 168
168 169
169 170
170 171
171 172
172 173
173 174
174 175
175 176
176 177
177 178
178 179
179 180
179 185
180 181
181 182
182 183
183 184
185 186
186 187
187 188
188 189
190 191
191 192
192 193
193 194
194 195
195 196
196 197
197 198
197 208
198 199
199 200
200 201
201 202
202 203
203 204
204 205
205 206
206 207
208 209
209 210
210 211
211 212
212 213
213 214
214 215
215 216
216 217
218 219
219 220
220 221
221 222
222 223
223 224
224 225
225 226
226 227
227 228
228 229
229 230
230 231
231 232
231 237
231 242
232 233
233 234
234 235
235 236
237 238
238 239
239 240
240 241
242 243
243 244
244 245
245 246
247 248
247 261
248 249
249 250
250 251
251 252
252 253
253 254
254 255
255 256
256 257
257 258
258 259
259 260
260 274
261 262
262 263
263 264
264 265
265 266
266 267
267 268
268 269
269 270
270 271
271 272
272 273
273 274
274 275
276 277
276 288
277 278
278 279
279 280
280 281
281 282
282 283
283 284
284 285
285 286
286 287
287 299
288 289
289 290
290 291
291 292
292 293
293 294
294 295
295 296
296 297
297 298
298 299
304 305
305 306
306 310
307 308
308 309
309 310
310 311
311 312
312 313
313 314
314 315
315 316
316 317
317 318
318 319
319 320
320 321
321 322
322 323
323 324
324 325
325 326
326 327
327 328
328 329
330 331
330 345
331 332
332 333
333 334
334 335
335 336
336 337
337 338
338 339
339 340
340 341
341 342
342 343
343 344
345 346
346 347
347 348
348 349
349 350
350 351
351 352
352 353
353 354
354 355
355 356
356 357
357 358
359 360
360 361
361 362
362 363
363 364
364 365
365 366
365 375
366 367
367 368
368 369
369 370
370 371
371 372
372 373
373 374
375 376
376 377
377 378
378 379
379 380
380 381
381 382
382 383
384 385
385 386
386 387
386 390
386 393
387 388
388 389
389 396
390 391
391 392
392 396
393 394
394 395
395 396
409 410
410 411
411 412
412 413
413 419
414 415
415 416
416 417
417 418
418 419
419 420
420 421
421 422
422 423
423 424
424 425
425 426
426 427
427 428
428 429
429 430
430 431
431 432
432 433
433 434
435 436
436 437
436 449
437 438
438 439
439 440
440 441
441 442
442 443
443 444
444 445
445 446
446 447
447 448
449 450
450 451
451 452
452 453
453 454
454 455
455 456
456 457
457 458
458 459
459 460
461 462
461 465
462 463
463 464
464 468
465 466
466 467
467 468
487 488
487 498
488 489
489 490
490 491
491 492
492 493
493 494
494 495
495 496
496 497
497 508
498 499
499 500
500 501
501 502
502 503
503 504
504 505
505 506
506 507
507 508
508 509
512 513
513 514
514 515
515 516
516 517
517 518
518 519
519 520
520 521
521 522
522 523
523 524
524 525
525 526
526 527
527 528
528 529
529 530
530 531
531 532
532 533
533 534
534 535
535 536
536 537
537 538
537 539
537 540
3 4 83 1 92 8 91 
6 1 86 5 98 9 90 7 86 3 86 10 93 
4 5 13 7 37 9 13 4 29 
5 4 45 1 96 8 53 7 91 3 52 
5 7 17 1 40 4 24 8 38 2 51 
4 9 17 2 35 5 28 4 24 
3 10 63 6 86 3 72 
4 2 97 4 97 3 97 7 97 
7 3 90 5 90 1 92 8 90 9 98 10 94 2 99 
7 4 38 5 92 7 47 1 92 10 57 8 97 2 51 
4 5 56 3 73 2 93 7 60 
7 2 11 4 12 6 16 8 25 9 32 5 19 10 23 
3 10 96 3 99 8 97 
5 6 84 2 99 10 99 5 93 1 89 
3 8 46 5 83 4 73 
4 3 44 9 82 5 74 2 70 
7 6 90 9 97 4 90 2 92 5 93 3 95 10 90 
7 6 50 9 80 5 89 4 90 7 73 10 66 2 72 
3 7 65 6 69 2 97 
5 1 62 4 93 6 76 3 96 8 65 
4 4 74 3 95 6 76 5 88 
4 5 42 6 75 2 74 10 61 
4 9 22 2 46 3 32 4 65 
7 8 70 1 80 3 94 9 92 2 93 6 83 10 94 
6 8 63 9 93 10 75 5 65 6 85 4 65 
7 7 11 9 32 5 13 10 33 3 32 4 23 2 28 
7 7 47 5 96 4 82 1 91 3 48 2 52 6 90 
5 4 8 5 18 8 19 6 9 9 13 
5 2 5 5 14 9 11 1 12 6 15 
3 8 31 1 53 4 68 
5 10 13 8 33 3 13 1 30 5 14 
6 1 4 6 6 4 5 2 5 7 7 10 4 
5 10 97 8 97 5 98 4 99 9 97 
3 1 94 5 94 9 94 
3 9 3 7 7 5 9 
5 2 81 5 91 9 98 1 87 10 89 
7 5 46 7 86 8 80 4 66 3 50 2 94 1 54 
5 6 45 4 96 9 77 3 77 5 75 
6 2 32 3 36 5 39 6 90 10 59 4 44 
7 10 88 5 98 1 91 9 91 4 90 3 91 8 90 
6 8 43 1 55 4 82 6 69 9 64 10 79 
6 7 96 2 98 8 97 10 99 6 97 1 97 
4 6 55 5 59 7 57 10 79 
5 1 15 9 35 4 38 6 20 2 34 
4 3 50 4 62 9 78 2 94 
4 9 92 10 96 3 93 2 96 
7 10 79 5 94 9 87 7 90 4 80 2 90 3 90 
4 5 82 7 96 9 94 2 91 
3 2 87 1 93 3 93 
3 2 58 6 59 9 82 
7 6 98 5 99 10 98 7 99 2 99 1 98 3 99 
3 3 55 10 73 2 67 
7 7 9 1 10 2 11 5 18 9 23 8 11 6 11 
4 8 11 9 28 10 30 1 28 
5 2 39 9 74 7 45 6 76 8 98 
6 2 21 10 52 1 49 5 34 3 44 4 62 
5 4 19 3 57 9 55 2 52 1 44 
4 2 19 3 52 6 19 8 50 
7 2 92 10 97 8 93 3 99 4 96 7 95 1 95 
5 1 13 5 22 6 21 8 27 3 37 
7 7 47 5 76 2 80 1 50 9 73 4 75 6 48 
7 8 80 4 83 5 86 10 90 9 82 6 97 3 82 
7 1 72 5 96 4 80 9 97 3 88 7 75 10 81 
4 9 71 7 86 8 96 2 75 
5 6 6 8 17 5 10 9 10 4 8 
4 4 23 6 45 1 41 3 53 
3 9 65 8 65 10 74 
7 7 94 2 98 4 95 5 97 3 95 8 97 6 98 
4 6 73 9 73 3 73 7 77 
7 5 90 1 96 9 98 4 90 10 95 8 93 7 92 
7 4 41 3 73 6 87 5 66 9 85 10 84 7 79 
5 3 58 1 64 4 63 9 83 5 90 
5 2 37 10 92 4 63 8 85 3 97 
3 2 29 3 82 10 66 
6 9 58 6 82 1 94 7 65 3 78 8 88 
6 9 73 6 80 1 89 2 74 8 90 4 86 
4 1 50 3 87 8 85 2 95 
7 4 70 7 78 1 97 3 73 8 90 5 75 6 73 
7 2 8 9 19 6 24 10 23 5 18 7 22 3 18 
6 4 58 6 58 8 88 5 64 7 93 9 77 
5 8 73 2 88 5 89 7 75 10 98 
5 3 40 2 44 7 92 6 52 9 87 
4 3 86 7 98 5 91 10 99 
3 1 14 3 32 8 28 
6 9 58 1 60 10 85 4 58 2 72 5 92 
5 3 56 10 58 5 88 8 62 7 58 
5 9 42 8 67 7 64 3 96 6 75 
7 9 58 3 96 4 61 8 66 10 83 5 96 6 90 
6 8 22 5 54 3 43 7 65 6 37 1 48 
3 5 94 8 95 4 98 
5 4 10 8 19 6 23 10 20 9 12 
6 4 41 10 41 8 47 7 63 5 97 6 60 
5 1 32 8 85 7 80 4 90 3 88 
7 7 73 10 74 6 89 1 94 2 79 9 93 8 94 
6 1 32 10 90 4 52 8 61 3 79 9 83 
4 5 45 8 74 2 91 10 99 
3 7 62 5 89 3 93 
5 1 45 7 98 3 91 6 67 9 52 
6 8 90 7 97 9 95 10 93 3 90 1 92 
5 1 33 3 62 7 48 2 86 5 83 
7 5 32 6 80 7 60 8 76 10 43 1 80 2 36 
7 7 97 10 99 1 97 5 99 4 99 9 98 2 99 
7 3 19 4 56 9 32 8 36 10 29 1 47 6 19 
4 8 58 6 69 4 74 10 65 
4 6 33 1 81 7 41 4 82 
7 2 73 9 94 3 95 7 77 1 80 4 97 5 91 
4 7 6 5 16 10 6 4 11 
5 9 39 8 54 10 71 2 91 1 98 
4 1 22 4 41 10 57 2 48 
6 10 61 9 93 6 81 2 80 3 68 1 73 
7 3 81 6 99 2 91 8 99 1 92 9 88 7 86 
5 2 45 10 70 7 93 6 85 4 69 
7 3 77 4 93 6 88 2 99 10 78 8 98 1 84 
3 6 99 8 99 4 99 
5 10 64 4 76 7 73 2 68 8 90 
4 3 84 5 86 8 84 1 88 
4 5 91 7 98 8 91 4 92 
6 7 52 5 54 2 77 4 69 10 63 1 80 
5 5 32 3 47 2 81 6 69 9 63 
5 1 33 5 82 6 70 3 74 8 81 
4 3 25 6 34 8 34 4 26 
3 8 48 9 68 10 75 
7 4 28 7 42 2 57 5 66 1 72 8 80 6 48 
3 1 15 7 27 5 27 
5 2 60 10 80 7 70 5 85 3 77 
3 4 60 5 96 1 94 
5 2 25 1 35 9 35 6 43 4 27 
3 9 24 3 61 6 68 
4 6 71 1 89 5 81 2 88 
6 7 8 2 10 8 13 6 14 4 15 9 10 
7 1 65 3 84 6 98 8 75 9 71 2 74 7 66 
7 7 94 9 96 4 99 10 97 3 97 1 99 6 97 
6 1 2 8 3 2 6 7 6 6 6 5 6 
3 4 5 1 15 3 14 
3 9 36 10 67 5 76 
7 1 86 8 90 6 92 10 90 4 98 3 88 2 89 
7 10 33 6 34 5 96 4 81 2 49 3 62 9 67 
5 7 71 4 83 9 97 6 99 1 79 
6 3 41 2 68 10 70 9 69 1 44 5 42 
5 3 84 8 94 10 93 7 86 6 92 
7 1 77 10 99 9 97 8 97 2 94 6 99 3 83 
7 7 1 6 2 10 2 8 2 1 1 9 2 4 1 
7 5 12 8 17 4 30 3 29 9 23 1 14 7 14 
5 2 5 7 6 4 12 5 7 3 14 
6 2 58 4 59 1 64 10 87 3 93 5 74 
6 5 46 8 63 3 46 7 93 9 84 6 57 
4 3 64 9 90 10 94 6 69 
3 1 55 3 62 8 57 
7 10 6 2 15 9 15 3 13 7 7 6 11 5 16 
6 1 75 2 80 3 95 10 83 9 99 5 94 
7 6 35 4 93 9 35 10 56 2 46 5 36 1 91 
4 8 60 4 64 10 81 1 94 
4 7 44 8 92 2 76 3 51 
7 7 31 10 82 6 85 1 58 2 39 4 74 9 42 
6 3 91 9 99 7 91 2 97 10 95 6 99 
4 6 9 1 24 9 24 8 14 
3 1 45 3 80 8 74 
4 10 16 6 19 1 25 3 16 
5 5 69 4 86 10 74 7 69 3 69 
3 10 11 8 17 7 26 
7 3 66 1 75 9 68 2 79 5 68 7 91 10 68 
3 7 44 5 82 8 78 
3 10 71 6 92 7 79 
7 2 65 4 95 1 79 5 69 3 67 8 75 7 86 
5 8 36 10 81 4 63 9 95 5 93 
7 6 29 9 86 7 56 5 86 10 81 8 84 4 47 
7 5 90 9 90 4 99 6 99 10 99 8 94 7 91 
5 1 53 7 83 5 87 4 77 8 90 
6 7 57 2 76 5 98 10 57 8 60 4 97 
3 3 20 9 41 10 39 
7 3 63 7 76 1 76 5 88 10 90 8 74 9 85 
7 1 25 2 33 9 44 4 49 7 39 10 42 5 58 
3 8 46 4 59 3 62 
3 9 83 6 98 10 83 
6 3 3 8 4 10 6 5 7 7 5 4 7 
4 5 92 9 97 10 98 8 99 
5 2 78 10 90 8 90 9 97 7 87 
4 7 12 6 36 9 24 1 18 
3 3 65 4 80 5 82 
5 3 24 10 30 4 44 9 32 8 32 
5 9 53 4 83 7 56 2 95 6 84 
6 4 68 8 97 9 97 1 71 10 97 2 80 
7 4 20 7 50 10 52 3 25 9 36 5 49 1 48 
7 5 37 2 62 9 49 1 80 4 68 6 77 10 87 
6 7 15 10 17 9 35 8 29 6 32 1 31 
3 10 98 9 98 1 98 
4 2 33 1 56 5 93 4 37 
6 5 69 10 84 7 86 2 71 4 95 1 83 
4 7 63 4 74 10 68 5 73 
6 6 30 1 70 4 31 2 56 10 43 5 41 
6 3 64 9 76 4 88 1 72 2 71 8 93 
4 4 79 10 88 1 98 3 89 
6 4 40 8 70 5 54 2 45 3 84 6 46 
4 5 2 7 2 3 6 2 5 
4 3 21 9 53 2 61 7 47 
5 6 34 2 80 10 86 8 73 7 90 
3 10 26 9 40 5 64 
3 2 49 1 81 7 49 
5 3 11 8 33 10 21 1 17 7 29 
3 3 58 7 60 5 91 
6 4 58 5 80 9 66 3 61 7 93 10 59 
5 1 7 2 13 9 7 8 11 4 16 
7 7 11 3 27 5 26 2 15 9 16 6 18 4 29 
4 5 68 8 68 10 84 1 71 
4 7 33 4 52 2 58 5 74 
4 6 3 5 9 7 7 2 9 
7 4 37 5 49 10 51 2 94 6 41 3 48 8 56 
4 3 24 6 65 10 59 7 63 
5 6 84 10 92 7 87 4 88 3 98 
4 2 56 6 56 10 80 9 90 
5 6 46 2 64 1 81 10 93 4 68 
6 2 30 9 43 5 84 4 31 6 71 7 88 
7 8 97 5 97 9 99 3 97 6 99 4 98 7 98 
7 4 53 7 91 8 82 6 66 2 92 9 92 1 77 
6 4 40 8 43 1 90 6 47 10 83 3 53 
6 3 18 1 37 10 48 2 23 8 51 6 31 
5 9 52 2 80 10 54 3 57 1 70 
4 7 32 8 64 3 44 10 37 
6 4 60 3 83 5 96 9 99 10 65 1 81 
4 1 63 10 77 3 73 5 86 
6 6 89 9 98 4 96 5 99 8 93 3 98 
7 4 36 8 58 6 43 3 74 1 91 5 96 7 61 
3 7 17 10 22 2 22 
3 6 49 4 53 3 62 
7 10 91 4 98 2 93 5 97 8 98 7 97 6 95 
4 8 1 1 3 3 1 10 2 
7 10 1 8 1 1 1 5 2 2 3 6 2 7 1 
4 8 4 7 6 5 11 9 6 
4 2 16 8 45 1 33 9 29 
7 1 78 2 99 3 81 8 99 10 87 7 89 6 85 
3 10 53 7 56 1 83 
7 8 96 5 99 9 96 7 96 6 98 4 98 3 97 
7 6 9 8 21 4 21 9 18 10 27 3 26 5 24 
6 1 52 9 53 3 74 8 94 2 93 7 67 
3 5 57 4 66 10 71 
4 8 48 1 52 2 64 4 59 
4 6 95 5 96 1 98 2 95 
5 2 32 5 85 8 95 1 85 7 52 
4 4 66 2 98 1 83 3 85 
5 6 14 2 38 7 21 10 15 3 24 
4 1 42 6 69 4 81 8 60 
4 3 69 10 74 8 88 7 90 
5 1 31 6 66 2 35 7 53 8 39 
6 10 3 4 5 1 6 7 4 8 4 3 3 
5 10 15 2 15 7 43 1 43 9 23 
6 4 6 7 13 8 18 2 15 6 12 9 7 
4 9 44 4 99 10 87 3 88 
7 1 9 4 20 9 13 8 25 5 11 7 16 10 9 
6 3 61 10 68 6 62 2 73 9 76 1 78 
5 5 10 10 30 9 13 4 12 1 12 
5 3 98 2 99 9 98 5 99 4 98 
7 4 38 10 91 3 93 2 66 5 81 8 69 6 52 
7 5 85 4 95 6 91 2 94 9 93 10 99 8 93 
5 5 44 6 82 9 55 2 53 3 58 
4 4 14 5 21 6 28 7 27 
4 3 7 8 9 10 11 1 15 
6 6 32 8 85 3 79 9 95 2 87 7 46 
4 3 80 5 84 9 88 1 90 
4 2 80 8 81 7 91 6 87 
4 6 90 3 96 1 96 4 93 
5 4 41 1 69 9 92 7 99 8 88 
5 8 87 3 96 4 94 1 95 10 99 
4 6 39 9 93 3 70 1 97 
3 3 46 5 91 8 92 
4 1 93 6 94 4 94 7 93 
7 10 85 5 85 8 87 9 98 2 87 6 94 4 86 
6 8 62 3 87 6 66 2 62 9 69 4 88 
6 3 38 6 83 8 94 4 76 1 77 7 71 
6 10 3 9 5 6 6 8 6 7 8 1 8 
4 4 59 1 83 9 70 8 61 
4 9 37 2 91 10 61 5 42 
4 5 80 3 90 7 94 1 99 
3 6 89 4 91 8 89 
4 9 51 2 85 5 61 1 97 
4 6 3 1 5 8 3 9 5 
5 6 15 5 37 3 39 7 31 2 20 
6 10 64 1 92 9 93 6 82 8 72 3 69 
4 1 61 5 85 9 77 7 68 
5 10 44 9 99 7 95 4 76 3 61 
7 1 84 5 87 6 96 9 89 7 85 10 94 8 99 
3 2 80 1 99 9 93 
7 4 87 7 98 6 97 10 94 1 90 3 90 5 92 
4 2 55 10 60 3 81 6 76 
6 6 14 8 24 5 22 9 18 2 23 1 23 
4 1 26 3 42 9 38 4 72 
4 4 21 10 61 9 27 3 36 
4 3 81 5 94 4 92 2 97 
3 4 38 9 70 7 49 
4 6 78 9 88 5 80 1 79 
6 2 23 3 29 1 47 10 29 9 68 8 65 
6 10 47 1 50 7 99 9 94 6 59 8 59 
4 1 43 2 50 8 56 7 98 
6 2 33 6 33 5 49 4 88 7 83 3 84 
7 2 48 9 58 6 99 5 67 7 51 3 86 4 71 
6 4 33 10 93 3 54 7 87 9 74 1 70 
3 8 56 6 69 1 90 
3 3 34 2 77 7 68 
5 7 80 8 94 1 80 2 82 6 98 
3 1 62 9 77 8 68 
4 1 45 3 59 2 80 9 51 
3 10 48 8 52 5 63 
4 2 48 6 73 3 93 8 87 
4 10 26 5 60 8 28 4 27 
6 2 62 5 89 7 75 6 83 8 72 9 92 
5 4 90 2 95 7 97 6 94 3 95 
6 3 89 4 90 9 97 5 90 2 98 1 89 
5 5 16 10 41 6 16 7 41 8 20 
5 10 87 1 90 2 91 5 93 9 93 
6 9 17 5 41 1 17 10 45 8 50 6 50 
6 5 36 6 57 2 87 4 59 3 91 8 83 
5 10 39 2 75 1 72 7 64 6 85 
5 1 53 4 82 7 93 6 63 10 67 
7 4 82 3 87 2 94 9 88 5 94 7 98 8 85 
7 8 25 2 56 10 65 9 49 6 40 3 26 7 65 
7 9 2 7 2 10 5 3 4 5 3 4 4 1 2 
3 10 82 2 92 6 94 
5 3 53 10 56 6 58 9 69 4 67 
4 8 72 7 80 6 89 9 73 
7 10 76 2 81 4 82 5 90 7 94 1 91 6 87 
3 7 95 1 97 4 95 
5 3 43 10 98 2 56 1 47 7 98 
3 10 35 9 38 4 54 
4 3 32 7 90 8 75 2 95 
4 7 92 10 96 1 95 2 95 
4 8 8 7 10 9 9 6 9 
6 7 92 4 92 6 98 2 95 10 99 3 92 
7 8 75 9 83 2 92 10 76 6 99 4 93 5 95 
6 9 2 3 5 4 3 7 2 10 2 1 6 
5 6 64 1 67 5 86 8 85 3 74 
3 4 54 2 88 1 69 
4 9 48 8 74 4 74 3 85 
3 10 28 8 42 3 49 
5 1 81 9 96 8 83 2 95 7 98 
3 6 85 4 86 5 93 
7 9 27 2 77 1 64 8 66 10 74 5 63 6 66 
3 2 26 4 70 5 30 
6 6 22 9 61 5 63 1 65 8 60 3 22 
7 8 37 9 45 7 69 2 84 5 59 1 44 4 46 
4 2 69 3 94 6 85 7 89 
7 8 12 6 34 3 29 10 20 4 24 9 18 2 25 
3 8 15 3 20 10 15 
6 4 42 10 69 9 51 5 59 8 66 2 95 
5 9 37 3 63 5 38 8 52 1 73 
3 9 77 1 85 7 96 
7 6 29 1 58 8 39 7 66 2 40 9 78 4 59 
6 5 43 2 98 3 44 4 62 7 44 8 88 
6 4 4 3 8 8 9 9 8 2 7 5 12 
7 9 65 10 87 7 65 1 81 8 67 6 99 3 88 
4 10 24 8 26 1 25 4 39 
5 6 69 5 71 8 92 10 79 3 83 
5 9 82 7 91 5 87 8 99 2 96 
4 6 68 10 69 2 71 4 69 
4 10 13 4 35 5 30 7 21 
3 9 9 7 10 1 18 
5 7 47 3 97 8 84 1 48 6 71 
3 1 27 4 58 7 75 
5 3 1 2 3 7 3 1 1 10 1 
7 5 46 8 48 4 82 6 88 3 82 10 56 2 76 
5 6 61 5 67 4 61 8 83 2 83 
4 2 15 1 22 4 25 8 40 
3 9 8 8 23 1 17 
7 9 77 6 81 1 77 2 95 5 94 4 94 10 89 
6 8 90 1 99 4 90 7 95 9 91 5 93 
7 1 69 5 88 6 76 3 90 8 97 4 73 9 83 
5 4 55 2 64 7 58 6 60 5 76 
4 4 34 1 74 9 48 8 91 
5 2 23 6 32 7 45 5 42 3 54 
7 9 14 3 35 5 31 4 32 7 41 6 15 10 37 
5 5 86 10 98 8 91 6 86 1 96 
7 2 57 5 86 8 99 9 60 10 99 3 91 1 68 
4 6 21 5 22 4 31 10 25 
3 9 79 6 79 3 93 
4 1 40 5 63 7 61 6 95 
7 10 98 9 98 6 99 2 98 3 98 4 99 1 99 
4 4 38 2 66 6 84 10 75 
3 9 9 7 27 1 22 
7 8 40 3 42 6 65 2 41 1 97 5 98 10 70 
3 3 28 9 51 2 29 
7 7 38 9 77 3 71 10 62 5 87 6 72 8 98 
4 6 41 3 72 4 75 10 60 
4 4 11 7 17 10 24 2 24 
6 6 10 8 20 5 11 3 23 10 24 2 13 
6 6 60 4 87 7 85 2 79 8 97 1 82 
6 9 92 6 98 8 96 2 96 3 93 1 95 
6 2 3 6 8 5 8 7 7 8 4 10 8 
3 9 68 7 97 2 75 
4 7 39 8 54 5 77 4 53 
7 10 20 4 20 8 22 3 43 5 49 9 20 7 27 
6 3 65 9 89 4 77 2 79 1 94 6 97 
3 8 3 10 3 3 4 
6 1 20 3 26 2 26 6 49 4 22 7 21 
3 10 59 2 87 3 82 
5 4 90 7 96 2 98 5 94 3 95 
3 2 40 8 55 6 84 
3 7 37 5 95 9 95 
5 4 76 6 78 7 91 2 86 10 78 
3 2 29 10 85 4 35 
5 1 88 4 93 2 90 9 95 3 99 
3 9 48 8 68 6 54 
6 4 19 10 31 9 44 8 36 2 49 1 50 
4 5 61 8 82 10 69 9 61 
4 6 47 1 65 5 75 8 72 
7 3 29 7 58 10 75 9 64 6 43 2 71 8 56 
5 7 28 10 55 8 52 3 37 6 73 
3 5 23 7 64 2 55 
6 8 83 6 84 7 99 10 89 2 93 3 87 
4 3 33 6 92 4 57 2 93 
3 5 21 4 42 1 42 
4 10 70 6 71 8 83 4 80 
3 7 51 4 96 3 74 
3 7 95 3 99 10 99 
5 4 93 1 99 9 93 5 97 8 98 
6 5 66 8 80 10 68 1 99 3 77 2 86 
4 3 86 6 95 10 97 4 93 
4 5 33 3 71 8 65 4 71 
5 2 36 6 93 7 61 3 97 10 38 
5 4 2 5 2 6 5 3 4 10 3 
6 3 91 7 92 1 98 8 98 10 99 6 92 
5 6 40 9 81 1 60 8 41 4 81 
6 3 99 5 99 2 99 8 99 7 99 9 99 
6 6 38 10 87 9 62 8 48 7 55 4 50 
3 10 69 3 98 5 75 
7 1 72 5 74 3 73 2 83 4 99 7 74 9 91 
3 2 69 1 77 3 85 
5 2 13 8 22 5 38 9 35 3 15 
5 4 67 2 68 7 87 3 70 5 82 
7 10 18 7 51 4 27 2 50 3 26 1 41 5 35 
5 6 64 10 68 2 66 9 90 8 83 
3 2 45 4 98 5 95 
4 1 67 4 94 9 71 6 88 
4 6 54 3 72 2 98 9 85 
4 4 47 9 76 10 79 2 93 
4 7 29 9 81 3 53 10 46 
3 9 97 6 99 10 97 
5 6 4 3 11 2 5 4 5 5 7 
5 6 92 3 95 5 95 10 94 4 94 
5 8 60 10 97 5 74 6 92 3 83 
7 8 34 3 59 1 89 10 70 7 59 9 88 6 37 
6 9 45 4 60 1 97 7 66 8 67 2 75 
5 2 34 1 50 4 47 9 84 5 66 
7 8 3 1 5 2 7 5 6 7 3 10 9 6 6 
3 1 59 4 91 2 92 
6 10 18 3 46 9 18 6 26 8 29 4 31 
5 9 69 1 76 10 81 4 83 6 80 
3 7 90 3 99 6 91 
5 10 18 5 26 6 44 4 36 3 24 
4 6 21 3 53 9 29 7 54 
6 1 88 4 99 8 94 5 95 10 99 3 89 
5 9 18 8 24 10 50 5 54 4 32 
5 10 4 9 4 4 10 6 4 7 5 
6 4 58 10 61 2 82 5 86 7 66 6 90 
7 1 26 5 38 4 49 2 31 9 32 6 77 3 58 
7 3 62 7 72 1 70 9 97 4 72 2 72 6 69 
6 2 94 3 97 5 97 10 98 6 99 1 99 
5 2 16 8 26 9 46 7 41 10 19 
3 9 27 5 36 1 67 
5 8 60 4 80 1 87 6 90 2 69 
5 10 96 4 98 7 96 9 99 3 99 
4 8 33 4 89 10 33 1 44 
3 1 86 5 93 8 95 
7 9 46 2 58 7 55 5 84 3 49 10 66 8 76 
5 1 92 2 96 10 98 8 96 7 96 
6 2 41 9 49 10 86 3 76 7 42 4 94 
4 9 33 10 44 8 37 2 42 
3 5 26 3 54 1 49 
7 9 52 8 55 6 93 3 95 2 78 1 66 10 71 
6 8 63 1 71 7 65 4 95 3 71 10 78 
3 9 17 5 46 1 32 
5 3 19 1 32 2 41 8 28 7 34 
7 3 36 9 60 8 52 7 66 6 51 1 47 5 51 
7 9 75 4 95 3 97 2 89 7 86 10 87 6 78 
7 4 91 8 97 10 93 6 96 7 98 5 94 1 92 
7 7 85 8 90 2 88 10 96 9 98 5 92 3 87 
5 1 74 6 82 4 74 2 80 8 79 
7 8 25 2 59 1 53 7 69 4 39 10 36 6 26 
5 7 38 9 64 6 58 3 73 2 98 
3 4 59 1 70 9 64 
5 8 22 3 30 6 51 2 50 1 63 
4 10 56 9 61 5 64 4 60 
7 8 49 1 50 4 52 3 52 5 59 2 65 10 56 
5 9 39 3 61 5 66 6 70 10 52 
7 5 81 10 83 6 90 1 98 8 83 2 94 7 85 
6 7 19 1 31 10 57 6 26 3 26 2 44 
7 7 73 4 94 10 85 1 96 6 92 9 89 2 97 
4 6 47 8 96 10 54 9 53 
5 5 54 4 59 7 55 1 87 10 59 
6 1 15 5 18 9 35 2 17 4 45 6 28 
7 2 41 1 43 10 51 5 90 6 46 3 89 7 85 
5 1 75 3 97 9 75 8 77 6 88 
7 2 83 9 94 10 91 3 94 8 99 5 83 6 91 
4 10 79 4 82 6 96 5 98 
4 3 43 2 88 8 88 9 69 
7 6 21 8 47 7 21 10 57 1 43 5 26 2 63 
6 3 96 1 99 10 97 2 99 6 98 9 98 
4 1 72 5 81 4 74 10 75 
6 9 43 10 54 5 63 4 61 1 83 8 60 
5 8 52 7 61 4 91 10 83 9 91 
3 4 17 8 37 7 31 
4 7 5 6 5 10 7 3 5 
4 9 3 4 7 10 8 2 8 
4 4 30 7 52 1 64 2 87 
3 1 30 8 73 3 82 
5 5 49 4 96 7 52 3 84 6 93 
6 7 48 5 83 6 90 2 51 1 79 10 71 
5 3 12 8 17 9 25 5 14 7 29 
6 2 32 4 73 10 52 6 70 3 80 9 90 
5 9 81 2 88 6 90 3 92 8 98 
4 5 62 10 92 6 90 4 96 
4 1 64 6 80 3 93 7 72 
7 8 55 6 89 4 68 3 84 7 89 1 89 2 95 
4 4 59 5 67 9 73 8 97 
3 7 8 5 12 2 22 
3 6 56 4 65 1 60 
5 8 36 5 60 2 44 10 91 4 95 
5 7 72 4 83 2 80 8 90 9 72 
4 8 21 3 35 1 26 5 57 
6 6 95 8 96 10 96 2 99 3 95 4 99 
3 4 40 7 67 2 71 
7 6 85 5 86 10 89 1 98 7 97 2 97 9 85 
3 8 99 10 99 6 99 
4 7 23 8 67 10 38 6 35 
6 8 55 4 81 10 75 6 83 2 80 1 81 
6 6 4 9 5 4 10 3 12 7 7 2 11 
6 1 89 7 89 8 92 4 91 5 95 6 95 
3 10 71 9 84 2 93 
5 4 66 6 96 3 93 8 91 10 89 
3 6 93 9 97 1 98 
3 7 3 4 8 5 6 
6 8 58 2 89 6 88 1 70 7 59 4 80 
4 6 2 8 2 5 3 2 2 
5 7 25 8 30 1 46 2 71 5 32 
5 7 91 10 92 4 94 6 91 5 96 
6 1 96 4 97 2 98 6 97 8 98 3 96 
7 3 80 1 92 2 81 8 90 9 82 4 85 5 83 
4 6 43 7 53 5 58 9 85 
7 6 43 5 97 8 45 9 77 3 52 7 71 1 95 
4 8 47 7 85 3 85 10 78 
4 10 35 3 48 2 98 5 88 
3 1 19 2 27 5 30 
3 6 72 1 83 4 85 
