339 303 5
1 2
2 7
3 4
4 7
5 6
6 7
7 8
8 9
9 10
10 11
11 12
12 13
13 14
14 15
15 16
16 17
18 19
19 20
19 28
20 21
21 22
22 23
23 24
24 25
25 26
26 27
28 29
29 30
30 31
31 32
32 33
33 34
34 35
36 39
37 39
38 39
39 40
40 41
41 42
42 43
43 44
44 45
45 46
46 47
47 48
48 49
49 50
50 51
52 53
53 54
53 62
54 55
55 56
56 57
57 58
58 59
59 60
60 61
62 63
63 64
64 65
65 66
66 67
67 68
68 69
70 71
70 72
70 73
71 74
72 74
73 74
87 88
87 91
88 89
89 90
90 94
91 92
92 93
93 94
94 95
104 105
105 106
106 107
107 108
108 119
109 110
110 111
111 112
112 113
113 119
114 115
115 116
116 117
117 118
118 119
119 120
120 121
122 123
123 124
123 130
124 125
125 126
126 127
127 128
128 129
129 136
130 131
131 132
132 133
133 134
134 135
135 136
139 140
140 141
141 142
142 143
143 144
144 145
145 146
146 147
147 148
148 149
149 150
150 151
150 153
150 155
151 152
153 154
155 156
157 158
158 159
159 160
160 161
161 162
162 163
163 171
164 165
165 166
166 167
167 168
168 169
169 170
170 171
172 173
173 174
173 181
174 175
175 176
176 177
177 178
178 179
179 180
180 188
181 182
182 183
183 184
184 185
185 186
186 187
187 188
189 191
190 191
191 192
192 193
193 194
194 195
195 196
196 197
197 198
198 199
199 200
200 201
201 202
202 203
203 204
204 205
205 206
207 210
208 210
209 210
210 211
211 212
212 213
213 214
214 215
215 216
216 217
217 218
218 219
219 220
220 221
222 223
223 224
224 225
225 226
226 227
227 228
228 229
229 230
230 231
230 234
230 237
231 232
232 233
234 235
235 236
237 238
238 239
240 241
241 242
242 243
243 244
244 245
245 246
245 249
245 252
246 247
247 248
249 250
250 251
252 253
253 254
255 256
256 257
257 258
258 259
259 260
260 261
261 262
262 263
263 264
264 265
265 266
265 268
266 267
268 269
270 271
271 272
272 273
273 274
274 280
275 276
276 277
277 278
278 279
279 280
280 281
281 282
282 283
283 284
284 285
285 286
286 287
288 289
288 294
288 299
289 290
290 291
291 292
292 293
293 304
294 295
295 296
296 297
297 298
298 304
299 300
300 301
301 302
302 303
303 304
304 305
305 306
307 308
307 312
307 316
308 309
309 310
310 311
311 320
312 313
313 314
314 315
315 320
316 317
317 318
318 319
319 320
320 321
325 326
326 327
327 328
328 333
329 330
330 331
331 332
332 333
333 334
334 335
335 336
336 337
337 338
338 339
2 2 66 5 99 
4 5 99 3 99 2 99 4 99 
3 2 70 3 80 4 87 
3 3 19 2 22 4 52 
3 5 84 2 94 4 93 
2 1 4 2 8 
4 5 23 1 40 2 47 4 57 
3 3 2 2 3 4 6 
2 5 85 2 94 
2 4 58 3 75 
4 4 4 1 8 2 5 5 6 
4 2 33 5 91 4 95 3 43 
2 2 68 5 82 
4 2 59 5 93 4 91 3 59 
3 5 9 2 25 1 17 
3 5 6 4 8 3 6 
2 2 78 5 90 
4 5 20 2 42 4 36 3 32 
4 4 27 1 27 3 37 5 57 
3 1 38 2 97 5 76 
2 3 16 1 18 
2 4 1 2 2 
4 4 22 5 26 3 36 1 55 
3 5 69 2 76 3 87 
3 2 71 4 89 5 99 
2 5 98 4 99 
2 5 40 3 40 
4 5 84 2 87 4 92 3 93 
2 1 39 4 48 
2 1 84 4 87 
4 4 78 1 86 5 96 3 96 
2 1 75 4 93 
2 3 32 2 78 
3 1 79 5 93 3 81 
2 5 96 4 98 
3 2 35 5 42 1 80 
3 2 71 3 86 5 83 
3 5 82 4 89 1 83 
3 2 61 3 93 4 66 
3 3 29 4 79 5 37 
3 5 61 4 90 1 93 
2 5 22 4 49 
2 1 84 5 89 
4 5 17 4 51 3 47 2 29 
4 4 36 3 71 5 45 2 88 
4 4 30 1 70 2 67 5 35 
3 3 75 1 92 4 97 
4 3 49 5 95 1 96 4 49 
2 1 32 3 89 
3 2 48 4 98 3 64 
2 3 79 1 81 
3 1 58 3 82 2 93 
4 1 77 2 97 5 85 4 86 
4 3 11 1 14 2 23 5 18 
3 4 76 5 87 2 92 
4 4 10 5 29 3 28 1 11 
2 4 12 5 13 
2 4 10 1 19 
2 4 29 3 83 
4 3 15 2 20 1 37 4 36 
4 2 90 3 98 5 99 4 99 
3 1 13 2 23 3 24 
4 5 38 3 52 4 52 2 67 
3 1 40 4 99 5 99 
2 5 49 4 69 
2 5 93 3 95 
3 2 88 3 95 5 93 
3 5 15 4 15 2 26 
4 4 71 3 71 1 82 2 92 
2 1 33 2 83 
3 3 16 1 47 2 40 
3 5 58 1 82 3 78 
3 3 61 1 63 5 66 
3 3 23 5 53 2 66 
4 3 79 2 89 1 93 4 81 
4 3 72 5 82 1 99 2 94 
4 1 25 2 31 5 33 3 58 
3 1 98 2 99 3 98 
2 5 12 2 18 
2 2 50 3 97 
2 3 61 2 82 
3 2 27 3 52 1 59 
4 5 56 1 77 4 89 2 75 
4 3 14 4 30 1 16 5 22 
3 5 37 2 45 1 66 
2 2 77 5 84 
3 4 35 1 63 5 75 
2 5 15 2 25 
4 1 4 4 7 3 11 2 9 
4 1 95 2 99 3 96 4 96 
2 3 22 2 31 
2 4 60 3 97 
2 3 16 2 47 
2 4 42 2 76 
4 5 18 3 37 4 50 1 50 
3 4 68 5 78 3 96 
2 1 23 5 57 
3 1 65 4 97 5 99 
2 3 7 1 10 
2 3 86 5 86 
3 5 33 4 85 2 77 
2 3 56 4 69 
4 2 37 3 47 5 57 1 86 
3 4 32 2 76 1 84 
3 5 50 2 94 1 64 
3 1 89 5 93 4 91 
4 4 51 3 95 5 74 1 55 
4 3 13 5 20 4 22 1 29 
3 4 20 5 49 2 60 
2 5 75 2 94 
3 5 78 4 80 1 90 
2 1 31 5 66 
4 5 93 4 98 2 97 3 95 
4 4 18 2 26 1 28 5 49 
4 2 56 4 66 1 82 5 62 
4 4 84 5 91 2 84 3 88 
2 2 2 1 5 
3 3 78 2 96 5 86 
4 3 4 4 5 2 8 1 9 
4 5 91 3 96 1 98 4 94 
2 2 85 1 86 
2 1 33 5 44 
4 2 74 1 78 5 98 3 99 
2 1 18 3 37 
4 5 50 2 85 4 82 3 64 
3 1 4 3 11 2 4 
3 5 68 4 82 2 86 
2 1 60 5 68 
4 3 7 5 17 1 16 2 16 
3 1 88 5 90 3 91 
4 5 26 2 68 3 27 4 65 
3 3 41 5 49 2 74 
4 1 33 5 47 4 53 2 60 
4 4 30 3 79 2 80 5 90 
2 2 61 3 72 
3 2 70 3 93 4 89 
3 4 36 3 84 1 70 
4 5 94 2 99 1 94 4 99 
4 5 67 2 80 3 98 1 81 
2 1 37 3 98 
4 5 97 4 97 1 99 3 99 
3 5 11 4 18 1 24 
4 5 39 3 61 4 97 2 68 
2 2 80 5 80 
2 2 84 1 94 
2 3 40 4 91 
2 4 58 5 79 
3 3 16 4 44 2 18 
2 1 24 5 59 
4 4 80 1 96 5 86 3 82 
2 4 71 3 75 
4 1 35 5 77 2 59 3 74 
4 4 52 1 83 5 68 2 67 
3 3 60 2 80 5 85 
4 1 35 2 50 5 70 4 66 
2 5 10 3 24 
3 5 54 2 94 3 94 
2 3 33 4 60 
3 2 58 5 68 3 82 
4 1 44 4 90 5 62 2 75 
3 3 70 4 79 1 95 
2 1 70 5 78 
4 5 1 3 3 1 2 4 3 
4 4 2 5 4 1 6 3 5 
3 5 14 1 16 2 37 
3 5 64 4 84 3 68 
4 2 87 3 95 1 90 4 95 
2 1 84 3 91 
4 2 59 3 80 5 83 1 79 
2 1 82 5 91 
4 1 18 4 44 5 38 3 26 
3 1 47 3 93 4 84 
2 1 68 3 82 
3 1 23 2 49 4 50 
3 2 91 4 99 5 97 
2 1 55 3 94 
3 4 18 1 28 3 47 
2 2 46 4 61 
2 4 23 3 23 
2 3 95 2 96 
3 4 2 1 5 2 6 
4 1 36 4 64 2 87 3 37 
3 2 92 1 93 4 99 
4 5 35 1 83 2 45 4 56 
3 4 5 2 13 5 5 
2 5 79 2 99 
3 5 32 3 39 4 83 
3 4 68 5 83 3 91 
4 1 97 2 98 3 99 5 99 
4 3 26 4 39 5 47 2 60 
3 5 80 3 92 1 87 
4 3 76 5 95 4 92 2 86 
2 5 70 3 89 
2 3 31 5 56 
3 2 83 3 95 1 88 
4 5 28 2 79 4 42 1 74 
3 4 27 3 71 5 29 
4 4 63 3 98 2 99 5 78 
4 3 38 4 42 2 87 5 40 
2 5 73 3 90 
2 3 67 4 94 
3 4 86 1 86 5 87 
3 2 35 1 97 4 88 
3 5 24 1 34 4 29 
4 2 63 4 98 3 80 1 82 
4 3 65 1 85 5 66 2 67 
2 1 82 3 98 
4 5 41 1 72 4 66 3 79 
4 4 70 1 94 5 92 3 91 
3 1 58 2 66 4 69 
4 5 69 2 96 1 97 3 72 
2 2 37 5 56 
3 3 44 5 90 2 74 
3 2 36 5 93 4 60 
3 3 75 5 89 2 76 
2 1 18 4 23 
2 5 73 2 86 
3 4 67 3 80 2 93 
2 4 82 3 85 
2 3 1 5 3 
3 4 92 3 98 1 92 
4 2 41 3 73 1 98 5 76 
3 1 38 3 59 2 61 
3 4 54 2 60 3 63 
2 3 43 1 84 
2 4 44 1 56 
2 4 61 2 92 
3 5 86 2 91 4 88 
2 3 77 1 87 
4 4 38 1 92 2 82 5 48 
2 5 26 1 68 
2 1 40 3 98 
2 5 58 4 60 
4 2 10 3 20 4 12 5 29 
3 1 11 5 17 4 23 
2 2 69 3 73 
4 1 15 5 16 3 25 2 19 
2 4 74 3 81 
3 4 3 2 9 1 4 
2 3 68 2 73 
2 5 12 2 30 
4 2 10 5 17 3 25 4 21 
3 5 49 2 95 3 79 
4 5 74 3 85 4 75 2 77 
4 1 78 4 94 3 89 5 94 
3 1 2 4 5 5 3 
4 4 32 5 34 2 56 3 77 
2 1 77 5 78 
4 4 15 1 34 5 18 2 30 
3 1 68 4 79 3 96 
3 4 12 1 21 3 16 
4 3 96 1 96 4 98 2 99 
3 2 46 1 82 3 63 
2 4 72 2 95 
4 5 11 2 11 1 21 3 30 
2 5 65 1 68 
3 3 43 2 80 4 46 
4 3 95 5 95 2 96 4 99 
2 5 74 2 74 
3 3 65 5 71 1 98 
3 1 94 4 98 5 96 
4 1 47 4 96 5 82 2 78 
3 2 4 4 12 5 6 
4 5 35 1 81 3 80 2 86 
3 1 59 3 84 4 92 
4 4 27 3 70 2 27 1 64 
3 1 82 5 87 4 90 
3 2 60 5 98 1 61 
3 1 75 2 91 4 89 
3 5 83 3 85 2 97 
4 4 38 3 65 1 43 2 68 
3 2 36 4 76 5 91 
3 1 48 5 78 3 90 
4 2 93 1 93 3 96 5 99 
2 1 93 5 93 
4 3 27 4 50 5 76 2 65 
2 5 57 4 66 
3 4 95 2 96 3 97 
3 3 96 2 97 5 97 
2 3 78 5 90 
4 5 75 3 87 1 84 4 93 
4 3 49 4 62 1 58 2 87 
3 2 65 3 70 5 89 
2 3 27 4 38 
2 4 44 5 53 
3 1 83 4 93 3 90 
4 4 63 3 71 5 96 1 83 
3 5 9 1 16 3 23 
2 5 60 1 99 
3 4 70 5 80 2 78 
3 1 22 3 26 5 41 
4 1 30 2 79 5 74 3 66 
2 5 55 4 90 
4 4 51 1 51 3 66 2 53 
2 1 22 2 62 
2 5 90 2 91 
3 1 41 4 74 2 93 
2 2 49 1 70 
3 3 2 1 5 2 6 
2 5 46 3 78 
2 1 33 2 77 
4 2 73 4 80 1 85 3 95 
4 2 82 5 89 3 92 1 97 
4 1 14 2 28 4 39 5 17 
3 4 44 5 90 3 74 
3 4 59 2 86 5 84 
2 2 45 4 70 
4 4 67 3 70 5 92 1 74 
3 3 5 4 10 5 12 
3 4 78 2 98 1 99 
3 1 42 4 60 5 56 
2 3 76 4 92 
3 2 62 1 69 5 90 
4 1 46 3 81 5 90 2 83 
2 1 88 2 93 
3 5 40 4 63 2 79 
4 2 19 3 19 4 44 5 43 
4 3 7 2 12 4 16 5 17 
2 3 20 1 52 
4 2 93 5 98 3 93 4 99 
2 3 9 4 12 
2 1 30 2 34 
4 4 67 2 86 1 92 5 75 
4 2 88 3 90 5 93 1 91 
3 1 56 4 71 2 87 
3 5 47 3 58 1 63 
2 4 63 1 92 
4 4 40 5 56 2 83 3 65 
3 4 7 1 7 5 9 
2 5 85 4 90 
2 4 15 5 21 
3 2 91 1 92 4 93 
4 2 44 5 54 3 98 1 86 
2 1 39 3 86 
4 5 40 2 98 3 51 4 76 
3 2 8 3 24 5 10 
3 1 67 3 97 5 81 
2 2 44 1 72 
4 2 99 1 99 4 99 5 99 
