681 584 10
1 2
1 4
2 3
3 6
4 5
5 6
29 30
30 31
31 32
32 33
33 34
34 35
35 36
36 37
37 38
38 39
39 40
40 41
41 42
42 43
43 44
43 51
44 45
45 46
46 47
47 48
48 49
49 50
51 52
52 53
53 54
54 55
55 56
56 57
58 59
59 64
60 61
61 64
62 63
63 64
64 65
65 66
66 67
67 68
68 69
69 70
70 71
71 72
72 73
73 74
74 75
75 76
76 77
77 78
78 79
79 80
80 81
81 82
83 84
84 85
85 86
86 87
87 88
88 89
89 90
90 91
91 101
92 93
93 94
94 95
95 96
96 97
97 98
98 99
99 100
100 101
101 102
102 103
103 104
104 105
105 106
106 107
107 108
108 109
109 110
111 112
112 113
113 114
114 115
115 116
116 117
117 118
118 119
119 120
120 121
121 122
122 123
123 124
124 125
125 126
126 127
127 128
128 129
129 130
130 131
130 133
130 135
131 132
133 134
135 136
137 138
137 141
137 144
138 139
139 140
140 147
141 142
142 143
143 147
144 145
145 146
146 147
147 148
148 149
165 166
166 167
167 168
168 169
169 170
170 171
171 172
172 173
173 174
174 175
175 176
176 189
177 178
178 179
179 180
180 181
181 182
182 183
183 184
184 185
185 186
186 187
187 188
188 189
189 190
190 191
192 193
193 194
194 195
195 196
196 197
197 198
198 199
199 200
200 201
201 202
202 203
203 204
204 205
205 206
206 207
207 208
208 209
209 210
210 211
210 214
211 212
212 213
214 215
215 216
217 218
218 219
219 220
220 221
221 222
222 223
223 224
224 225
225 226
226 227
227 228
228 229
229 230
230 231
231 232
232 233
233 234
234 235
235 236
236 237
237 238
238 239
238 241
238 243
239 240
241 242
243 244
245 246
246 247
247 248
248 249
249 250
250 251
251 252
252 253
253 254
254 255
255 256
256 257
257 271
258 259
259 260
260 261
261 262
262 263
263 264
264 265
265 266
266 267
267 268
268 269
269 270
270 271
272 273
273 276
274 275
275 276
276 277
277 278
278 279
279 280
280 281
281 282
282 283
283 284
284 285
285 286
286 287
287 288
288 289
289 290
290 291
291 292
292 293
293 294
294 295
295 296
297 298
298 299
299 300
300 305
301 302
302 303
303 304
304 305
305 306
306 307
307 308
308 309
309 310
310 311
311 312
312 313
313 314
314 315
315 316
316 317
317 318
318 319
319 320
320 321
321 322
322 323
323 324
324 325
326 327
327 328
327 336
328 329
329 330
330 331
331 332
332 333
333 334
334 335
335 344
336 337
337 338
338 339
339 340
340 341
341 342
342 343
343 344
355 356
356 357
357 358
358 359
359 370
360 361
361 362
362 363
363 364
364 370
365 366
366 367
367 368
368 369
369 370
370 371
371 372
372 373
373 374
374 375
375 376
376 377
377 378
378 379
379 380
380 381
382 383
383 388
384 385
385 388
386 387
387 388
388 389
389 390
390 391
391 392
392 393
393 394
394 395
395 396
396 397
397 398
398 399
399 400
400 401
401 402
402 403
403 404
404 405
405 406
406 407
408 409
408 420
409 410
410 411
411 412
412 413
413 414
414 415
415 416
416 417
417 418
418 419
419 431
420 421
421 422
422 423
423 424
424 425
425 426
426 427
427 428
428 429
429 430
430 431
436 437
436 438
437 439
438 439
439 440
461 462
461 474
462 463
463 464
464 465
465 466
466 467
467 468
468 469
469 470
470 471
471 472
472 473
473 486
474 475
475 476
476 477
477 478
478 479
479 480
480 481
481 482
482 483
483 484
484 485
485 486
487 488
488 489
489 490
490 495
491 492
492 493
493 494
494 495
495 496
496 497
497 498
498 499
499 500
500 501
501 502
502 503
503 504
504 505
505 506
506 507
507 508
508 509
509 510
510 511
511 512
512 513
513 514
514 515
516 517
517 518
518 519
519 520
519 532
520 521
521 522
522 523
523 524
524 525
525 526
526 527
527 528
528 529
529 530
530 531
532 533
533 534
534 535
535 536
536 537
537 538
538 539
539 540
540 541
541 542
542 543
544 545
545 546
545 553
546 547
547 548
548 549
549 550
550 551
551 552
552 560
553 554
554 555
555 556
556 557
557 558
558 559
559 560
569 570
570 571
571 572
572 573
573 574
574 575
575 576
576 577
577 578
578 579
579 580
580 581
581 582
582 583
583 584
583 588
583 592
584 585
585 586
586 587
588 589
589 590
590 591
592 593
593 594
594 595
596 597
596 605
596 613
597 598
598 599
599 600
600 601
601 602
602 603
603 604
604 621
605 606
606 607
607 608
608 609
609 610
610 611
611 612
612 621
613 614
614 615
615 616
616 617
617 618
618 619
619 620
620 621
625 626
626 627
627 628
628 629
629 640
630 631
631 632
632 633
633 634
634 640
635 636
636 637
637 638
638 639
639 640
640 641
641 642
642 643
643 644
644 645
645 646
646 647
647 648
648 649
649 650
650 651
651 652
653 654
654 655
655 656
656 657
657 658
658 659
659 660
660 661
661 662
662 663
663 664
664 665
665 666
666 667
667 668
668 669
669 670
670 671
671 672
672 673
673 674
674 675
675 676
676 677
677 678
678 679
678 680
678 681
4 4 67 7 98 1 72 6 79 
5 7 66 8 70 4 98 9 67 1 85 
6 5 73 6 81 4 96 3 93 7 98 9 84 
5 9 45 8 66 5 64 7 46 6 90 
7 1 54 10 58 3 70 4 75 6 71 9 96 7 77 
5 7 62 8 62 4 72 5 69 2 81 
7 10 20 9 56 5 51 3 50 2 39 8 60 6 29 
3 8 29 4 74 10 41 
5 3 50 8 86 4 84 2 80 5 72 
7 3 88 2 92 9 92 6 95 5 91 7 90 8 91 
4 9 28 7 73 1 29 3 59 
7 7 20 9 48 4 57 5 57 2 36 1 27 3 58 
5 5 91 10 98 2 96 6 97 7 95 
4 10 39 1 40 5 95 9 98 
7 4 29 2 64 5 50 8 58 10 74 3 75 6 40 
4 5 48 10 71 1 94 6 49 
3 9 61 7 81 6 87 
5 2 7 6 21 7 20 5 8 9 18 
5 2 91 5 92 9 99 7 95 6 94 
3 5 92 2 96 3 94 
6 5 88 3 88 7 98 9 92 8 88 6 94 
5 8 91 4 98 1 93 7 93 3 95 
4 5 49 2 89 6 94 3 54 
5 1 90 7 96 4 90 5 90 9 90 
6 8 58 1 90 6 70 10 63 7 58 5 81 
7 4 34 5 42 8 72 1 46 10 50 2 91 3 37 
3 3 97 2 98 1 97 
7 6 99 5 99 4 99 9 99 3 99 1 99 2 99 
4 5 53 7 99 10 98 9 85 
7 4 97 8 97 3 97 1 99 2 99 10 99 6 98 
7 10 92 1 96 7 93 2 95 6 99 5 92 8 93 
4 1 36 4 93 3 40 7 39 
3 9 15 7 21 4 40 
4 2 3 6 7 4 7 3 3 
6 6 11 9 14 10 18 3 32 1 19 8 12 
6 1 61 3 84 5 74 7 83 9 76 4 69 
6 4 11 3 30 10 33 6 29 7 32 1 28 
3 2 14 10 18 1 30 
6 7 6 9 15 8 8 3 7 5 7 1 11 
3 6 84 10 99 2 84 
3 10 67 6 73 4 97 
3 2 5 4 7 1 9 
7 9 52 5 72 4 93 10 77 6 88 8 70 1 95 
4 9 5 6 15 3 9 4 7 
3 1 95 8 99 7 98 
7 5 57 1 96 3 60 6 75 2 74 8 70 7 61 
5 8 59 2 90 4 70 1 68 5 86 
3 7 96 1 96 2 99 
5 3 11 4 31 1 20 9 25 5 26 
6 4 84 7 92 2 99 6 87 1 92 5 84 
4 1 80 7 87 2 82 8 88 
3 6 43 3 85 2 73 
4 9 50 4 61 5 62 10 66 
4 1 65 4 91 9 69 7 76 
3 1 46 7 75 6 50 
4 4 26 7 27 8 78 10 56 
4 9 49 10 56 4 71 7 50 
7 1 57 7 64 2 63 3 66 10 82 5 67 9 94 
7 2 66 9 75 4 68 10 89 8 97 7 88 1 76 
6 9 42 7 86 2 52 5 72 6 79 1 77 
6 6 15 10 42 7 17 4 16 3 34 9 36 
7 9 50 1 76 8 61 2 84 3 52 7 82 6 63 
5 6 70 2 74 3 96 4 77 1 75 
7 1 18 6 27 3 21 5 46 10 33 4 37 8 21 
3 2 26 9 38 10 70 
4 10 27 6 36 7 71 5 67 
4 7 32 1 86 8 41 4 53 
5 3 80 7 95 10 91 5 94 4 84 
6 1 87 10 99 2 96 6 87 4 93 3 97 
7 9 5 4 15 1 6 10 12 5 5 2 14 3 7 
4 10 65 3 68 2 91 8 74 
4 8 25 9 47 3 69 6 62 
6 2 56 1 77 9 65 5 63 8 83 6 94 
5 9 32 6 42 10 95 1 95 5 78 
7 4 78 10 91 2 81 9 83 3 88 8 83 7 79 
5 6 97 8 97 5 99 2 99 10 97 
6 4 37 1 45 8 99 2 93 7 94 6 38 
7 10 30 2 38 9 67 5 67 1 52 4 82 8 81 
7 4 41 9 84 2 82 10 82 1 81 6 80 3 54 
7 1 60 10 63 6 69 2 76 4 76 3 71 5 73 
7 7 39 2 91 1 97 9 43 5 59 6 87 4 72 
5 6 38 2 86 4 88 10 85 8 91 
7 7 65 1 77 4 84 6 77 9 81 5 83 2 98 
7 2 14 4 18 7 29 3 33 6 40 10 36 1 19 
3 6 41 5 98 7 73 
3 7 28 10 44 9 65 
7 10 65 1 98 4 78 7 69 2 69 6 74 8 85 
4 1 20 7 39 10 48 8 23 
5 4 99 10 99 8 99 7 99 9 99 
6 2 74 1 84 3 97 9 93 4 74 10 77 
7 3 4 8 6 1 12 4 7 2 4 7 12 6 11 
7 7 41 10 55 1 93 4 41 3 78 2 53 5 61 
3 5 22 10 22 4 49 
5 3 97 9 97 4 99 2 98 7 98 
7 3 78 9 88 8 82 10 96 5 78 6 98 2 88 
3 5 78 7 94 3 98 
3 6 37 5 51 2 59 
7 7 60 5 94 3 93 1 85 2 69 8 89 6 87 
4 8 80 4 87 7 90 2 83 
6 2 47 10 55 5 47 1 76 7 95 9 62 
4 3 3 5 6 7 7 1 9 
6 2 59 10 99 9 75 4 60 5 96 7 93 
6 6 99 3 99 8 99 1 99 2 99 9 99 
6 5 72 1 91 10 83 9 95 3 80 8 93 
5 4 20 6 35 3 26 10 25 8 56 
5 2 76 8 84 5 92 3 85 9 90 
3 5 10 1 14 8 14 
3 8 87 4 91 1 89 
3 7 90 2 93 10 99 
3 2 13 10 38 4 29 
5 5 10 4 11 1 22 8 28 6 17 
4 5 35 6 35 8 66 4 84 
5 7 77 10 93 4 97 6 86 8 86 
4 8 94 5 95 7 94 10 95 
6 4 10 1 17 8 13 2 21 9 18 6 30 
5 10 53 4 98 8 82 6 64 1 62 
4 4 57 7 74 9 87 6 73 
7 10 27 2 58 3 37 6 41 7 37 9 67 1 39 
4 3 2 10 3 2 3 1 4 
4 2 7 8 11 3 7 6 19 
6 6 93 1 97 9 95 3 98 2 98 7 98 
7 2 16 10 22 7 27 5 24 1 34 3 31 4 27 
5 9 96 7 99 2 98 5 97 4 96 
7 10 97 3 98 2 98 7 97 8 97 1 99 5 99 
6 6 6 5 13 8 17 7 12 4 17 10 6 
6 4 97 5 99 6 97 2 99 7 97 9 98 
3 5 79 4 90 7 90 
6 7 10 5 28 9 29 1 11 2 18 4 29 
5 2 23 8 33 10 42 4 66 6 31 
3 7 48 1 78 4 91 
5 5 48 6 70 4 48 1 68 7 67 
7 9 73 4 77 3 86 8 75 10 99 2 79 6 77 
6 5 88 3 89 2 89 1 96 10 99 4 98 
4 7 86 1 99 6 89 9 94 
5 4 78 9 97 10 85 5 86 1 83 
3 10 28 7 47 8 49 
3 2 50 7 70 8 64 
3 10 7 3 8 4 9 
5 3 51 4 60 10 72 2 87 7 51 
3 1 19 8 24 7 26 
6 5 78 9 84 4 98 1 98 3 82 8 86 
7 2 56 1 87 7 90 9 67 6 66 8 60 4 86 
3 9 77 7 93 2 99 
5 7 96 9 96 6 97 3 98 5 99 
7 7 52 1 57 4 61 3 67 5 64 10 72 9 52 
4 8 75 10 84 9 84 6 96 
4 4 12 2 14 10 30 8 18 
6 1 37 8 86 3 62 2 50 6 58 7 63 
5 7 50 3 85 4 88 1 83 6 76 
5 9 66 1 69 6 74 2 84 10 86 
7 7 63 3 89 4 95 8 73 9 97 6 86 5 93 
4 3 44 2 70 1 78 4 80 
4 4 60 3 67 6 77 5 62 
4 5 26 7 41 6 31 1 52 
7 9 9 4 21 1 23 7 14 5 27 8 27 6 20 
5 8 67 1 97 4 82 2 80 5 87 
3 10 4 3 7 9 10 
5 5 38 6 49 3 73 1 49 9 68 
4 8 58 3 95 9 76 1 93 
6 1 63 5 74 6 85 2 69 8 85 10 83 
4 7 78 4 94 1 92 10 92 
5 8 4 4 9 7 10 9 9 2 5 
6 3 51 1 98 5 83 10 52 6 83 7 53 
5 3 62 8 80 5 84 9 94 1 62 
5 2 35 9 95 7 37 10 85 3 73 
3 3 51 2 98 6 84 
5 8 89 3 92 6 90 9 99 7 94 
7 6 77 5 94 10 92 2 81 7 88 8 82 3 88 
5 5 48 2 70 6 61 8 71 1 82 
4 8 18 1 37 4 53 6 34 
7 9 41 4 75 10 83 1 46 5 42 3 57 7 99 
3 3 83 8 90 9 83 
4 8 8 1 8 9 19 7 13 
5 8 69 3 73 7 73 5 81 4 91 
3 8 29 3 38 6 44 
6 8 9 4 21 3 14 1 26 7 21 5 9 
3 8 73 6 87 10 80 
7 5 98 2 99 3 98 9 99 8 98 6 99 4 98 
7 5 83 3 91 9 86 4 99 2 99 6 90 10 85 
3 10 93 7 98 2 95 
6 2 6 10 16 4 18 5 13 7 8 3 11 
3 10 49 4 80 5 93 
4 1 91 5 95 4 96 9 92 
7 4 91 10 92 5 94 3 96 7 92 8 97 9 96 
6 1 14 5 18 10 16 7 32 2 41 9 16 
5 7 96 3 97 5 97 6 96 9 98 
4 7 76 2 79 1 78 9 98 
4 1 37 7 80 8 65 6 80 
3 6 77 4 92 9 78 
7 7 22 8 42 9 28 1 33 3 59 10 36 2 61 
3 4 47 8 92 7 72 
4 9 18 7 43 3 40 10 42 
5 3 42 6 99 5 58 1 99 7 59 
7 1 15 8 18 4 18 2 19 9 24 3 28 6 40 
4 4 44 8 59 10 99 5 48 
6 9 94 6 98 7 96 5 98 10 98 8 94 
3 8 12 2 35 3 33 
4 8 56 4 71 9 96 3 83 
7 1 58 9 89 10 63 2 88 6 73 3 62 7 78 
4 3 15 2 39 10 35 4 19 
7 8 68 2 95 6 68 5 75 9 77 7 93 10 90 
4 5 49 6 84 3 97 9 53 
7 10 38 3 84 1 96 4 69 8 78 9 48 2 65 
5 3 56 8 96 7 96 1 66 2 78 
5 9 77 7 91 4 98 1 77 10 84 
5 10 56 5 86 1 64 4 87 2 95 
6 4 86 5 87 9 94 2 91 6 98 1 91 
5 3 76 8 83 7 81 4 83 2 82 
3 5 45 7 72 2 78 
3 8 87 5 94 9 98 
4 3 34 1 64 7 64 6 39 
7 10 24 1 24 8 66 2 44 6 37 7 69 5 58 
5 8 66 5 89 7 66 1 96 2 97 
3 8 84 3 93 1 91 
5 3 20 6 23 2 38 8 49 7 34 
7 3 13 2 14 8 15 9 33 5 30 6 30 4 23 
7 9 2 3 6 1 3 7 2 6 3 10 6 2 5 
3 1 3 9 9 2 3 
6 10 77 5 88 3 79 9 86 4 91 7 79 
5 6 88 3 99 8 92 10 99 1 95 
7 5 26 6 27 1 52 8 46 3 63 10 40 2 75 
5 9 22 1 48 4 32 7 35 5 46 
3 2 37 8 91 6 56 
4 5 99 10 99 4 99 1 99 
4 8 22 7 46 3 38 1 52 
6 8 52 4 71 9 65 1 65 10 72 6 60 
7 4 83 6 83 10 93 7 89 3 83 2 83 8 98 
7 7 92 5 92 1 93 9 94 2 93 4 97 8 97 
5 7 8 9 10 10 19 4 24 5 23 
3 3 35 8 83 7 63 
5 4 27 2 28 1 66 6 46 8 58 
7 6 39 8 80 7 84 10 44 9 42 1 84 4 57 
3 1 34 2 55 5 87 
4 2 67 1 74 10 81 4 96 
3 1 94 8 95 7 94 
5 5 73 8 78 4 99 2 99 1 77 
4 9 98 4 99 7 99 3 99 
5 5 13 6 21 4 13 7 23 10 17 
5 3 37 8 74 5 54 9 74 4 79 
3 7 46 10 81 9 70 
4 1 4 10 4 9 5 5 5 
6 7 65 10 72 1 70 6 96 2 82 3 88 
4 9 49 1 60 7 67 4 84 
3 6 59 9 85 10 79 
6 2 79 6 87 5 89 10 83 8 86 1 93 
7 6 99 7 99 9 99 2 99 1 99 5 99 10 99 
5 3 42 4 87 7 65 9 65 8 45 
4 7 51 6 74 2 91 3 94 
4 4 27 10 35 7 73 5 41 
4 5 93 4 97 8 98 2 96 
4 5 69 8 82 4 94 9 81 
6 1 62 10 64 4 65 3 73 7 68 9 79 
7 7 46 6 65 2 55 4 71 5 69 9 57 1 46 
6 8 27 2 32 1 47 10 50 4 44 6 76 
6 7 86 10 89 8 87 4 98 3 88 5 87 
4 9 34 10 92 6 43 5 80 
7 7 50 8 85 1 57 2 76 4 91 6 69 3 93 
3 4 36 2 93 8 52 
6 2 61 8 95 4 93 3 79 10 61 1 91 
5 1 39 4 50 6 47 8 41 3 79 
3 4 50 6 68 1 86 
6 4 49 2 81 1 53 10 79 9 74 6 77 
5 8 6 1 12 3 16 7 17 4 17 
5 9 49 8 88 5 77 1 71 3 84 
5 9 23 7 44 10 38 6 26 2 55 
6 4 96 3 97 6 97 9 96 2 99 7 96 
5 2 39 9 40 7 60 1 93 3 81 
4 4 89 2 90 3 90 9 98 
7 5 84 1 94 2 94 7 89 9 96 4 98 6 94 
5 4 78 8 97 5 96 1 85 10 95 
3 8 21 9 62 2 59 
3 1 64 7 73 5 92 
5 6 93 8 99 4 99 2 97 9 96 
3 10 3 3 4 7 7 
5 3 72 1 74 10 91 8 85 6 88 
7 7 28 8 52 2 48 9 78 5 52 4 39 10 79 
3 6 69 3 70 5 92 
3 8 87 10 88 9 99 
3 10 75 9 96 5 95 
6 4 74 9 89 10 96 8 83 3 95 7 77 
3 7 84 2 98 9 93 
7 1 34 10 60 5 82 7 70 2 66 3 74 6 34 
4 7 26 8 34 4 56 1 67 
3 9 26 4 59 7 31 
3 5 59 8 85 9 68 
6 7 48 1 49 5 67 2 82 6 58 10 62 
4 7 56 1 57 2 79 5 78 
3 10 82 3 86 2 92 
4 7 30 2 54 10 89 9 40 
7 7 3 3 8 10 3 5 6 9 9 2 4 4 5 
5 6 92 5 93 1 92 7 93 4 98 
7 5 10 1 15 9 30 10 23 6 11 2 11 7 28 
4 1 8 2 10 5 19 7 16 
4 1 95 4 99 8 95 9 99 
6 6 12 9 13 4 12 10 27 7 22 3 36 
4 3 67 5 73 6 90 2 76 
5 6 2 1 5 4 6 2 5 7 6 
7 4 90 10 93 3 98 2 97 7 96 1 99 9 92 
7 1 6 9 10 4 8 8 16 6 7 5 17 10 12 
4 7 12 8 23 6 28 3 19 
3 9 34 6 86 4 49 
6 9 1 5 3 3 1 6 2 1 1 4 2 
6 1 46 7 65 4 62 3 78 8 65 10 59 
7 8 91 5 92 9 93 3 98 2 98 6 96 10 93 
6 5 30 10 43 1 61 8 75 9 43 7 36 
3 3 2 10 3 4 6 
6 6 79 4 97 9 84 8 80 1 88 5 96 
3 9 59 2 97 5 72 
7 8 91 10 96 1 97 4 94 7 92 6 93 3 98 
3 3 7 2 11 5 12 
4 1 42 4 84 7 89 6 84 
7 9 25 2 33 10 31 7 59 8 66 3 68 1 37 
4 6 18 8 36 4 47 7 51 
5 4 54 7 98 5 85 2 63 10 90 
3 9 3 5 7 2 7 
7 7 97 9 98 4 98 5 97 8 98 6 97 10 99 
4 6 28 2 58 9 39 5 78 
5 5 27 2 56 9 35 1 61 4 66 
3 5 53 7 83 10 95 
3 10 13 4 21 7 22 
5 6 43 9 99 4 99 10 74 2 92 
5 3 47 5 93 7 87 1 97 2 65 
7 3 46 6 74 2 91 7 69 1 83 8 94 9 66 
6 10 94 9 99 5 96 1 94 7 96 6 98 
5 9 3 3 6 6 6 1 7 5 5 
7 4 53 7 73 5 60 10 82 9 61 3 78 1 60 
7 9 41 2 57 1 72 7 69 3 95 4 59 6 42 
6 2 80 3 83 1 90 5 80 6 85 8 84 
7 10 89 5 99 8 94 7 93 9 98 1 92 3 97 
7 2 14 3 33 9 25 6 23 8 16 5 36 7 36 
5 10 8 7 22 5 12 3 16 4 22 
5 8 5 10 9 4 8 7 10 5 5 
4 3 62 9 66 8 77 4 98 
7 3 23 7 62 2 29 6 61 10 60 1 58 5 32 
5 4 71 9 91 10 82 6 84 3 88 
7 10 50 4 61 3 78 2 55 8 95 1 59 9 93 
6 4 40 7 72 1 72 3 68 10 64 8 75 
4 9 77 8 85 2 85 3 98 
6 3 87 2 90 4 90 10 99 7 95 5 89 
6 6 48 2 50 3 90 10 81 5 70 7 57 
7 9 67 7 78 3 94 10 70 5 85 8 75 2 68 
4 5 94 6 95 3 95 7 97 
6 6 66 9 69 3 73 8 91 1 78 2 74 
6 5 42 2 50 3 67 9 96 1 52 7 81 
6 4 69 3 89 1 93 9 82 10 72 7 89 
7 4 34 10 82 6 89 2 78 7 94 8 86 1 88 
5 8 8 3 16 9 15 1 17 5 15 
5 1 52 6 59 7 95 4 83 5 52 
3 1 30 3 48 2 37 
6 3 50 6 91 8 91 9 70 2 85 10 72 
4 4 52 7 60 8 95 1 77 
6 8 36 2 67 6 67 10 42 3 51 5 49 
5 9 85 3 90 7 92 8 86 4 96 
5 5 47 3 56 4 58 7 94 9 95 
5 6 92 2 99 5 94 9 93 4 92 
6 2 3 1 8 9 8 4 7 7 5 10 4 
6 7 55 6 98 10 92 3 55 9 71 1 74 
7 10 60 1 87 7 77 5 68 8 71 4 74 6 83 
3 9 93 3 95 8 98 
5 5 38 9 89 2 38 6 72 3 45 
3 7 55 1 71 2 72 
7 5 22 4 45 3 25 6 27 7 59 1 46 9 55 
5 10 98 1 99 9 99 2 98 8 99 
7 6 89 4 98 8 90 9 93 5 90 3 91 2 97 
4 6 86 9 98 8 92 7 93 
4 10 24 2 53 5 51 7 40 
3 6 86 3 91 2 95 
7 10 46 2 95 9 98 1 78 5 57 6 75 8 54 
7 7 95 10 99 6 97 2 99 8 99 5 98 9 98 
6 6 43 4 63 7 93 1 91 9 46 8 86 
4 5 73 7 87 10 89 6 90 
5 7 2 5 5 9 3 4 5 6 5 
7 4 42 2 59 6 51 9 91 5 88 10 54 3 47 
5 8 46 10 85 5 53 3 88 1 51 
5 7 51 5 86 4 88 8 99 6 53 
6 7 37 2 90 1 78 9 88 10 81 5 54 
4 2 41 3 89 8 60 4 60 
5 6 90 9 99 5 97 10 94 1 97 
3 4 11 9 33 3 24 
4 7 23 3 55 8 31 2 57 
4 2 48 5 64 3 82 8 48 
5 4 45 5 83 9 60 6 45 10 45 
4 6 13 3 27 1 18 4 32 
5 3 80 6 97 9 86 8 84 10 92 
6 8 78 9 84 3 80 5 91 6 79 2 79 
4 6 79 4 82 3 85 2 83 
5 2 46 1 78 6 59 7 81 9 84 
4 4 21 9 22 10 44 8 63 
6 9 17 4 28 10 22 1 33 3 49 7 19 
5 2 45 3 92 8 49 6 73 7 83 
6 6 21 2 22 7 48 5 47 3 35 9 59 
6 9 15 4 15 1 29 10 27 5 21 7 39 
7 1 87 3 98 10 87 4 98 2 90 6 89 5 88 
4 7 1 3 2 10 3 1 2 
3 6 3 5 4 3 8 
5 8 7 3 7 7 11 2 18 5 14 
5 2 47 1 82 5 66 3 86 10 57 
3 1 79 5 92 9 89 
3 3 35 9 36 7 89 
5 1 13 6 25 2 30 10 18 9 28 
4 8 80 6 82 1 87 2 85 
3 4 53 10 90 1 73 
6 10 55 8 65 7 78 5 77 3 66 2 82 
4 4 5 5 11 8 6 9 10 
3 4 81 10 88 3 97 
3 5 6 8 16 9 12 
6 10 80 9 82 1 92 6 81 8 99 3 89 
4 5 9 9 24 3 24 10 19 
6 4 74 3 88 2 98 6 88 8 80 5 79 
3 8 16 5 25 1 29 
6 2 38 5 45 7 39 4 66 8 75 9 43 
5 10 2 7 2 3 5 9 5 2 2 
4 3 14 10 22 7 41 6 17 
7 6 38 10 78 5 83 3 53 2 40 9 59 4 51 
4 10 78 8 84 9 94 4 99 
7 9 12 10 16 4 29 7 14 6 27 8 21 3 21 
3 5 76 4 88 1 93 
5 8 19 2 30 1 43 5 31 9 50 
6 7 83 10 91 6 84 9 96 8 92 1 98 
7 7 59 2 81 5 66 9 92 10 63 8 93 4 90 
7 5 92 9 99 3 95 10 93 1 96 2 92 7 97 
4 5 10 6 17 4 28 10 21 
3 5 45 6 70 2 78 
6 2 16 8 48 5 16 3 37 1 36 6 28 
3 3 31 1 72 6 82 
6 3 16 1 28 6 22 9 45 4 42 10 21 
5 7 65 3 71 2 95 1 75 4 66 
4 5 32 6 43 4 82 3 51 
6 4 43 9 61 3 86 1 61 6 53 7 80 
6 7 29 8 51 3 51 6 68 1 54 9 63 
6 5 89 1 97 3 98 9 92 8 89 4 97 
6 5 81 3 85 7 84 8 96 4 84 1 95 
6 5 3 9 6 4 4 10 5 6 6 7 3 
6 8 5 6 10 9 12 10 12 5 10 4 14 
3 9 92 7 96 3 96 
6 7 55 2 72 4 73 9 59 10 97 8 55 
3 2 46 4 65 8 48 
3 2 55 4 92 9 63 
5 9 21 5 23 3 31 1 26 6 51 
6 9 87 5 90 3 90 6 98 8 92 7 92 
7 2 27 5 44 7 39 10 78 3 54 8 39 9 44 
7 8 22 1 58 3 37 4 62 10 60 9 35 7 49 
4 3 12 9 23 10 20 6 25 
3 8 15 6 41 1 32 
4 2 20 8 54 3 29 10 25 
5 10 56 8 69 3 84 5 67 9 56 
5 8 19 6 20 7 29 5 29 4 39 
6 3 29 7 50 10 67 6 55 9 74 5 34 
5 1 41 9 74 3 55 7 77 10 97 
4 1 71 10 83 8 87 2 75 
7 1 19 10 32 4 41 6 41 7 39 3 53 8 33 
3 4 36 3 62 6 54 
6 7 55 2 77 10 63 1 87 6 63 4 78 
3 10 85 9 97 5 99 
4 1 52 10 66 9 87 4 72 
3 5 81 2 96 6 96 
4 1 45 6 73 9 98 5 68 
4 3 11 9 23 7 14 6 20 
7 4 84 5 92 7 86 9 92 2 86 1 88 10 99 
6 1 5 10 13 5 5 8 12 7 8 9 9 
6 5 50 1 53 7 78 4 58 3 51 6 60 
6 7 47 10 80 8 68 4 68 6 82 2 62 
5 2 58 5 85 7 65 6 62 1 71 
3 6 69 4 79 1 93 
3 5 48 8 77 3 75 
3 8 88 1 97 4 93 
5 8 26 1 39 6 48 4 72 10 39 
7 9 83 2 84 10 85 8 90 6 98 1 84 7 84 
3 9 5 4 15 7 6 
4 7 24 3 67 1 59 6 25 
7 6 23 10 43 9 29 8 34 5 44 4 59 7 48 
6 10 12 4 14 9 24 7 29 1 34 5 34 
7 6 48 8 84 3 65 1 57 10 86 7 75 5 87 
6 10 73 7 94 1 82 5 82 2 83 4 94 
6 5 68 8 98 3 73 4 86 6 80 7 71 
3 8 70 10 83 3 78 
6 9 58 4 97 8 98 10 63 2 82 1 71 
6 7 10 10 17 8 27 9 20 3 18 1 11 
7 7 24 3 44 2 54 10 53 4 53 5 62 1 26 
3 7 88 10 88 6 92 
7 1 97 7 97 6 97 3 97 8 97 10 99 4 98 
4 1 60 9 83 6 82 8 96 
5 9 63 5 90 3 69 10 93 2 92 
7 5 23 2 58 1 33 10 25 8 36 6 30 7 64 
4 7 55 5 99 10 91 4 86 
6 5 15 8 40 4 41 3 15 2 41 10 18 
7 5 51 8 99 6 75 1 93 2 79 4 55 7 72 
3 1 20 9 57 5 22 
7 7 79 6 80 1 79 4 89 9 90 3 90 2 83 
3 8 72 10 82 7 72 
6 9 85 10 92 4 93 5 91 7 92 6 92 
5 9 58 1 78 3 86 4 67 5 60 
5 1 69 9 93 8 72 3 77 4 92 
7 2 1 7 1 9 3 3 3 8 3 6 2 4 3 
5 9 10 5 21 1 12 2 27 7 15 
7 6 9 2 27 1 21 5 9 9 17 3 27 10 11 
6 5 99 7 99 2 99 1 99 8 99 3 99 
4 4 66 1 69 6 98 5 94 
5 1 57 9 89 7 94 4 57 2 66 
4 6 92 2 96 5 98 7 99 
5 6 45 4 55 3 93 2 51 5 64 
3 8 27 10 56 2 64 
5 3 59 8 69 1 62 4 59 9 91 
4 10 40 6 40 2 82 5 94 
3 10 71 4 82 9 81 
4 7 52 9 56 6 94 1 58 
3 10 6 7 6 1 18 
4 5 74 8 93 6 79 10 90 
5 4 86 10 92 3 86 1 94 9 93 
3 2 33 9 87 1 63 
7 3 44 5 99 6 47 10 71 1 89 9 72 4 64 
4 6 52 4 74 7 62 3 56 
7 10 68 2 80 3 91 6 80 8 89 5 80 4 70 
4 6 4 10 6 2 12 9 12 
5 3 38 1 85 4 82 6 74 2 83 
3 4 24 7 60 5 50 
4 5 92 8 92 2 99 9 93 
3 2 27 10 27 9 64 
3 10 59 9 62 3 76 
7 9 56 10 72 5 57 6 63 1 95 2 97 3 75 
7 10 78 6 95 8 90 1 91 2 95 4 95 5 97 
7 8 4 9 6 6 8 2 10 5 6 4 6 3 7 
5 6 65 9 77 1 75 4 71 7 95 
4 10 12 2 15 7 28 8 34 
3 6 92 10 97 1 93 
7 3 99 8 99 1 99 9 99 2 99 10 99 4 99 
3 6 66 9 95 10 91 
7 6 92 3 96 7 94 1 93 5 96 9 93 2 92 
5 10 48 4 94 3 78 2 54 5 85 
6 8 93 6 96 3 99 4 97 1 93 7 97 
5 9 30 10 51 6 36 2 56 4 56 
4 6 89 4 94 10 90 7 92 
4 10 2 6 2 5 5 9 5 
7 9 68 6 88 3 94 8 74 4 77 7 87 10 68 
6 4 53 9 72 1 79 3 83 6 65 2 66 
6 3 23 6 28 5 40 1 47 7 44 4 59 
3 2 50 9 99 3 64 
7 6 5 7 12 2 8 10 15 3 5 8 15 9 8 
7 3 67 2 81 6 74 7 80 10 69 5 77 9 92 
7 6 76 8 81 5 80 10 90 9 89 3 90 7 78 
5 3 93 5 95 6 95 10 94 1 95 
6 9 36 2 56 7 96 1 42 3 51 5 47 
3 3 16 2 26 6 17 
6 4 21 3 48 6 21 10 42 8 21 1 55 
6 10 36 8 37 6 70 7 59 4 98 5 61 
6 10 72 1 87 7 73 9 91 3 78 4 86 
7 4 8 9 20 8 17 10 23 1 14 6 18 7 15 
5 10 93 2 96 7 97 8 93 5 97 
5 2 70 1 86 7 83 3 98 6 70 
7 3 40 4 41 7 94 9 87 10 78 8 98 2 99 
7 10 54 2 66 3 63 6 74 5 73 1 93 7 56 
7 2 76 9 77 10 96 7 86 1 79 6 86 8 98 
4 6 16 10 18 7 30 5 44 
3 6 47 2 87 8 98 
3 9 63 2 97 10 96 
5 7 35 10 74 4 86 8 96 1 40 
6 2 82 3 89 10 88 1 82 5 92 7 84 
4 4 97 10 98 7 97 9 98 
7 3 54 2 82 6 79 8 83 4 93 7 57 5 99 
6 7 25 4 60 6 64 3 44 5 51 8 42 
4 6 8 2 20 3 23 4 9 
5 6 65 1 74 8 81 3 97 10 96 
4 9 86 6 88 10 99 4 89 
4 9 96 2 98 5 99 3 96 
4 6 70 10 90 9 93 3 83 
7 9 15 5 16 7 41 2 19 10 33 1 17 4 21 
5 10 17 7 19 4 18 9 32 3 20 
5 1 61 6 69 9 61 3 69 5 79 
5 9 15 6 34 3 21 5 34 8 18 
3 1 98 2 99 6 99 
7 1 76 5 77 3 92 2 88 9 86 7 90 6 82 
3 2 10 7 28 6 11 
7 2 89 3 95 8 96 4 91 6 90 10 91 5 90 
4 8 15 1 45 6 26 2 34 
6 10 96 1 96 4 97 9 97 2 97 8 96 
6 7 14 8 17 6 38 3 19 1 31 9 34 
3 6 48 5 49 2 71 
3 9 14 4 22 3 17 
3 1 23 2 31 8 40 
4 1 17 9 43 10 31 4 37 
7 7 31 6 45 2 64 5 82 10 64 9 53 8 93 
7 9 91 6 93 10 95 4 97 2 92 3 98 8 99 
7 7 84 4 92 10 86 3 98 5 89 1 95 9 91 
3 2 17 8 22 7 23 
7 9 22 7 55 2 35 3 59 10 33 8 41 5 62 
4 4 22 1 56 8 29 6 63 
3 4 38 5 65 6 93 
6 3 96 9 98 5 96 10 99 1 96 7 98 
5 3 74 1 98 5 95 2 83 9 88 
7 6 12 4 28 1 26 9 26 3 27 5 25 7 28 
5 5 57 10 86 1 97 4 82 3 79 
3 9 53 2 91 1 56 
5 7 61 9 87 4 85 8 84 1 89 
4 3 30 9 78 5 58 7 34 
7 6 92 3 95 5 92 10 95 2 95 8 94 1 95 
7 9 67 5 91 2 69 7 75 8 82 4 98 3 93 
6 1 59 5 77 4 72 2 72 8 98 6 97 
3 6 86 4 95 1 95 
3 5 61 3 95 4 69 
4 1 67 10 99 7 95 2 89 
5 3 34 7 96 9 99 8 82 5 36 
4 3 96 7 97 5 96 8 96 
4 10 39 6 98 3 95 9 95 
5 8 36 4 60 10 64 1 92 5 62 
3 9 62 7 76 4 85 
5 4 3 10 8 3 7 7 5 9 5 
5 6 75 10 81 5 95 4 95 8 89 
7 1 19 8 56 3 32 10 30 2 43 4 30 5 25 
3 9 32 10 48 5 38 
4 10 53 7 76 5 78 2 87 
5 8 84 9 92 5 95 2 96 10 92 
6 7 30 5 80 8 36 4 33 3 89 6 47 
7 4 88 8 99 6 88 7 91 5 94 3 98 2 90 
5 6 38 9 84 2 66 8 80 7 48 
6 8 72 1 92 5 88 2 89 4 73 6 87 
3 1 68 3 76 8 77 
4 2 52 3 56 6 65 4 70 
6 5 37 10 46 8 47 3 98 6 71 9 69 
6 4 90 10 96 6 92 7 99 2 96 9 91 
4 5 16 3 44 1 33 10 37 
7 8 69 2 95 4 79 10 84 5 69 1 93 7 95 
6 2 16 1 48 6 31 3 39 8 36 5 45 
7 4 57 5 99 2 83 3 67 1 67 10 63 9 59 
3 9 15 6 17 5 29 
5 2 41 9 88 10 85 3 61 6 53 
3 6 39 7 49 3 60 
7 8 94 4 95 5 97 9 94 6 95 10 98 2 99 
5 6 7 3 16 8 8 2 20 4 15 
7 1 78 10 79 4 95 6 99 7 90 9 88 2 81 
5 6 74 10 97 3 99 9 77 5 86 
6 4 3 7 6 2 7 1 7 6 8 9 9 
4 5 86 3 99 2 88 6 87 
3 1 98 3 98 2 99 
6 9 24 8 52 7 51 4 41 5 39 2 62 
4 2 47 1 49 5 64 3 85 
7 5 18 2 41 6 26 1 38 10 47 8 21 7 33 
4 4 2 3 3 7 4 9 2 
6 3 10 1 18 2 30 5 28 6 16 7 29 
6 10 34 2 35 3 77 9 82 5 74 7 49 
6 3 18 1 22 6 49 2 34 9 49 10 44 
6 9 15 7 30 1 25 10 24 3 43 4 15 
5 4 97 6 98 3 97 7 99 8 99 
3 3 46 5 58 10 73 
7 7 88 6 94 3 99 9 88 1 89 2 92 5 97 
4 10 34 4 74 6 76 9 42 
7 8 13 5 30 7 29 3 23 2 38 10 18 4 16 
6 1 70 2 86 9 81 8 73 10 83 5 92 
4 7 86 3 87 10 95 2 99 
4 5 1 1 3 8 1 9 2 
3 8 20 5 48 9 51 
3 2 76 10 89 7 77 
7 10 3 4 7 7 4 9 3 1 8 5 9 8 6 
7 8 9 3 15 5 20 10 23 7 13 2 10 1 23 
6 5 43 2 63 4 80 3 61 9 47 6 90 
7 7 11 2 28 1 25 3 27 6 27 5 22 8 13 
5 1 87 7 95 9 95 10 91 8 88 
7 5 14 10 33 4 14 2 14 7 35 8 37 1 23 
6 9 1 10 3 2 1 3 3 6 3 7 1 
4 4 39 5 61 3 41 9 61 
4 2 87 3 92 1 89 10 87 
6 6 35 7 98 8 38 5 42 3 36 4 44 
3 6 46 1 84 2 85 
7 10 98 9 98 6 99 4 99 7 99 3 98 8 99 
6 8 60 7 83 10 83 5 80 4 76 6 81 
3 3 92 2 92 7 96 
5 10 92 7 99 5 95 9 99 3 97 
6 4 37 2 76 8 76 10 40 5 39 3 71 
3 2 78 3 85 9 90 
3 5 43 8 47 4 76 
4 6 84 1 99 8 97 9 86 
4 8 7 6 11 4 19 9 13 
6 7 31 10 79 8 77 4 49 2 44 5 46 
7 2 7 5 10 3 11 1 12 9 7 10 19 4 8 
3 3 78 10 79 4 83 
4 5 29 4 76 10 41 7 53 
6 2 52 4 88 10 52 8 83 9 55 3 69 
6 8 89 10 97 2 96 3 99 4 89 7 98 
7 10 72 1 96 2 72 3 76 8 80 4 76 5 79 
7 4 36 3 56 5 58 6 64 7 61 10 89 1 75 
6 5 24 6 57 8 37 9 42 3 58 2 57 
4 9 17 6 22 4 27 8 50 
