444 389 15
1 2
2 3
3 4
4 5
5 6
6 7
7 8
8 9
9 10
10 21
11 12
12 13
13 14
14 15
15 16
16 17
17 18
18 19
19 20
20 21
21 22
22 23
23 24
24 25
25 26
26 27
27 28
28 29
29 30
30 31
31 32
32 33
33 34
34 35
35 36
36 37
37 38
38 39
40 41
41 42
42 43
43 44
44 45
45 46
46 47
47 48
48 49
49 50
50 62
51 52
52 53
53 54
54 55
55 56
56 57
57 58
58 59
59 60
60 61
61 62
62 63
63 64
64 65
65 66
66 67
67 68
68 69
69 70
70 71
71 72
72 73
73 74
74 75
75 76
76 77
78 79
79 80
79 86
80 81
81 82
82 83
83 84
84 85
85 92
86 87
87 88
88 89
89 90
90 91
91 92
113 114
113 123
113 132
114 115
115 116
116 117
117 118
118 119
119 120
120 121
121 122
122 141
123 124
124 125
125 126
126 127
127 128
128 129
129 130
130 131
131 141
132 133
133 134
134 135
135 136
136 137
137 138
138 139
139 140
140 141
141 142
149 150
150 151
151 152
152 161
153 154
154 155
155 156
156 161
157 158
158 159
159 160
160 161
161 162
162 163
163 164
164 165
165 166
166 167
167 168
168 169
169 170
170 171
171 172
172 173
173 174
174 175
175 176
176 177
177 178
178 179
179 180
180 181
181 182
182 183
183 184
184 185
185 186
186 187
188 189
189 190
190 191
191 192
192 193
193 194
194 195
195 196
196 197
197 198
198 199
199 200
200 201
201 202
202 203
203 204
204 205
205 206
206 207
206 217
207 208
208 209
209 210
210 211
211 212
212 213
213 214
214 215
215 216
217 218
218 219
219 220
220 221
221 222
222 223
223 224
224 225
225 226
227 228
227 233
227 238
228 229
229 230
230 231
231 232
232 243
233 234
234 235
235 236
236 237
237 243
238 239
239 240
240 241
241 242
242 243
243 244
263 264
264 265
265 266
266 267
267 268
268 281
269 270
270 271
271 272
272 273
273 274
274 281
275 276
276 277
277 278
278 279
279 280
280 281
281 282
282 283
283 284
284 285
285 286
286 287
287 288
288 289
289 290
290 291
291 292
292 293
293 294
294 295
295 296
296 297
297 298
299 300
299 309
299 318
300 301
301 302
302 303
303 304
304 305
305 306
306 307
307 308
308 327
309 310
310 311
311 312
312 313
313 314
314 315
315 316
316 317
317 327
318 319
319 320
320 321
321 322
322 323
323 324
324 325
325 326
326 327
334 335
335 336
336 337
337 338
338 339
339 340
340 341
341 342
342 343
343 344
344 345
345 346
346 347
347 348
348 349
349 350
350 368
351 352
352 353
353 354
354 355
355 356
356 357
357 358
358 359
359 360
360 361
361 362
362 363
363 364
364 365
365 366
366 367
367 368
368 369
370 371
371 372
371 389
372 373
373 374
374 375
375 376
376 377
377 378
378 379
379 380
380 381
381 382
382 383
383 384
384 385
385 386
386 387
387 388
389 390
390 391
391 392
392 393
393 394
394 395
395 396
396 397
397 398
398 399
399 400
400 401
401 402
402 403
403 404
404 405
406 407
407 408
408 409
409 410
410 411
411 412
411 423
411 434
412 413
413 414
414 415
415 416
416 417
417 418
418 419
419 420
420 421
421 422
423 424
424 425
425 426
426 427
427 428
428 429
429 430
430 431
431 432
432 433
434 435
435 436
436 437
437 438
438 439
439 440
440 441
441 442
442 443
443 444
5 11 69 1 76 3 92 6 79 8 79 
9 15 38 4 59 6 81 9 99 2 83 1 75 8 76 10 77 11 81 
9 9 51 8 51 15 75 13 86 7 53 11 83 2 97 12 67 6 90 
7 8 4 1 6 14 6 2 11 3 9 12 9 7 8 
8 8 89 6 99 4 90 1 89 7 93 9 92 11 95 3 99 
10 12 85 7 93 1 95 6 87 2 92 13 90 4 91 5 86 8 94 14 95 
8 10 21 3 48 7 22 14 37 6 31 4 36 9 39 11 27 
6 13 42 14 43 1 84 6 66 7 64 4 82 
9 11 67 10 78 14 73 8 74 2 95 4 86 9 79 1 98 13 77 
10 5 52 3 68 6 86 10 78 15 66 11 69 4 99 2 72 9 95 8 67 
8 14 90 8 90 11 95 10 93 3 99 13 97 15 91 1 98 
5 1 37 15 76 11 55 9 49 2 89 
10 15 81 4 83 1 94 7 81 8 94 13 96 11 85 10 97 3 93 6 95 
7 13 14 3 18 4 28 8 26 5 22 15 37 14 23 
10 11 8 14 22 3 13 13 13 10 20 15 18 8 8 5 15 12 8 7 24 
10 8 12 12 15 7 14 4 15 2 22 14 22 6 33 1 13 11 35 9 29 
7 6 75 5 77 12 89 9 99 11 98 10 95 14 89 
10 14 45 3 77 12 65 15 80 5 70 8 59 2 58 10 82 4 83 9 77 
10 15 69 9 75 5 98 7 92 11 96 2 79 10 91 13 89 4 97 12 92 
6 10 87 14 95 15 99 6 94 11 99 5 92 
9 15 33 13 66 7 90 2 88 4 95 12 41 14 87 9 84 10 48 
8 9 9 6 25 11 18 14 13 7 10 15 27 12 10 5 22 
11 3 66 11 85 4 92 8 73 7 83 15 94 6 78 14 92 5 85 1 98 12 99 
11 5 62 10 95 14 64 9 94 11 76 4 68 7 98 1 74 15 92 6 82 13 66 
7 10 85 4 98 1 88 8 88 11 88 14 85 6 88 
11 6 22 7 58 13 31 2 40 3 59 1 56 10 65 8 53 11 44 14 44 4 38 
5 6 66 10 85 15 76 8 77 13 74 
6 1 94 4 94 9 99 7 96 3 98 14 96 
10 5 99 14 99 10 99 2 99 4 99 8 99 6 99 7 99 15 99 9 99 
6 11 43 5 45 9 83 14 57 13 90 3 77 
7 5 75 2 82 11 93 6 75 9 91 12 94 7 99 
9 10 84 4 86 5 91 9 88 11 89 7 96 6 90 8 97 15 97 
8 2 49 13 56 3 92 1 71 8 99 6 74 15 72 10 80 
11 4 66 6 68 7 73 14 97 5 93 13 75 15 73 10 91 3 99 12 93 2 76 
5 1 86 6 87 15 92 5 98 10 86 
10 6 81 11 81 13 91 1 90 5 87 10 89 12 83 4 91 2 82 14 97 
11 5 85 10 94 12 89 3 98 13 85 1 94 8 91 14 95 2 96 11 91 7 90 
11 1 84 15 84 6 99 8 94 12 93 14 85 4 88 11 92 5 89 13 87 7 89 
9 11 98 5 99 2 98 9 98 8 99 1 99 13 98 7 98 10 99 
9 5 82 3 86 7 82 13 90 11 98 1 83 6 83 9 91 15 89 
11 12 41 13 65 3 91 2 53 10 79 15 97 5 97 4 55 8 96 1 59 6 76 
9 8 18 6 53 2 36 3 53 13 23 5 20 15 39 12 47 14 47 
10 2 38 11 64 10 90 12 48 1 44 4 51 14 90 8 86 7 50 3 52 
9 7 19 1 27 15 44 8 32 4 32 11 40 12 56 10 51 5 52 
6 15 85 1 96 6 85 12 86 10 90 14 98 
8 9 47 6 52 7 85 15 88 1 53 5 64 10 54 8 48 
11 8 53 7 68 14 58 3 58 15 85 13 76 12 61 9 96 1 88 4 66 5 80 
10 2 12 14 25 6 14 8 19 12 25 4 17 10 33 13 20 7 17 1 34 
10 9 65 7 67 5 77 2 82 14 74 6 79 3 68 10 99 8 92 1 90 
7 9 99 15 99 8 99 1 99 14 99 7 99 11 99 
7 5 43 2 45 9 88 1 82 8 93 7 62 12 60 
5 5 51 7 64 11 85 2 77 12 51 
8 1 54 3 77 8 54 5 94 7 64 9 94 6 85 10 95 
7 11 6 7 6 13 16 12 14 1 17 3 14 10 13 
7 7 60 2 96 10 99 1 65 15 65 8 81 11 89 
7 6 53 11 79 7 88 8 66 3 95 15 71 13 91 
11 9 8 13 21 14 24 15 22 4 17 1 21 11 11 6 14 8 19 12 14 5 10 
8 2 8 9 16 6 19 5 23 8 16 7 17 13 16 3 8 
8 13 24 11 70 7 36 4 57 1 65 14 35 6 48 8 26 
9 7 26 15 34 8 71 12 52 9 38 10 27 4 37 3 27 6 36 
7 8 59 2 97 11 64 5 60 4 80 7 87 9 87 
5 15 4 4 7 14 10 12 8 6 4 
10 10 97 6 97 8 97 9 97 12 97 14 99 5 99 11 98 2 98 3 97 
7 8 53 11 98 15 81 7 71 12 58 10 84 4 65 
10 7 74 13 83 11 89 3 99 5 89 2 85 6 87 10 84 1 77 9 97 
8 3 45 10 63 7 98 14 96 11 60 1 62 2 72 9 97 
11 6 29 9 80 15 57 3 84 13 39 5 58 4 43 10 34 2 84 14 48 7 72 
5 15 66 9 84 3 99 10 80 7 73 
9 2 52 8 78 13 79 9 57 6 84 12 65 15 72 5 87 11 83 
6 7 50 14 98 12 73 4 98 13 84 15 62 
7 4 78 6 81 14 93 7 84 15 87 10 92 5 99 
7 2 4 6 8 11 11 8 8 3 6 13 6 5 11 
6 6 39 14 62 12 81 7 98 8 78 5 44 
5 4 71 15 94 14 93 12 96 5 82 
7 13 56 7 59 9 89 6 97 4 93 15 76 12 86 
6 6 94 7 95 12 96 13 99 3 96 9 97 
11 10 12 2 32 4 24 14 13 3 14 7 18 11 14 15 33 1 34 9 29 8 34 
8 6 35 5 65 9 79 12 55 4 40 14 83 3 95 7 99 
7 10 86 12 92 3 98 6 96 9 96 15 88 5 96 
9 1 92 10 93 11 95 7 95 12 97 15 96 13 92 8 94 3 98 
11 15 34 3 51 6 76 10 78 7 65 4 98 12 93 2 99 13 60 1 51 9 52 
7 6 61 11 87 2 87 10 97 9 89 12 92 5 74 
10 11 69 3 75 2 97 4 77 8 77 15 95 7 76 10 93 12 88 13 69 
8 12 44 2 69 9 96 8 60 10 61 3 46 5 81 1 58 
6 7 26 10 76 11 59 4 44 8 54 2 44 
5 10 31 9 68 3 46 5 87 13 59 
5 11 55 5 62 8 85 14 89 3 91 
6 11 58 3 74 1 79 2 60 13 96 4 92 
8 2 59 8 59 14 71 12 97 1 63 13 76 4 91 15 95 
10 4 29 15 53 1 59 13 48 10 37 12 34 11 53 14 70 9 30 3 46 
7 3 6 12 10 6 8 4 6 8 10 7 8 2 6 
9 13 70 5 72 3 93 2 90 7 79 1 73 14 92 4 71 11 96 
9 8 22 9 59 2 53 14 64 1 56 6 38 10 64 7 39 12 34 
11 5 7 1 9 8 10 2 10 11 12 3 12 6 11 14 21 13 17 15 11 12 19 
11 11 12 1 36 9 14 7 30 14 17 13 26 4 18 3 29 12 17 5 35 2 36 
8 9 64 4 76 2 95 11 76 7 74 1 68 12 89 10 80 
5 1 36 5 71 14 50 9 50 8 62 
10 6 18 11 26 15 50 3 19 14 19 2 27 12 27 5 26 1 46 13 35 
11 5 97 13 98 10 97 7 98 15 99 1 98 3 98 11 99 14 98 6 98 4 97 
5 8 74 11 99 2 84 6 76 14 78 
7 13 48 10 61 3 70 4 82 7 56 2 99 8 97 
9 12 45 11 69 14 94 4 68 6 66 10 57 15 95 8 93 3 46 
11 12 48 6 93 3 54 11 67 2 95 15 77 8 92 4 79 10 79 14 62 7 54 
8 13 92 3 98 7 96 9 94 12 92 10 97 15 99 4 96 
6 12 28 7 55 13 80 3 47 11 76 14 49 
6 12 51 6 96 2 86 14 73 1 58 8 68 
8 11 97 7 97 13 98 4 99 9 97 15 99 3 98 14 98 
5 12 62 1 79 9 69 5 98 3 66 
8 1 33 6 97 4 48 7 98 9 71 13 45 14 48 5 37 
9 15 85 5 95 7 87 9 97 14 97 11 98 12 97 1 91 10 96 
10 5 72 11 80 12 80 3 85 7 80 2 86 15 82 9 72 13 77 1 92 
8 13 58 15 69 11 69 9 96 4 94 7 83 10 82 2 85 
6 9 58 13 69 12 81 3 62 5 62 2 95 
7 8 96 6 97 13 96 4 96 11 97 9 97 3 98 
9 10 43 1 58 15 56 11 65 14 95 4 83 5 67 12 80 6 91 
5 6 7 8 14 7 18 11 15 10 19 
8 2 76 14 79 5 93 9 80 3 81 7 76 11 82 13 95 
5 8 5 12 6 2 10 14 9 3 5 
10 13 97 1 98 5 97 12 98 8 99 10 99 9 97 4 99 15 99 11 97 
8 14 30 3 37 2 73 12 42 7 54 15 77 8 33 6 74 
11 4 76 15 94 2 98 11 78 6 79 14 79 8 95 3 88 10 82 5 85 9 93 
11 10 15 1 28 9 17 14 17 12 23 4 19 15 31 8 38 11 15 7 35 2 18 
5 8 49 2 65 15 50 14 86 4 52 
8 10 6 11 13 14 18 4 6 1 8 9 15 3 16 12 10 
8 10 55 7 55 11 76 15 78 12 67 3 66 2 75 9 66 
6 4 60 13 64 8 69 14 79 7 69 2 97 
9 2 17 10 20 9 51 14 44 3 34 4 33 12 22 1 36 8 39 
6 11 7 5 17 12 12 2 20 14 20 6 7 
5 12 94 13 98 4 95 1 94 15 98 
10 11 14 5 16 3 37 12 33 1 32 4 27 14 23 6 39 9 20 8 36 
11 10 95 12 99 7 96 11 96 9 98 1 96 6 97 14 95 15 98 13 96 3 99 
7 2 96 6 98 8 98 1 96 15 97 10 99 14 97 
11 11 56 9 64 10 98 5 75 3 57 4 80 14 84 13 96 6 68 12 91 7 78 
7 2 45 12 60 14 67 6 66 3 81 15 64 9 59 
7 1 71 7 75 9 77 5 95 15 82 8 97 3 74 
9 15 73 10 73 14 97 1 88 6 81 7 80 11 91 12 74 9 86 
6 5 80 4 84 15 82 12 83 1 91 7 99 
5 15 91 5 95 6 98 2 98 12 96 
5 8 41 13 79 4 71 14 53 3 41 
9 1 58 5 74 9 92 4 94 13 90 8 99 2 59 6 71 12 69 
10 5 3 14 8 15 4 10 7 11 7 13 7 3 6 2 8 8 9 1 8 
6 12 89 6 96 10 98 4 89 14 91 15 94 
7 5 57 10 77 15 78 4 95 14 63 6 58 9 64 
5 7 11 14 20 9 29 6 28 11 25 
6 3 57 11 77 1 57 6 78 13 74 12 67 
6 4 18 9 19 15 49 1 22 3 45 14 19 
8 15 17 5 50 14 34 8 23 6 20 9 40 1 27 4 31 
7 5 19 15 39 13 20 11 23 3 36 10 41 1 30 
10 8 92 11 94 6 92 14 93 7 96 15 92 10 93 3 97 5 92 9 94 
7 9 91 13 92 7 97 12 94 3 92 10 96 11 92 
9 10 35 3 57 12 36 7 67 5 39 6 55 8 66 13 94 9 46 
7 14 94 4 99 10 99 12 94 6 97 11 96 3 94 
10 3 98 7 99 5 98 6 98 15 98 14 98 13 98 4 98 2 98 10 98 
9 3 36 15 55 9 37 2 60 11 77 8 61 10 72 4 53 7 48 
5 1 22 13 22 8 24 4 41 6 49 
9 13 16 1 44 8 37 15 46 14 37 2 45 7 25 10 39 6 48 
8 7 83 11 96 4 98 13 97 3 86 1 85 8 94 15 91 
5 5 26 4 33 11 71 3 55 2 39 
9 1 33 10 89 14 73 8 59 12 71 6 53 9 41 11 69 4 79 
10 7 14 1 41 14 20 12 31 2 30 6 28 9 25 11 36 13 16 3 26 
8 8 26 1 40 10 43 15 60 12 77 14 51 5 30 2 38 
6 11 27 2 74 6 35 8 46 15 42 10 54 
9 6 90 8 96 3 92 14 96 9 94 1 95 13 94 5 90 2 99 
11 15 55 6 86 11 90 13 91 3 60 4 70 14 78 8 66 9 67 10 61 1 63 
9 12 15 1 39 6 28 2 44 9 22 8 37 15 34 4 19 11 19 
5 8 53 14 70 9 80 2 68 12 95 
9 6 33 10 89 11 76 13 65 1 79 9 72 3 86 4 95 14 58 
8 10 96 9 98 6 97 15 96 8 99 7 98 2 98 11 98 
6 4 35 15 49 6 70 2 94 8 93 5 94 
7 7 74 9 80 8 87 15 87 10 98 14 92 6 84 
6 2 1 12 3 8 1 4 3 1 3 14 2 
5 15 78 13 92 2 79 7 97 3 78 
11 8 82 4 90 1 91 14 96 12 95 11 89 7 89 5 87 6 95 10 89 2 91 
6 6 26 2 65 9 27 1 49 4 61 8 72 
11 3 93 14 95 15 96 11 98 1 96 9 94 2 97 6 94 13 99 8 96 12 93 
11 8 31 5 91 15 83 9 52 12 41 11 42 13 93 14 54 2 44 10 32 1 69 
10 12 83 3 92 10 95 5 90 4 85 7 87 15 83 11 91 2 98 8 96 
10 11 8 6 11 2 19 12 10 3 20 15 17 7 18 13 18 9 19 4 10 
10 8 55 1 86 9 64 13 84 14 74 7 70 6 75 15 85 12 66 10 66 
8 1 7 2 18 12 18 8 11 7 18 9 12 6 14 5 12 
6 2 9 10 12 13 22 6 27 7 23 8 16 
6 15 68 8 99 13 78 9 81 6 79 11 96 
9 11 30 4 84 12 73 10 50 7 56 1 50 9 51 13 50 2 59 
10 1 9 2 27 4 27 7 17 8 24 5 14 10 14 12 22 6 17 9 18 
10 5 18 12 36 13 29 11 35 6 45 2 27 9 39 7 37 8 29 14 29 
11 3 98 9 98 4 99 7 98 6 99 10 98 15 99 14 99 8 98 1 98 5 98 
10 5 97 13 99 1 99 4 99 9 97 2 97 8 98 10 97 14 97 7 97 
5 4 72 3 80 10 73 8 93 12 89 
6 11 77 2 80 1 79 3 95 6 80 4 87 
7 9 47 10 50 12 48 1 66 6 77 8 53 3 97 
5 6 7 7 15 10 15 2 14 8 8 
5 6 95 7 99 5 95 13 98 11 99 
8 11 65 12 83 10 75 1 93 14 93 6 68 15 91 7 91 
6 11 15 7 34 4 40 10 28 13 34 14 17 
6 2 35 13 63 14 80 15 83 4 96 12 74 
8 1 44 12 90 9 89 7 99 2 49 6 86 11 82 4 63 
11 1 94 8 94 11 95 2 95 15 95 9 99 13 98 4 96 6 99 5 96 12 94 
7 14 19 13 22 3 25 1 20 9 26 10 53 11 49 
5 10 62 14 72 9 67 15 67 8 91 
6 2 61 3 89 1 97 9 82 10 65 7 86 
11 6 31 3 74 12 86 1 54 5 60 9 75 7 66 4 81 14 71 2 43 15 91 
8 4 60 13 70 8 89 14 68 9 66 6 88 10 94 7 78 
10 7 71 13 87 2 76 1 85 14 93 8 94 11 97 3 92 5 75 12 82 
11 2 99 5 99 12 99 15 99 8 99 3 99 11 99 1 99 7 99 9 99 13 99 
11 8 50 12 90 4 67 7 61 14 58 2 99 11 53 1 77 9 93 13 54 5 67 
10 7 18 13 29 11 26 4 23 8 54 9 34 1 46 6 33 3 40 10 39 
8 5 74 4 91 8 76 7 76 3 86 9 76 12 97 10 75 
7 2 62 11 91 7 64 6 93 1 80 4 78 9 93 
8 14 76 2 80 1 86 8 91 10 91 4 84 3 80 13 89 
10 11 65 10 81 5 81 12 73 3 73 2 80 15 78 14 69 7 65 1 66 
7 1 7 10 7 12 17 4 10 6 14 15 18 3 7 
10 4 51 2 74 9 55 11 99 3 98 1 55 7 98 8 66 6 86 12 51 
9 9 56 4 69 7 98 11 99 3 64 14 72 15 97 5 87 2 83 
6 15 23 10 47 14 31 2 41 5 31 12 44 
5 10 83 14 89 6 86 3 86 5 92 
10 9 51 6 89 11 70 4 95 12 66 7 83 14 99 1 89 15 92 3 75 
10 5 6 15 18 12 12 1 18 2 13 7 18 14 17 4 6 13 15 11 18 
5 10 96 7 96 4 99 12 99 13 96 
5 15 49 10 96 9 93 3 65 2 51 
8 5 9 10 18 12 24 4 12 1 12 8 25 3 19 15 19 
9 13 73 10 84 14 86 11 74 15 91 1 83 4 75 5 94 2 88 
8 9 24 15 46 14 62 10 49 13 56 11 66 8 59 6 68 
6 4 10 9 29 12 11 15 27 11 27 6 14 
10 13 90 2 95 14 98 1 90 7 96 11 94 9 94 12 91 5 94 15 96 
7 7 58 9 77 14 60 1 83 4 63 2 59 13 59 
8 6 72 1 99 9 97 12 93 14 95 3 74 5 81 15 83 
8 3 23 10 59 6 34 13 46 2 31 9 36 5 54 11 63 
11 9 16 15 43 5 18 1 19 7 40 13 34 10 42 2 21 14 40 6 27 11 45 
7 2 23 5 25 3 34 8 31 12 47 10 50 4 46 
10 12 17 6 23 15 19 7 35 11 19 13 39 3 41 2 47 14 35 8 29 
6 12 79 3 89 1 94 6 97 10 81 7 98 
7 6 74 9 98 2 83 7 79 5 93 3 90 1 99 
9 15 65 14 90 6 96 7 74 5 90 9 67 8 83 3 95 11 78 
5 4 81 5 95 15 85 7 84 6 99 
11 3 25 10 40 13 59 12 60 2 36 15 67 9 70 8 66 7 69 6 72 14 47 
6 11 8 6 24 8 10 14 19 2 15 1 11 
6 3 55 6 71 4 61 13 91 14 70 10 60 
11 10 6 2 15 5 6 3 16 12 8 7 16 9 12 13 7 6 10 8 17 1 10 
5 10 23 13 44 3 47 2 23 5 38 
11 2 43 12 48 6 95 9 74 13 73 14 89 5 94 4 83 3 62 15 53 8 70 
6 12 25 9 38 15 32 5 46 7 29 10 71 
8 7 30 8 39 13 81 1 58 10 54 11 67 6 31 14 68 
5 8 66 15 77 11 75 5 66 12 98 
5 14 26 13 44 1 40 11 32 5 65 
7 10 29 7 52 13 64 14 52 15 39 11 74 12 46 
5 8 26 10 43 5 69 6 55 13 41 
9 5 72 7 73 13 93 8 75 2 76 9 97 3 84 11 84 6 92 
7 15 7 8 17 5 17 1 10 11 13 6 15 13 7 
10 11 51 9 72 6 80 4 82 14 53 8 68 3 94 1 81 10 65 15 83 
6 7 49 3 68 10 99 6 79 11 96 14 86 
10 13 84 6 89 9 92 3 94 2 90 1 89 7 91 5 84 14 89 8 92 
10 8 80 2 84 1 83 3 90 7 80 14 81 12 80 15 95 10 96 6 84 
7 4 21 15 54 10 24 5 41 12 23 8 27 14 45 
11 9 2 12 5 8 3 13 6 4 4 11 3 7 3 1 5 15 6 6 3 10 4 
7 11 75 1 81 14 84 4 82 8 87 7 81 12 92 
6 5 82 1 98 6 96 12 97 3 94 2 84 
11 7 10 8 28 5 26 14 14 13 15 4 11 6 17 12 16 15 21 10 28 9 27 
7 9 47 12 61 8 68 14 57 1 70 11 58 15 49 
8 5 65 10 82 3 73 1 90 14 95 2 87 8 78 12 65 
10 2 54 6 68 10 77 7 75 13 66 9 67 5 77 8 85 1 61 12 72 
6 14 41 6 59 3 88 15 90 9 86 7 98 
6 12 39 3 87 7 58 11 83 9 51 15 51 
11 4 13 9 23 6 16 13 19 11 35 10 26 7 35 12 19 15 36 14 13 2 14 
6 7 2 9 2 14 5 1 6 5 3 12 2 
6 2 57 5 97 7 61 15 70 11 63 12 86 
11 11 4 2 7 4 4 3 5 8 5 14 7 13 12 1 9 15 7 7 12 10 8 
11 4 18 7 21 8 53 15 20 11 37 6 26 10 47 9 45 2 32 14 47 5 29 
11 8 10 7 12 1 24 11 12 14 22 3 21 6 25 9 29 15 22 2 24 10 10 
8 12 71 15 91 5 87 10 77 11 95 9 76 8 95 7 78 
5 4 82 14 87 2 84 9 82 10 84 
11 4 52 6 83 9 57 12 82 1 93 2 88 14 74 15 95 11 83 7 71 13 57 
11 11 65 2 92 1 82 3 73 7 95 10 85 4 94 14 86 5 66 6 90 15 68 
8 9 34 4 45 3 39 5 35 13 69 14 54 15 37 11 51 
11 15 58 3 88 8 78 14 81 1 70 12 70 10 72 11 63 13 91 6 60 4 83 
11 4 14 15 42 13 31 1 35 12 19 2 31 5 37 3 24 10 33 14 26 8 36 
8 7 89 3 99 1 97 12 96 2 98 4 90 9 98 15 93 
7 15 70 4 89 13 86 7 84 9 78 10 89 3 81 
6 9 60 14 81 11 67 3 76 12 88 15 98 
6 8 45 11 58 5 69 14 81 6 62 12 75 
6 1 40 4 78 11 69 2 67 6 55 7 82 
9 15 99 3 99 12 99 4 99 13 99 6 99 1 99 9 99 7 99 
6 8 7 3 19 14 21 5 16 13 18 7 12 
8 4 69 1 97 3 74 9 95 14 94 12 77 13 70 8 95 
10 14 60 1 82 10 75 5 76 2 97 8 99 15 78 3 71 12 70 13 79 
5 10 6 2 10 1 18 9 6 14 15 
8 5 7 7 8 1 10 6 15 11 17 8 11 10 11 3 18 
9 14 9 12 12 13 12 15 13 7 12 3 22 8 27 5 27 1 11 
9 4 36 3 77 2 42 11 88 5 66 10 73 14 58 15 81 9 74 
7 2 4 11 9 3 5 1 10 14 12 7 12 5 6 
9 6 25 2 73 1 73 10 44 15 59 11 45 4 49 3 41 7 63 
10 12 18 1 45 13 42 10 26 9 19 6 40 3 35 14 52 11 52 15 50 
10 6 73 15 98 9 73 11 86 10 74 12 93 8 98 3 87 5 99 2 79 
10 12 88 10 89 8 98 13 92 3 96 9 98 15 94 6 99 11 97 7 99 
6 1 53 8 79 2 98 10 70 3 72 13 69 
5 13 64 15 92 1 77 4 70 6 72 
8 12 10 13 10 6 25 9 26 1 25 4 19 8 29 2 28 
5 3 24 9 57 4 34 8 70 15 35 
11 13 88 7 89 5 99 4 91 2 97 3 88 10 90 11 97 15 90 1 90 9 92 
9 9 12 10 20 11 32 13 23 6 28 15 23 5 33 7 19 14 31 
11 4 40 14 78 9 71 11 77 2 66 1 57 6 79 8 72 15 65 10 91 5 41 
5 9 88 11 90 8 93 3 94 4 90 
8 7 2 11 3 4 2 14 3 5 5 13 2 12 3 8 6 
10 10 57 6 89 9 95 13 61 8 64 4 84 1 76 7 82 15 93 12 86 
5 13 85 11 91 6 86 4 85 9 85 
7 6 58 15 68 13 88 11 75 10 79 4 64 14 99 
6 13 21 4 44 3 38 15 62 1 30 6 31 
11 12 51 13 87 11 74 9 83 3 61 5 91 2 67 4 63 8 77 10 65 1 83 
5 14 72 15 90 6 81 5 88 3 84 
7 6 54 13 92 15 58 7 54 5 63 12 92 14 83 
10 1 42 6 80 7 44 15 89 5 96 11 43 10 66 14 66 3 43 4 49 
9 3 45 5 54 14 87 4 49 9 58 13 84 12 82 10 82 15 97 
6 13 76 5 87 11 95 6 81 4 90 10 95 
6 2 43 7 90 3 90 4 77 8 83 12 47 
8 10 8 3 23 7 23 8 15 2 15 4 13 14 16 12 8 
7 5 12 11 35 10 21 8 12 13 20 12 28 9 34 
10 10 1 7 2 8 2 13 1 14 1 2 2 6 1 9 3 3 3 15 2 
5 13 71 15 74 1 89 7 78 2 85 
6 6 97 14 99 13 98 11 97 1 98 5 98 
7 1 77 11 86 15 83 12 94 5 79 6 89 9 88 
5 12 46 10 83 5 79 7 65 9 52 
10 13 8 14 11 2 11 9 21 15 16 10 21 11 13 1 19 5 19 7 24 
5 2 4 5 8 10 11 3 8 1 8 
11 4 73 10 92 1 86 6 88 7 96 14 79 2 73 13 78 12 93 9 84 8 74 
7 7 1 12 2 13 1 5 3 1 3 10 3 4 2 
7 13 16 2 44 5 21 8 28 12 41 11 29 1 24 
9 1 23 3 54 5 61 10 50 8 38 4 64 9 35 14 40 6 32 
8 3 17 12 35 11 39 9 28 14 36 5 23 15 31 2 38 
8 12 91 11 94 13 97 5 97 2 91 9 96 4 96 1 91 
5 1 24 7 64 5 66 9 72 4 48 
6 7 11 6 30 12 14 2 17 14 19 13 11 
6 11 82 6 91 7 95 2 86 9 86 13 95 
10 7 83 8 86 12 98 15 94 11 85 14 83 3 89 10 83 13 97 4 90 
10 7 68 6 90 4 97 2 82 14 96 9 76 13 75 5 99 15 75 10 86 
9 2 42 3 92 1 68 15 51 6 90 9 76 13 73 8 99 12 83 
10 11 77 15 89 4 97 14 79 3 83 5 81 10 77 1 77 6 82 9 82 
7 5 15 1 44 15 18 4 38 11 31 8 17 6 30 
5 6 10 9 23 15 20 10 28 7 21 
9 12 73 4 87 2 81 11 93 7 97 3 97 13 75 9 91 1 81 
6 6 76 1 87 13 79 9 79 3 93 2 82 
10 5 78 7 90 6 87 11 89 1 93 13 80 12 83 2 97 9 98 8 79 
10 11 58 15 94 4 60 14 93 10 67 6 78 2 64 1 90 5 87 3 67 
7 5 96 12 98 10 96 7 99 1 99 2 98 15 97 
8 9 95 2 98 12 99 5 95 15 99 3 98 6 98 7 96 
10 5 52 15 71 9 78 12 81 8 65 14 61 3 94 6 75 2 65 11 84 
6 6 41 3 90 8 54 9 56 2 65 1 51 
10 4 65 14 97 7 87 6 80 9 86 15 97 3 93 1 90 11 72 5 77 
6 9 28 6 49 13 53 10 38 14 70 7 63 
7 15 7 7 20 11 10 1 8 5 18 2 12 14 20 
8 5 86 6 89 2 86 9 99 10 88 14 88 12 99 15 90 
8 10 31 2 73 9 35 13 49 15 48 8 88 12 70 7 56 
11 15 35 3 62 7 86 5 94 14 84 6 88 2 80 9 58 11 78 4 63 1 68 
8 12 91 7 94 14 95 1 95 10 91 11 92 15 95 4 97 
6 14 66 15 90 7 93 13 80 11 99 2 73 
6 10 97 15 97 12 99 8 99 4 97 6 97 
6 10 16 11 37 1 34 5 43 6 39 15 29 
11 1 58 4 61 10 87 5 72 15 99 8 75 11 76 13 88 3 83 6 81 9 61 
11 11 21 1 49 9 60 5 46 12 51 6 45 15 34 3 31 7 27 4 35 8 30 
8 10 68 3 74 1 80 15 73 5 69 12 99 4 69 6 70 
8 11 42 13 42 4 62 9 59 8 46 14 81 7 76 12 72 
9 8 30 15 61 10 40 9 46 2 61 4 39 12 41 11 39 14 35 
7 7 98 1 98 11 98 9 98 3 99 5 98 10 98 
8 6 49 13 54 15 73 14 69 8 66 1 83 3 79 9 83 
9 8 69 1 87 4 96 5 81 10 84 14 90 3 88 12 79 9 96 
8 10 33 13 94 3 83 12 89 7 47 9 83 8 35 1 51 
11 3 86 1 90 9 95 13 95 8 89 7 92 12 87 2 97 10 86 4 93 5 96 
6 12 11 7 33 14 29 6 29 5 28 8 17 
6 13 28 8 73 11 67 9 47 10 70 7 50 
10 8 4 2 10 6 6 4 7 3 10 12 7 7 4 15 7 9 8 13 8 
9 8 44 14 96 4 97 9 45 13 74 2 95 7 74 11 85 5 88 
9 11 72 3 97 7 74 14 99 12 75 10 83 15 94 9 78 2 74 
7 6 3 12 4 11 7 14 6 1 3 13 4 15 5 
6 8 63 5 90 3 72 6 76 4 89 10 91 
7 1 31 10 66 2 57 13 89 9 66 8 90 11 37 
8 1 4 15 6 8 11 5 10 12 10 14 12 6 11 9 6 
9 14 35 10 72 4 60 3 44 12 44 11 94 5 90 2 77 15 87 
11 7 74 1 89 13 97 12 88 5 99 11 93 10 92 6 99 15 87 2 75 4 93 
7 7 55 10 86 2 88 6 64 8 66 14 78 3 87 
7 4 32 5 96 3 42 7 53 8 49 2 64 12 55 
11 13 72 9 90 10 97 6 97 4 85 11 75 15 97 3 83 1 92 8 80 12 78 
10 11 82 12 92 3 95 13 88 14 94 15 86 10 92 9 91 5 91 1 90 
5 10 47 14 57 2 91 8 98 1 87 
10 13 83 11 92 5 99 15 94 1 99 4 95 8 97 10 84 7 83 9 89 
7 9 20 1 22 12 26 3 27 15 31 5 39 6 58 
9 2 44 1 78 15 45 9 89 13 85 14 94 6 88 8 88 10 58 
10 12 75 7 86 5 81 3 89 11 95 4 93 14 75 15 78 13 76 6 77 
5 13 71 2 74 9 78 6 72 12 89 
11 8 13 2 19 11 14 4 28 10 22 3 22 5 37 12 14 15 36 13 33 1 26 
9 5 25 6 56 13 26 15 66 1 36 14 75 11 32 8 36 7 55 
11 9 15 12 27 15 43 6 36 14 39 4 44 8 36 2 28 5 18 3 40 11 16 
10 11 24 10 62 14 45 1 42 5 42 6 70 15 24 7 43 3 54 13 54 
6 6 1 13 2 10 2 4 2 2 1 12 1 
6 11 57 14 85 7 80 3 90 8 94 9 58 
7 13 94 14 98 9 96 6 95 11 96 2 95 5 94 
9 3 14 12 25 9 17 14 29 5 38 10 27 15 34 4 27 13 18 
5 12 47 9 97 2 81 8 86 10 86 
11 12 11 13 11 4 15 2 21 6 15 7 20 9 31 14 26 3 24 8 16 11 18 
9 2 97 11 99 1 99 10 99 15 97 3 98 6 98 4 99 7 99 
9 5 28 4 28 14 72 11 33 8 83 15 68 13 28 7 37 9 50 
7 10 93 2 98 12 97 13 98 5 98 9 98 7 94 
6 10 30 1 78 11 85 8 42 15 84 6 75 
8 4 31 7 32 15 67 13 62 9 55 5 32 3 72 6 48 
7 14 62 5 88 11 86 10 69 15 75 2 84 4 68 
5 13 90 12 92 4 90 8 92 5 94 
10 3 80 10 85 2 86 7 81 11 80 14 97 5 89 13 95 6 94 4 82 
8 9 93 7 99 3 95 6 99 14 95 8 93 10 94 15 94 
10 6 70 15 97 2 85 12 81 11 71 3 78 5 84 4 97 1 70 14 96 
10 4 61 13 78 15 71 6 95 7 65 10 65 11 70 8 95 1 99 9 71 
5 15 94 9 99 1 98 11 98 2 97 
6 10 55 11 68 13 81 1 88 15 68 6 56 
6 2 7 15 20 8 21 10 10 6 7 13 16 
9 13 4 11 8 12 10 8 8 15 6 9 5 10 6 2 4 5 8 
7 7 73 5 80 3 75 12 92 10 97 1 77 11 81 
5 6 54 5 96 10 88 4 95 1 57 
11 5 36 3 49 15 68 6 87 1 90 14 43 13 68 11 65 9 38 10 55 4 89 
7 12 96 10 98 3 97 7 99 11 96 6 99 5 97 
11 6 86 4 97 12 93 2 91 13 98 1 98 3 93 15 91 14 89 7 87 11 93 
10 8 12 10 16 9 16 11 16 13 15 15 25 12 29 14 20 5 26 7 29 
11 8 82 5 91 14 93 1 84 13 87 2 96 10 90 15 86 6 84 4 98 3 84 
6 3 86 5 94 6 92 4 86 1 93 9 92 
5 10 51 14 74 15 54 12 85 3 91 
5 13 18 10 49 12 20 4 37 15 21 
8 5 75 10 89 12 82 4 76 15 95 7 88 1 76 14 99 
11 4 36 14 71 15 68 7 64 8 88 10 75 3 73 12 54 9 55 2 39 13 76 
9 10 13 1 14 6 16 12 17 14 19 15 28 4 28 11 23 5 16 
9 15 43 2 57 5 97 4 86 8 99 6 45 11 44 3 71 10 60 
7 2 28 14 71 11 67 7 52 9 83 1 50 6 79 
11 5 5 3 14 1 7 10 11 2 6 7 11 8 15 4 13 9 15 14 12 13 15 
6 12 51 10 58 9 66 2 88 4 80 15 99 
11 6 73 1 83 13 90 15 95 14 91 2 81 10 89 7 94 3 92 11 73 8 75 
6 2 35 15 61 8 91 13 87 14 38 12 67 
9 14 51 8 90 7 89 1 77 5 83 13 64 10 56 9 98 2 78 
11 4 62 1 70 2 72 15 79 13 74 3 99 10 93 8 98 7 74 14 84 11 97 
11 8 71 5 97 6 99 4 94 2 84 14 86 13 99 11 95 1 98 3 97 9 78 
9 10 45 15 49 9 86 8 64 12 85 14 88 1 69 2 69 13 50 
10 7 36 2 79 1 98 4 72 6 92 13 69 15 63 3 67 14 95 8 44 
6 12 87 4 89 2 93 9 95 1 88 11 93 
9 2 99 8 99 1 99 12 99 9 99 5 99 15 99 7 99 10 99 
5 6 37 4 72 12 63 1 66 5 43 
10 12 56 14 72 15 81 4 86 5 76 13 73 1 85 7 58 2 68 3 56 
5 15 76 2 97 3 79 8 89 7 90 
6 7 41 10 42 8 45 14 97 11 54 6 82 
11 1 36 2 75 8 88 11 81 9 89 4 36 3 46 10 76 6 45 14 60 7 80 
9 1 3 4 6 9 8 3 7 12 7 13 5 10 8 5 4 2 7 
8 10 83 3 86 4 97 6 98 9 92 11 85 15 95 14 89 
