274 218 25
1 2
2 3
3 4
4 5
5 6
6 7
6 11
6 15
7 8
8 9
9 10
11 12
12 13
13 14
15 16
16 17
17 18
19 20
19 23
20 21
21 22
22 26
23 24
24 25
25 26
37 38
38 39
38 43
39 40
40 41
41 42
42 47
43 44
44 45
45 46
46 47
54 55
55 56
56 57
57 58
58 59
59 60
60 61
61 62
62 63
63 64
64 65
64 67
65 66
67 68
69 70
70 71
71 72
72 73
73 74
74 75
75 76
76 77
77 78
78 79
79 80
80 81
81 82
82 83
83 84
83 85
83 86
87 88
88 89
88 96
89 90
90 91
91 92
92 93
93 94
94 95
95 103
96 97
97 98
98 99
99 100
100 101
101 102
102 103
104 105
104 108
105 106
106 107
107 111
108 109
109 110
110 111
122 123
123 126
124 125
125 126
126 127
127 128
128 129
129 130
130 131
131 132
132 133
133 134
134 135
135 136
137 138
138 139
139 140
140 141
141 142
142 143
143 144
144 145
145 146
146 147
147 148
148 149
149 150
150 151
151 152
151 153
154 155
154 158
154 161
155 156
156 157
157 164
158 159
159 160
160 164
161 162
162 163
163 164
171 172
172 173
173 174
174 175
175 181
176 177
177 178
178 179
179 180
180 181
181 182
182 183
183 184
184 185
185 186
186 187
188 189
188 192
188 195
189 190
190 191
191 198
192 193
193 194
194 198
195 196
196 197
197 198
205 206
206 207
207 208
208 209
209 210
210 211
211 212
212 213
213 214
214 215
215 216
216 217
217 218
218 219
218 220
218 221
222 223
223 224
224 225
225 226
226 227
227 228
228 229
229 238
230 231
231 232
232 233
233 234
234 235
235 236
236 237
237 238
239 240
239 244
240 241
241 242
242 243
243 248
244 245
245 246
246 247
247 248
257 258
257 264
258 259
259 260
260 261
261 262
262 263
263 270
264 265
265 266
266 267
267 268
268 269
269 270
12 11 69 1 69 7 77 21 73 20 80 17 73 24 80 3 79 19 84 25 74 12 92 5 92 
13 12 97 7 99 18 99 25 98 19 98 10 99 20 98 14 97 6 97 4 98 24 98 21 98 3 98 
13 17 29 15 29 16 58 4 36 13 42 10 42 12 53 22 65 9 73 25 81 8 80 21 51 14 30 
10 10 12 22 19 8 33 6 16 23 32 16 13 25 35 19 16 2 25 11 24 
10 6 82 20 85 2 96 11 85 24 93 4 90 13 98 14 96 16 97 23 91 
13 23 41 12 70 17 66 15 53 11 97 6 54 13 71 10 91 1 42 5 47 2 98 19 83 7 73 
10 13 10 23 15 15 15 3 27 21 12 4 20 8 21 1 14 19 15 20 27 
13 1 30 19 71 12 64 7 43 22 39 17 70 2 84 13 66 5 64 16 52 18 52 15 87 21 59 
16 16 52 10 55 20 53 15 92 25 97 2 62 17 77 1 92 24 98 23 69 7 61 19 87 8 79 3 55 14 62 21 89 
15 13 99 14 99 10 99 7 99 23 99 3 99 9 99 22 99 12 99 25 99 8 99 6 99 15 99 4 99 18 99 
10 24 48 21 92 12 56 18 75 7 98 14 80 13 83 15 62 23 56 6 48 
11 19 47 11 83 12 84 24 92 10 96 6 81 3 89 8 56 18 83 22 95 9 99 
15 17 41 13 42 15 82 19 44 20 76 2 43 6 50 8 47 10 73 1 70 11 67 16 91 3 89 4 92 22 78 
11 25 50 11 54 2 93 16 86 9 60 1 96 13 55 12 98 24 53 15 62 17 92 
17 15 63 19 95 20 77 13 70 23 71 25 70 12 85 11 72 1 93 24 64 21 86 6 70 18 87 8 77 3 79 16 88 4 63 
8 25 25 15 64 10 62 21 73 18 47 17 65 3 33 8 72 
12 17 59 23 94 4 65 16 97 14 88 9 69 2 90 13 71 18 82 10 74 24 68 5 91 
15 23 59 4 60 15 66 19 85 22 72 2 60 18 68 20 87 3 72 11 83 1 90 10 94 12 61 14 89 25 95 
12 2 41 23 85 15 67 19 75 7 63 16 65 10 56 20 99 6 55 21 51 14 94 11 54 
12 24 57 21 76 25 58 19 68 7 93 4 61 9 63 17 59 2 83 20 74 6 87 1 93 
9 8 62 4 95 20 76 2 65 19 75 18 71 17 82 13 81 23 98 
13 14 86 7 98 15 91 3 91 6 90 4 93 1 90 2 93 21 99 22 99 13 94 8 95 5 90 
16 3 39 17 49 8 94 9 71 14 52 24 94 1 46 19 39 22 71 10 85 18 66 15 54 16 96 21 97 12 66 5 43 
13 7 38 20 62 11 85 13 73 3 79 24 99 17 98 10 51 19 85 22 85 12 38 1 52 4 90 
17 12 69 13 92 21 78 1 82 2 72 5 81 14 75 8 81 3 93 20 69 9 93 23 69 4 94 22 87 25 89 7 93 10 87 
9 21 22 2 41 1 44 16 30 12 38 22 41 24 28 4 27 19 36 
8 7 3 9 9 5 7 21 5 3 8 17 6 14 8 18 6 
15 9 66 11 88 24 85 5 97 4 78 7 71 10 92 18 92 3 69 8 74 13 75 25 80 14 85 6 90 15 81 
12 5 54 8 66 4 93 1 68 20 97 14 62 6 89 12 66 15 64 3 88 11 57 24 89 
16 14 41 18 49 2 57 23 55 11 79 25 76 12 89 4 46 6 96 20 68 22 88 1 70 8 66 9 86 5 47 21 47 
8 4 13 14 26 24 21 20 19 19 19 16 14 6 24 8 13 
16 21 75 16 90 17 77 23 97 25 81 2 99 4 82 6 98 20 95 13 84 7 94 5 94 12 82 11 76 18 88 14 78 
16 13 62 8 87 22 79 6 90 10 74 15 65 11 98 2 70 12 96 9 67 24 92 21 72 16 72 14 78 23 70 19 69 
10 11 66 5 69 9 99 1 94 17 83 8 98 22 82 19 96 13 93 24 84 
18 1 24 5 35 13 45 6 49 23 45 25 70 11 26 17 47 14 67 21 35 8 24 22 52 15 30 16 26 24 24 10 33 12 44 7 50 
10 9 6 4 7 15 13 25 12 19 14 13 16 8 11 3 16 17 14 12 7 
8 25 92 4 99 19 93 13 97 10 95 12 94 24 98 15 92 
18 3 99 21 99 5 99 15 99 7 99 14 99 8 99 6 99 22 99 1 99 10 99 12 99 4 99 17 99 23 99 19 99 18 99 11 99 
17 20 62 23 88 1 84 2 91 10 90 7 67 25 88 4 65 21 63 19 93 12 87 8 95 9 91 11 92 6 62 18 80 15 83 
18 24 6 12 15 18 18 3 18 13 11 16 7 2 12 20 13 14 17 4 7 5 13 8 8 17 18 22 13 6 15 19 12 25 10 23 18 
11 1 74 16 85 8 79 19 97 13 77 18 98 11 89 7 77 15 81 22 92 2 80 
15 4 28 17 34 15 73 22 60 5 59 12 54 6 34 2 81 13 81 23 58 21 77 9 63 14 60 3 45 7 50 
16 21 75 19 85 6 78 3 89 24 89 9 83 15 89 8 93 10 96 25 97 11 79 18 93 4 95 12 81 13 92 23 87 
8 12 70 25 70 24 88 11 88 1 79 17 73 8 79 7 80 
14 22 10 23 25 17 15 1 27 2 12 10 11 6 19 21 18 3 13 7 18 12 10 4 13 8 27 18 15 
13 6 70 8 72 13 71 7 97 11 71 17 81 4 78 15 87 23 98 2 92 22 95 1 78 21 98 
8 23 22 25 27 24 26 16 51 17 42 10 40 4 29 13 29 
12 7 64 10 92 16 69 20 65 24 68 11 69 3 90 4 65 19 85 9 82 25 83 14 93 
12 15 12 9 34 10 33 20 29 21 25 6 25 16 24 7 33 14 32 5 33 18 16 25 13 
9 17 89 23 99 24 93 19 93 20 90 10 97 14 93 11 94 12 99 
10 3 67 18 90 17 90 7 96 2 98 13 94 10 82 11 76 1 97 9 82 
15 9 43 8 50 15 60 17 76 2 65 6 44 22 70 16 85 4 63 3 62 11 85 13 55 12 49 25 57 1 80 
9 23 42 16 97 21 76 5 83 4 56 6 95 14 55 19 84 25 81 
9 7 65 25 97 12 79 17 75 20 88 8 67 1 71 19 65 24 82 
14 2 65 6 73 22 84 11 81 4 79 16 82 1 96 23 82 20 67 13 70 17 94 24 78 7 74 25 78 
10 9 39 8 55 12 51 15 39 7 77 19 91 17 84 25 52 14 85 11 47 
16 4 75 7 75 17 80 9 97 13 82 2 77 10 89 16 92 19 76 3 84 14 91 24 86 22 92 21 77 20 79 23 93 
9 5 52 23 61 4 98 12 84 9 97 20 76 22 70 7 93 17 59 
9 7 62 1 92 10 86 16 77 5 84 6 84 23 91 19 92 25 88 
14 21 58 16 58 24 97 13 82 3 61 20 70 6 61 10 98 19 98 2 80 5 66 15 65 8 60 12 86 
11 19 30 15 32 22 32 25 79 3 86 23 75 17 89 12 45 4 60 2 49 7 78 
13 8 97 18 99 9 97 14 99 25 99 17 99 2 98 3 97 23 99 12 98 4 97 6 99 10 98 
10 19 71 9 76 18 95 15 86 1 92 5 93 8 81 22 82 14 82 2 82 
13 21 5 11 11 23 6 2 15 25 9 22 13 17 14 9 12 16 14 10 7 3 14 13 7 4 12 
17 20 52 22 92 24 63 10 71 17 82 8 57 11 58 15 88 1 78 4 89 3 75 13 96 14 63 12 71 5 54 21 80 6 93 
17 4 98 16 99 23 98 25 98 12 99 15 98 1 98 17 98 3 98 5 98 18 99 14 98 10 99 8 98 19 98 11 98 20 98 
8 25 30 1 32 10 41 2 42 12 69 16 90 24 61 23 59 
11 4 85 22 86 23 87 10 92 20 91 18 99 19 87 14 92 6 90 1 89 12 98 
11 4 98 8 98 1 98 23 98 16 98 11 98 10 98 12 98 21 99 25 98 13 98 
17 6 81 9 88 23 93 1 89 5 94 20 86 8 92 22 88 14 93 25 89 12 93 10 99 4 94 24 96 18 82 3 99 21 84 
12 16 42 1 94 8 68 12 48 17 88 18 80 22 64 7 99 15 67 9 62 3 65 23 64 
13 8 72 17 96 22 96 19 86 23 94 24 74 16 95 11 81 4 72 7 90 10 95 15 82 21 81 
14 20 90 5 96 7 92 8 95 4 95 13 91 16 94 10 94 22 94 6 97 14 94 1 90 19 90 17 95 
18 17 56 1 98 25 74 11 92 7 80 20 67 8 56 14 81 5 79 10 93 18 88 16 80 2 72 4 97 9 71 15 64 3 64 12 58 
17 11 67 2 90 21 67 8 94 18 72 13 80 23 95 3 86 19 88 10 91 6 69 12 77 15 80 20 86 14 95 9 82 22 93 
13 16 72 12 81 4 93 15 72 9 72 13 78 14 88 20 84 7 97 11 84 18 94 1 92 10 93 
13 8 70 9 83 15 89 11 76 6 83 22 84 10 93 7 95 20 83 16 80 1 96 18 79 14 71 
9 18 45 6 46 1 48 11 59 4 45 7 62 8 47 13 67 2 52 
13 18 69 12 76 15 72 5 91 7 91 3 81 8 74 16 88 11 80 17 81 19 73 4 83 22 87 
17 6 28 11 57 14 37 13 74 7 52 25 75 10 42 17 40 12 62 22 59 3 42 24 53 1 82 2 51 16 56 4 53 23 53 
12 18 79 7 91 14 85 5 90 8 99 13 99 15 88 3 95 2 87 21 87 10 97 16 94 
16 21 33 14 52 22 49 3 79 17 80 10 70 19 91 16 37 12 35 4 82 20 85 1 96 23 77 24 70 11 67 18 60 
16 13 55 5 90 17 94 8 64 7 61 24 84 25 65 6 71 1 84 21 88 20 91 12 96 4 58 14 74 23 96 19 69 
15 7 72 25 76 18 85 2 73 10 95 5 92 6 86 24 88 14 73 19 82 9 75 11 96 15 98 21 80 16 93 
13 16 88 9 92 22 91 10 91 3 95 5 88 23 91 20 91 14 96 1 96 4 92 21 88 25 93 
14 17 3 5 8 22 9 6 6 15 8 25 4 4 3 8 6 18 3 16 5 9 7 2 9 10 3 14 6 
18 22 50 15 89 10 54 21 80 7 91 3 76 13 83 25 61 18 78 20 73 16 79 11 61 2 74 14 63 24 76 19 80 4 76 1 59 
10 11 2 19 4 12 4 21 5 9 6 22 4 8 6 2 6 4 5 13 3 
12 15 8 8 8 24 18 18 14 19 23 22 13 14 16 3 12 17 14 23 21 21 22 12 16 
8 24 35 25 94 3 91 20 75 2 90 10 97 14 35 11 95 
13 23 99 14 99 11 99 12 99 6 99 10 99 20 99 9 99 17 99 13 99 5 99 2 99 19 99 
11 1 59 13 63 8 99 25 74 3 91 10 59 22 92 23 94 2 85 12 61 6 63 
9 5 41 1 82 11 42 15 87 23 54 2 67 17 77 6 71 4 48 
18 2 32 23 35 24 54 21 64 14 55 25 74 20 77 16 33 1 91 11 66 4 90 18 81 22 35 15 63 9 78 17 42 6 82 12 36 
10 25 89 8 91 16 90 13 95 3 99 23 97 14 98 7 95 2 97 12 93 
12 9 8 12 23 10 10 17 9 5 17 23 20 1 17 14 13 24 12 25 10 18 22 4 9 
13 17 16 10 40 1 20 18 16 9 24 25 47 13 16 3 34 5 41 8 41 20 32 6 30 21 21 
11 21 95 16 95 7 95 12 97 25 97 6 97 2 97 23 96 5 97 1 96 19 96 
13 24 48 2 65 22 70 21 86 1 68 9 93 12 80 5 70 14 75 3 74 23 79 17 97 8 93 
13 22 90 11 95 17 96 21 91 13 92 10 99 9 96 4 91 23 90 1 96 7 91 19 96 24 93 
11 11 22 13 50 20 22 12 37 5 34 17 33 4 24 21 48 8 66 23 33 15 47 
11 10 22 1 45 22 26 13 58 8 57 7 24 11 32 3 58 17 34 25 63 9 39 
17 8 65 18 70 1 88 24 77 14 89 16 93 2 99 15 82 13 77 9 69 17 87 12 75 4 75 20 75 22 81 5 67 7 79 
14 2 9 15 13 21 18 16 20 11 13 1 25 17 26 13 25 24 27 9 26 25 11 5 13 10 26 19 26 
11 4 52 16 77 1 98 17 81 19 56 20 94 13 68 10 79 22 59 2 85 21 65 
12 22 66 1 71 23 75 9 77 3 81 19 78 17 83 16 86 10 92 15 84 8 87 21 84 
11 20 50 18 70 22 57 3 68 19 64 6 97 24 88 16 60 7 59 10 66 12 96 
15 3 37 2 39 1 44 17 63 13 46 12 71 18 65 19 67 8 73 6 88 20 58 22 51 25 63 11 38 21 63 
18 20 63 22 79 18 69 21 86 14 73 12 88 10 75 16 92 8 86 24 74 15 97 25 78 3 69 19 85 11 78 13 83 1 65 5 65 
16 21 4 1 6 16 8 2 5 7 10 11 12 18 11 12 10 4 12 3 12 23 12 5 9 6 10 9 9 24 11 20 9 
10 13 64 23 98 17 88 6 76 19 73 22 77 21 91 7 73 9 65 1 77 
12 4 8 17 16 13 15 23 13 16 12 5 16 21 11 10 23 3 16 18 12 12 8 2 24 
10 23 77 11 82 16 95 13 85 15 77 7 91 9 91 22 86 6 78 18 98 
13 7 59 6 68 23 82 25 70 12 59 18 63 17 75 16 62 14 71 13 95 10 59 11 92 4 98 
15 8 23 16 29 19 50 24 40 10 42 23 30 18 49 17 52 12 25 13 51 3 26 9 52 20 53 6 26 14 47 
12 1 23 8 63 7 39 13 59 16 25 10 64 18 25 25 50 20 31 6 37 2 53 4 24 
11 11 70 22 93 18 92 21 80 12 81 19 74 23 82 17 96 24 98 4 75 9 94 
18 2 91 13 93 15 93 11 97 16 95 8 96 4 94 7 94 20 95 25 91 6 97 1 93 21 93 10 93 18 93 5 95 14 97 12 93 
9 16 99 8 99 17 99 19 99 2 99 21 99 7 99 18 99 5 99 
10 22 7 7 11 8 18 11 19 2 15 25 12 14 21 21 8 16 7 13 9 
9 9 25 1 42 12 44 7 34 16 32 4 31 8 28 2 69 15 52 
12 21 69 6 73 11 83 3 78 10 69 5 89 1 73 13 87 15 94 14 87 16 71 25 73 
12 25 49 6 92 4 83 3 66 24 71 2 79 12 80 17 79 8 69 1 91 10 54 20 96 
11 20 96 12 96 21 97 1 98 10 98 3 96 22 96 18 99 17 97 15 98 6 96 
17 21 84 5 85 2 87 18 87 25 95 4 90 14 87 13 96 19 95 17 84 10 86 9 96 1 86 22 98 16 88 11 94 15 99 
15 3 37 24 69 10 44 18 82 4 99 20 59 25 41 15 91 11 61 9 67 22 70 5 85 8 94 13 83 23 96 
13 6 84 19 89 14 91 11 95 20 88 7 98 5 84 4 90 12 84 21 86 15 89 23 96 22 93 
11 3 88 14 94 13 98 7 90 6 90 16 98 20 95 25 90 18 96 2 96 22 92 
13 18 8 13 22 23 15 17 23 10 15 15 10 21 11 8 18 24 23 12 9 19 14 14 12 22 16 
9 23 83 25 95 14 95 15 92 12 97 2 93 3 99 22 89 24 97 
8 6 42 11 68 14 55 22 58 3 80 15 54 8 50 1 80 
10 24 65 10 75 20 80 9 99 22 72 21 91 4 86 15 74 14 97 12 99 
16 13 4 12 7 19 12 24 4 22 12 14 10 10 9 2 9 25 8 15 10 20 4 8 6 6 11 23 7 17 9 21 5 
16 22 70 2 78 6 91 20 87 3 88 9 76 15 78 21 70 19 85 17 91 11 87 14 92 18 90 1 95 23 89 24 84 
16 25 17 1 30 7 25 3 38 23 26 11 17 22 34 4 36 17 35 9 26 2 51 19 35 18 30 14 27 20 18 5 51 
9 15 66 11 88 12 77 25 66 16 94 14 98 2 97 17 81 22 82 
16 18 75 6 85 17 79 4 75 16 78 15 75 9 99 8 81 11 98 20 97 3 97 7 86 21 91 1 93 23 94 13 96 
16 19 12 16 16 21 21 17 20 8 30 22 29 12 36 3 12 4 36 5 21 9 12 11 36 1 12 15 34 13 21 23 28 
17 22 68 13 79 6 79 1 68 12 97 19 91 5 86 23 90 4 68 25 89 21 79 11 99 18 90 17 99 2 72 20 94 16 72 
10 18 69 1 95 23 69 21 89 3 93 16 81 11 79 2 97 7 89 8 69 
10 16 77 20 79 9 82 14 80 6 90 3 83 7 95 18 88 15 91 19 93 
11 18 95 5 96 21 98 14 97 20 95 4 95 24 99 11 98 19 97 22 95 10 95 
12 1 70 2 96 10 96 4 76 9 94 13 95 6 87 15 80 12 91 23 72 19 77 14 85 
12 10 82 13 99 18 96 2 99 5 94 15 82 24 86 16 99 6 98 12 87 21 88 1 83 
17 12 7 15 14 8 18 22 19 10 8 19 11 1 17 4 13 7 20 16 19 3 19 5 14 13 16 21 17 11 7 23 13 18 15 
17 10 61 16 76 18 82 12 71 23 92 4 62 20 70 6 91 9 81 13 93 17 65 14 74 5 91 15 86 8 95 3 98 24 70 
17 15 21 24 28 21 44 19 57 9 46 13 32 3 33 7 61 10 31 6 33 14 55 11 33 23 29 18 26 12 30 20 45 4 61 
16 4 44 22 87 7 57 20 47 23 53 3 46 9 71 2 70 1 62 11 79 15 66 6 73 5 55 10 64 21 85 18 90 
14 13 15 22 20 12 44 17 33 5 20 18 25 9 18 25 27 1 15 8 35 11 21 19 44 23 28 15 21 
18 7 6 1 13 23 18 19 9 9 11 17 17 14 18 21 14 18 14 6 18 2 17 8 11 16 18 15 10 3 7 12 17 4 14 10 12 
13 17 18 3 42 9 21 2 50 20 49 23 31 24 40 11 27 14 19 8 18 19 21 5 49 21 53 
11 8 81 4 81 12 86 2 82 25 81 13 94 5 93 18 99 15 97 6 88 10 82 
11 6 71 22 78 13 99 2 77 16 78 1 94 3 74 21 74 20 82 5 92 7 78 
18 21 84 17 86 8 86 14 91 18 85 25 89 24 93 20 96 12 84 5 84 19 85 23 85 11 91 4 88 7 91 16 86 6 93 1 84 
12 9 45 16 73 6 58 19 76 25 81 22 71 1 45 3 60 11 79 13 97 4 76 17 57 
12 13 76 4 97 2 98 23 93 10 84 3 88 8 90 15 99 22 98 25 98 16 94 6 92 
15 9 28 19 56 13 36 21 50 10 61 15 30 2 61 23 41 20 84 3 82 11 36 1 84 16 72 25 65 4 36 
12 11 68 23 98 13 76 25 90 16 77 14 92 10 78 12 93 19 81 8 75 6 92 24 77 
11 4 40 11 52 5 72 24 69 13 88 25 61 10 64 16 90 22 66 1 98 9 60 
18 9 10 24 11 15 10 8 22 14 18 17 18 19 27 25 28 23 16 4 27 21 18 20 15 2 16 18 15 1 21 22 27 12 24 3 26 
11 2 79 18 94 16 96 6 88 17 83 1 84 11 89 14 99 22 91 21 83 19 90 
14 11 32 14 57 20 60 24 38 16 77 17 74 21 69 23 73 2 90 5 58 3 58 19 50 15 66 18 57 
11 4 18 12 50 19 40 1 29 8 49 5 18 16 34 23 35 17 37 14 36 6 34 
9 3 67 6 81 18 96 21 79 20 99 19 97 17 92 10 99 11 90 
16 6 87 5 95 18 99 10 89 11 97 19 97 21 97 16 89 2 95 13 96 9 98 1 95 25 88 8 99 23 97 7 97 
9 18 74 21 93 10 83 4 94 16 93 14 98 25 83 24 87 22 78 
11 3 27 21 80 7 72 11 41 14 79 5 41 22 61 13 45 18 47 4 42 9 55 
18 19 40 7 75 20 95 1 59 24 64 13 40 12 68 4 75 5 54 9 94 2 89 17 45 15 41 14 62 18 69 21 56 16 78 6 82 
15 15 95 17 96 2 99 22 98 24 97 25 97 7 95 8 97 16 95 1 98 4 97 6 97 10 96 13 96 21 98 
14 12 1 5 1 19 1 24 2 22 1 21 3 4 2 13 2 7 2 6 2 18 1 14 1 10 3 17 3 
8 20 96 25 98 21 97 15 98 22 96 17 96 3 97 23 98 
11 9 62 22 66 13 67 11 80 24 62 6 80 18 73 4 83 3 95 2 69 23 75 
10 3 80 15 83 14 93 8 92 1 93 24 95 21 96 11 93 23 81 18 97 
17 7 72 14 84 23 98 12 74 3 78 9 92 10 88 17 78 21 94 18 92 11 83 1 79 5 73 19 76 16 83 8 83 20 80 
16 16 66 12 99 17 89 18 91 4 66 10 88 15 92 14 87 5 77 3 86 11 74 21 94 7 97 19 87 8 77 9 67 
8 13 40 9 59 11 44 25 96 4 64 5 45 17 57 24 71 
17 18 86 25 86 22 91 3 94 14 92 10 96 11 89 21 95 7 86 15 98 17 95 13 97 9 90 12 91 1 86 6 91 20 89 
14 15 68 20 68 25 70 24 68 18 96 14 80 21 93 16 75 12 87 17 90 6 83 1 83 22 77 13 77 
12 2 91 19 94 20 91 25 98 9 93 4 95 1 96 8 93 13 97 24 96 17 91 6 98 
12 13 32 7 61 24 75 1 63 17 46 12 59 4 91 11 57 25 52 2 82 14 58 23 68 
10 24 3 19 6 10 3 15 7 22 7 1 8 21 3 20 6 6 9 7 6 
18 13 93 11 96 25 98 14 97 4 96 15 93 22 98 20 97 3 95 7 96 24 96 10 98 6 93 12 94 16 95 9 98 2 95 21 97 
17 16 92 13 96 9 99 24 94 2 98 18 92 20 99 7 98 5 94 8 93 11 96 23 98 17 94 15 92 10 97 3 98 21 99 
11 22 78 17 79 21 88 3 81 11 84 16 90 13 99 10 88 1 86 18 92 6 94 
14 2 2 7 3 24 3 13 4 6 2 1 3 20 3 4 2 17 3 23 5 8 3 5 3 19 2 15 6 
16 25 86 12 99 10 92 8 94 17 96 3 90 23 99 2 90 4 92 20 98 15 93 9 98 13 97 11 94 21 99 6 90 
9 24 91 15 94 6 99 25 95 4 94 20 92 19 94 23 98 16 94 
14 8 60 10 79 21 62 2 98 16 88 1 90 5 71 17 86 13 64 9 85 18 81 23 90 11 87 6 76 
11 14 60 7 74 16 93 3 80 1 95 6 74 25 73 21 84 24 60 12 73 4 61 
13 2 11 18 13 25 21 24 26 12 25 10 15 5 25 21 22 11 13 19 25 20 13 7 23 9 14 
8 7 58 3 95 17 74 12 87 6 98 14 79 5 85 8 92 
12 20 22 9 57 11 30 17 63 22 38 4 32 21 29 12 60 7 32 2 47 23 57 19 42 
13 6 30 7 60 22 83 18 69 13 78 8 36 16 43 1 60 9 73 10 40 14 57 4 77 20 86 
8 7 90 15 96 2 92 12 99 3 94 23 91 6 95 20 92 
14 22 26 7 68 2 29 19 28 12 29 13 29 9 62 24 51 18 38 4 37 11 49 17 78 20 36 5 69 
11 1 1 3 2 19 1 8 2 22 1 11 2 20 2 16 1 5 1 4 2 23 2 
8 18 39 13 62 24 78 5 41 8 43 9 43 14 42 23 62 
13 21 26 15 50 11 37 20 75 1 63 4 32 23 49 17 54 13 33 24 26 8 54 3 37 16 50 
8 4 29 22 57 1 64 7 30 21 35 24 50 12 49 2 30 
16 21 74 16 86 3 91 19 78 2 96 20 77 8 95 12 83 9 88 6 90 17 89 23 74 1 87 7 83 13 88 24 92 
14 3 1 18 1 16 1 1 1 15 1 20 3 11 2 21 2 14 3 7 2 17 1 22 2 6 2 24 1 
11 21 1 14 3 19 3 23 1 25 2 24 3 18 1 6 3 9 3 16 3 3 1 
10 22 28 8 41 17 67 11 48 25 73 20 28 1 57 7 30 18 70 23 76 
12 3 32 22 81 4 75 9 61 25 58 23 45 19 86 10 88 24 36 11 33 17 40 20 44 
15 6 92 22 94 14 98 20 95 18 97 2 97 12 99 25 94 19 94 1 96 13 99 5 96 23 93 10 92 21 96 
13 13 11 4 27 16 31 24 16 1 14 25 30 23 15 7 21 20 27 3 29 10 14 15 15 5 32 
13 7 62 15 79 8 69 22 67 2 62 4 68 18 69 17 63 21 75 3 93 20 97 9 98 16 85 
12 1 11 4 16 3 12 5 11 11 12 21 14 24 33 6 32 10 17 15 29 14 27 12 29 
9 18 61 19 66 9 97 23 96 12 82 8 65 1 84 14 69 7 80 
16 21 58 24 60 23 73 3 96 25 98 16 93 8 62 14 84 11 63 9 72 1 74 6 88 10 94 13 59 5 84 7 78 
17 22 4 2 6 8 4 11 11 7 9 14 4 3 7 24 11 17 9 9 8 12 9 16 6 19 10 15 11 21 11 23 4 18 5 
16 4 75 13 93 3 77 9 91 25 88 10 75 18 76 23 81 5 88 14 98 16 89 17 75 19 76 1 97 12 83 2 85 
16 8 90 19 91 4 98 17 91 16 96 20 92 24 99 14 90 25 96 13 90 2 98 23 92 15 98 3 92 21 98 5 98 
16 20 58 7 87 23 77 3 66 21 99 19 90 1 58 18 92 22 86 5 99 11 60 9 95 4 81 12 95 2 62 10 61 
12 5 37 6 96 23 76 12 49 13 42 24 96 2 49 8 58 18 90 21 70 14 73 10 69 
9 22 32 17 32 24 70 6 67 20 64 5 93 10 81 4 37 9 89 
17 3 35 18 51 4 55 11 87 25 75 23 67 16 51 13 63 7 97 6 65 9 81 21 49 2 37 14 78 8 54 10 60 15 98 
15 18 31 16 69 15 72 1 48 14 73 23 38 10 44 3 91 25 47 12 84 9 69 20 34 5 40 7 34 22 55 
12 14 50 22 61 13 57 5 98 8 99 19 73 20 65 23 67 4 67 6 57 12 54 9 52 
14 15 22 8 33 1 29 24 22 2 27 19 66 13 51 18 25 12 26 23 57 11 45 5 25 22 55 14 29 
14 9 22 5 29 1 54 2 28 10 51 13 25 23 64 17 30 18 56 4 52 14 46 16 47 22 28 24 47 
12 24 65 17 87 6 73 14 95 20 78 1 92 22 68 3 98 16 86 18 95 11 84 13 84 
9 17 17 8 18 16 51 13 37 18 22 2 47 10 42 20 34 3 21 
12 12 57 24 81 22 74 25 58 13 68 17 91 3 64 9 69 11 99 10 88 2 76 14 57 
9 7 16 25 19 21 16 13 33 16 16 19 40 5 20 22 34 17 30 
15 13 51 23 98 4 58 15 64 7 63 2 66 19 74 14 88 9 76 21 67 3 58 22 67 6 80 11 66 20 75 
14 1 10 23 29 12 13 7 29 11 15 8 27 2 17 4 17 3 18 24 18 22 29 17 10 19 26 9 28 
10 11 34 21 90 23 95 12 68 1 83 5 64 17 98 24 49 9 74 19 67 
18 2 22 1 50 18 61 3 58 7 57 9 55 21 34 16 53 5 22 20 29 19 22 24 55 23 65 11 38 6 55 13 57 15 25 10 58 
13 12 6 13 6 24 7 2 10 19 15 18 6 8 17 21 8 16 14 6 8 25 13 17 16 22 9 
10 1 34 23 89 11 88 4 40 16 69 12 60 6 70 21 51 5 89 8 43 
13 15 76 1 96 8 92 6 94 18 95 23 93 17 89 11 95 12 84 13 93 14 97 24 76 21 82 
16 14 22 19 28 6 62 4 60 10 31 5 43 9 29 13 33 17 64 20 63 12 53 15 34 24 37 11 41 23 28 2 39 
18 14 93 24 96 9 96 19 94 25 93 2 93 18 94 4 97 23 93 12 99 17 99 16 99 13 94 21 99 6 99 15 98 5 93 8 99 
12 7 34 13 36 10 74 11 88 23 88 12 51 20 52 1 88 9 75 5 73 17 81 4 39 
15 4 38 15 57 13 79 12 62 1 75 16 64 23 99 18 67 9 43 10 47 24 56 8 53 17 61 20 45 2 98 
18 12 88 11 98 2 97 20 89 24 96 3 91 13 93 18 92 8 89 5 89 14 89 15 97 22 97 25 97 7 90 6 93 17 94 4 95 
8 2 33 6 42 1 61 19 49 4 50 22 83 15 60 7 65 
13 5 94 11 94 15 99 25 99 23 99 13 98 14 98 10 95 19 99 16 96 22 94 3 96 20 99 
16 7 40 10 88 3 86 6 99 16 95 13 84 8 83 11 85 4 86 5 61 24 83 18 47 9 46 15 45 12 89 20 71 
18 14 59 24 83 10 60 1 81 7 90 9 82 22 93 12 91 23 64 3 64 16 59 4 88 6 95 13 78 25 66 2 68 5 62 11 83 
11 23 24 17 63 16 34 8 62 20 61 10 29 12 44 21 72 22 47 15 71 1 54 
13 4 76 22 82 8 98 23 93 12 93 5 89 18 83 2 79 10 79 13 84 24 90 17 92 6 85 
9 23 11 14 12 13 14 4 22 25 22 20 27 8 23 24 21 12 14 
10 5 36 17 50 14 85 24 68 6 41 25 82 2 88 15 57 23 89 19 66 
16 9 75 15 75 6 75 16 94 24 99 19 84 23 96 5 90 13 92 7 92 25 92 20 82 4 97 11 98 12 75 8 96 
17 23 53 24 62 9 72 8 66 14 90 16 61 11 88 7 82 4 72 19 78 1 63 10 87 20 63 25 54 2 70 6 54 18 64 
9 16 91 2 92 17 99 13 98 1 97 8 94 4 97 6 98 24 99 
12 3 18 7 46 19 28 25 30 10 18 21 38 23 50 5 42 8 42 11 21 17 19 18 42 
17 14 39 12 59 22 44 13 88 3 65 17 91 21 72 15 76 5 55 1 86 2 89 8 95 4 57 25 76 7 69 10 71 16 62 
15 15 24 16 42 23 29 22 53 19 42 24 54 14 37 11 58 3 58 21 31 6 33 1 45 9 43 18 61 7 64 
13 9 44 17 44 7 52 16 52 11 56 4 69 20 71 15 77 14 74 25 65 22 89 1 55 10 94 
9 14 23 24 32 7 25 8 54 3 48 11 64 21 41 4 42 5 63 
8 6 27 3 28 9 48 2 56 25 42 17 79 8 43 10 47 
14 21 91 14 91 24 93 17 93 23 94 3 96 2 94 19 98 15 92 16 92 12 97 20 99 1 94 8 97 
8 4 92 12 99 9 94 15 94 23 93 6 95 8 99 11 99 
11 14 37 3 51 17 84 4 42 8 48 21 63 19 38 1 64 22 77 23 91 6 44 
15 13 59 20 93 24 93 3 67 14 82 22 75 2 73 15 62 21 60 23 74 25 70 19 60 9 74 1 59 5 82 
10 25 6 5 16 22 16 23 16 11 10 24 11 12 17 3 17 2 12 17 9 
12 2 89 7 94 6 98 15 97 18 96 23 97 14 95 16 97 21 91 3 95 5 94 4 99 
8 4 12 8 30 25 16 24 15 19 23 15 16 6 36 9 15 
10 13 24 21 39 11 67 18 43 5 43 3 52 1 68 2 69 12 42 14 62 
15 13 33 17 60 1 78 7 53 9 35 12 49 21 66 3 54 15 81 10 41 20 66 5 69 4 44 14 66 25 79 
17 22 14 23 37 14 29 6 32 15 22 3 22 11 38 9 25 12 29 19 30 18 19 2 38 10 33 16 19 1 22 21 37 7 22 
12 3 33 2 84 20 41 22 89 9 87 14 83 24 93 18 99 21 51 23 58 25 33 8 65 
8 8 71 11 98 23 81 17 99 18 95 10 85 21 93 25 83 
15 5 92 6 92 24 95 8 99 11 95 2 97 19 96 3 93 1 94 25 93 23 97 7 95 17 97 14 95 9 92 
12 10 76 7 77 4 84 24 90 14 94 21 81 23 97 18 83 5 99 13 99 1 92 2 93 
8 17 32 22 54 6 92 9 95 2 69 8 47 19 88 4 93 
11 21 43 4 87 20 81 25 51 3 92 18 64 2 49 22 47 24 78 23 47 9 82 
14 10 76 24 99 25 76 16 95 4 95 11 80 3 92 7 94 15 90 17 79 20 81 13 85 5 94 9 90 
9 23 72 3 74 12 85 25 76 20 99 4 92 22 72 14 96 17 75 
12 3 37 19 74 24 81 23 67 22 83 15 47 7 53 20 87 5 51 25 52 17 88 8 81 
11 10 79 1 83 11 88 7 90 20 85 4 99 9 82 16 85 17 83 18 88 19 96 
