340 292 10
1 2
1 10
2 3
3 4
4 5
5 6
6 7
7 8
8 9
10 11
11 12
12 13
13 14
14 15
15 16
16 17
18 19
18 23
19 20
20 21
21 22
22 27
23 24
24 25
25 26
26 27
36 37
37 38
38 39
39 40
40 41
41 42
41 46
41 50
42 43
43 44
44 45
46 47
47 48
48 49
50 51
51 52
52 53
54 55
54 57
54 59
55 56
56 61
57 58
58 61
59 60
60 61
61 62
62 63
70 71
71 72
72 73
73 74
74 80
75 76
76 77
77 78
78 79
79 80
80 81
81 82
82 83
83 84
85 86
86 91
87 88
88 91
89 90
90 91
91 92
92 93
93 94
94 95
95 96
96 97
97 98
98 99
100 101
101 102
102 103
103 112
104 105
105 106
106 107
107 112
108 109
109 110
110 111
111 112
112 113
113 114
114 115
115 116
116 117
118 119
119 120
120 121
121 122
122 133
123 124
124 125
125 126
126 127
127 133
128 129
129 130
130 131
131 132
132 133
134 135
135 140
136 137
137 140
138 139
139 140
140 141
141 142
142 143
143 144
144 145
145 146
146 147
147 148
148 149
149 150
151 152
152 153
152 154
152 155
153 156
154 156
155 156
166 167
166 173
167 168
168 169
169 170
170 171
171 172
172 179
173 174
174 175
175 176
176 177
177 178
178 179
182 183
183 184
183 187
184 185
185 186
186 190
187 188
188 189
189 190
201 202
202 203
203 210
204 205
205 206
206 210
207 208
208 209
209 210
210 211
211 212
212 213
213 214
214 215
215 216
216 217
217 218
219 222
220 222
221 222
222 223
223 224
224 225
225 226
226 227
227 228
228 229
229 230
230 231
231 232
232 233
233 234
234 235
236 237
237 240
238 239
239 240
240 241
241 242
242 243
243 244
244 245
245 246
246 247
247 248
248 249
249 250
250 251
251 252
252 253
254 255
255 256
256 257
256 264
257 258
258 259
259 260
260 261
261 262
262 263
264 265
265 266
266 267
267 268
268 269
269 270
271 272
272 273
273 274
274 275
275 281
276 277
277 278
278 279
279 280
280 281
281 282
282 283
283 284
284 285
286 287
287 288
288 289
289 290
290 291
291 292
292 300
293 294
294 295
295 296
296 297
297 298
298 299
299 300
300 301
301 302
302 303
303 304
305 306
306 307
307 314
308 309
309 310
310 314
311 312
312 313
313 314
314 315
315 316
316 317
317 318
318 319
319 320
320 321
321 322
323 324
324 325
325 326
326 327
327 328
328 329
329 330
330 331
331 332
332 333
333 334
334 335
334 337
334 339
335 336
337 338
339 340
3 7 11 4 25 3 15 
3 1 17 8 17 3 45 
6 1 86 9 95 4 87 3 96 2 97 10 98 
6 10 93 5 93 1 93 4 99 9 98 6 99 
3 1 92 9 98 4 95 
6 3 89 9 90 6 89 4 99 8 97 1 94 
3 6 8 9 8 2 9 
6 8 22 4 36 5 43 9 30 7 66 10 61 
5 10 10 9 17 6 25 7 10 1 13 
5 5 31 8 80 4 76 3 32 7 70 
5 6 24 5 63 4 64 3 58 2 64 
7 5 7 8 15 2 11 4 15 10 20 9 13 6 19 
5 4 19 3 20 10 53 5 21 6 56 
3 7 8 1 17 9 20 
5 7 25 2 55 10 57 5 34 1 60 
7 7 8 1 11 9 24 2 20 3 23 4 19 6 13 
6 10 99 8 99 1 99 4 99 6 99 3 99 
3 4 62 7 70 10 72 
3 3 4 1 8 9 11 
7 1 3 6 4 7 9 2 7 8 9 10 8 5 4 
6 1 32 3 42 5 59 4 57 2 69 6 93 
6 10 20 9 53 6 40 7 43 1 29 5 20 
4 10 41 8 86 1 97 4 94 
4 4 75 5 86 2 84 9 85 
5 1 60 9 70 2 62 8 69 6 60 
7 5 73 7 91 9 77 1 74 6 78 8 77 3 87 
3 8 80 10 90 1 80 
4 8 98 4 99 5 99 6 98 
5 2 28 4 69 3 64 5 29 1 70 
4 6 82 5 88 8 99 9 92 
3 7 24 4 64 9 24 
4 6 75 9 99 5 79 10 87 
7 8 78 5 89 6 79 1 87 10 92 4 79 9 93 
3 1 20 9 51 10 54 
3 5 5 8 5 7 7 
4 2 29 6 39 1 31 10 65 
3 10 83 1 96 3 94 
4 5 95 2 97 7 97 6 97 
7 3 30 8 37 9 75 2 76 1 56 4 57 5 70 
3 7 37 9 42 1 67 
4 2 89 8 98 7 91 9 93 
5 1 20 3 34 5 47 7 53 9 47 
3 2 89 3 96 4 92 
5 3 46 1 91 2 50 8 88 7 96 
4 6 78 7 82 3 90 4 90 
6 8 29 6 31 10 34 2 70 7 67 3 59 
7 7 28 4 40 9 71 8 43 3 38 10 39 2 46 
3 7 46 1 90 3 68 
3 5 20 10 21 4 42 
5 10 30 1 48 8 64 3 77 9 46 
5 10 97 3 99 8 97 6 99 5 97 
3 8 1 5 3 2 1 
5 10 59 7 89 6 66 9 89 3 79 
5 8 23 3 65 7 49 10 61 2 45 
6 10 94 5 96 4 97 9 98 2 94 1 99 
6 9 32 2 66 10 83 7 92 6 85 4 39 
5 3 78 7 88 4 87 10 96 1 91 
7 3 88 5 91 1 89 10 89 4 93 6 94 2 94 
4 2 15 3 38 7 38 10 29 
5 10 25 8 30 4 28 7 47 1 42 
4 6 62 4 76 2 99 5 63 
7 9 43 2 61 10 78 4 75 8 82 1 85 7 77 
7 10 40 4 91 2 72 8 80 1 45 6 60 5 55 
5 10 37 8 63 7 63 1 74 4 79 
3 10 96 7 99 3 99 
7 6 34 3 94 4 75 2 39 8 40 1 85 9 45 
5 8 28 2 30 3 32 9 66 5 38 
7 2 2 6 3 4 6 8 6 7 4 5 3 10 5 
6 10 32 2 38 5 57 6 90 1 39 4 90 
4 9 54 1 56 7 68 5 79 
6 10 21 1 49 3 26 7 55 6 41 2 41 
3 10 79 2 85 3 95 
3 2 3 3 4 10 6 
3 7 45 9 94 3 59 
4 8 42 4 78 1 59 9 78 
3 6 77 5 80 4 96 
3 7 57 6 72 4 72 
4 4 78 3 90 7 92 10 97 
7 1 27 4 28 7 32 5 47 6 54 9 59 2 34 
4 2 84 7 91 1 90 6 97 
7 7 40 3 54 5 53 8 89 1 81 9 93 10 73 
6 2 64 7 79 10 72 1 80 4 72 6 78 
7 2 87 8 98 3 88 10 98 7 99 6 89 1 95 
5 8 96 6 98 3 98 10 96 1 99 
3 1 5 4 10 2 11 
4 7 80 1 82 8 97 6 89 
7 10 10 1 24 4 18 3 12 8 22 9 14 7 16 
5 8 38 3 46 2 82 5 72 6 52 
5 1 91 9 98 5 91 8 99 4 92 
6 1 67 4 88 3 69 9 95 6 76 8 92 
3 7 14 5 31 2 26 
7 9 10 4 13 1 11 3 14 2 14 8 10 6 11 
5 2 46 5 86 9 76 10 59 6 70 
5 3 95 1 96 8 95 7 98 10 98 
6 3 62 6 73 8 80 7 77 9 77 1 84 
3 8 28 3 56 1 58 
7 7 75 6 93 2 99 1 94 4 96 3 75 10 91 
5 3 99 1 99 8 99 9 99 6 99 
7 10 88 6 98 2 93 1 89 4 96 8 97 5 90 
6 5 62 4 68 2 84 10 83 6 63 9 98 
4 5 29 1 76 4 51 7 29 
7 5 4 10 7 4 6 1 9 8 10 6 9 7 9 
6 10 59 5 83 2 74 7 83 4 76 6 76 
6 7 49 1 73 4 98 3 72 10 90 8 82 
4 2 83 7 99 5 92 8 94 
7 2 62 6 73 1 98 7 64 5 91 10 63 3 78 
5 4 6 3 10 1 8 10 10 6 17 
7 10 97 4 98 3 97 9 97 5 99 7 98 1 98 
4 2 5 9 15 7 14 8 8 
3 3 81 9 87 5 94 
3 2 93 8 98 5 96 
5 5 84 1 89 2 87 8 94 3 87 
3 2 37 10 89 3 72 
7 5 8 4 12 10 16 6 20 3 12 8 20 1 9 
5 1 6 7 12 8 10 9 17 3 17 
5 6 52 2 64 3 98 5 59 4 98 
3 2 59 3 80 4 81 
3 5 98 8 98 2 99 
7 6 56 4 76 9 99 3 83 1 57 7 65 10 64 
5 8 92 2 99 3 94 1 95 9 92 
6 5 24 8 48 10 38 6 31 3 57 1 53 
7 1 32 10 51 2 48 9 36 8 94 7 40 5 87 
5 9 65 10 79 4 71 8 71 5 93 
3 10 84 6 89 9 85 
4 6 14 2 19 3 15 5 40 
3 1 58 2 66 7 88 
6 3 71 7 95 1 81 2 98 10 97 6 76 
6 9 43 5 68 8 95 10 44 2 91 6 53 
7 5 14 6 38 7 25 4 23 8 41 3 16 9 22 
7 9 71 10 73 3 86 2 94 4 88 6 87 7 95 
5 7 75 3 83 8 80 2 86 10 97 
5 1 50 9 63 10 89 7 75 3 73 
3 6 67 2 92 3 70 
6 8 82 5 99 2 95 9 89 10 92 4 82 
7 1 87 6 87 5 87 9 91 7 92 8 88 10 88 
3 4 59 2 63 5 71 
5 7 99 8 99 4 99 3 99 6 99 
5 1 91 4 91 6 98 7 99 2 96 
6 8 79 7 99 5 84 4 97 1 85 3 88 
5 10 49 8 87 4 64 2 52 1 59 
3 2 72 8 97 7 97 
5 1 54 9 87 3 60 4 77 2 67 
4 5 13 6 36 2 32 7 13 
3 3 42 6 80 9 60 
5 6 22 2 34 8 40 1 50 9 44 
7 1 27 3 40 10 38 6 30 7 58 5 59 8 72 
4 2 3 9 3 5 3 3 7 
5 3 35 5 71 4 95 6 90 10 41 
6 6 45 9 69 7 90 3 79 10 80 8 48 
4 6 32 3 70 8 69 9 37 
4 7 56 3 80 10 84 1 75 
6 6 42 8 55 7 91 1 60 4 81 10 60 
6 3 38 9 63 7 59 5 78 2 39 4 46 
6 1 29 2 78 7 84 10 71 3 41 5 46 
3 9 45 10 97 5 99 
6 1 25 10 41 2 33 9 65 8 74 4 34 
7 3 8 4 14 6 19 9 20 7 16 10 15 2 16 
4 9 93 7 93 6 97 5 95 
5 8 27 5 38 6 70 10 47 2 67 
6 2 1 1 3 7 3 4 2 6 3 5 2 
4 4 27 3 69 5 69 1 37 
3 8 16 6 35 9 35 
6 1 79 8 79 9 97 3 94 5 94 4 81 
3 1 4 2 10 4 9 
3 10 78 5 79 9 85 
5 7 68 1 69 3 88 2 84 5 81 
7 3 61 5 66 9 82 10 88 4 99 7 97 8 97 
3 9 44 4 55 6 72 
5 9 93 6 99 10 95 2 95 1 93 
3 1 24 2 57 10 63 
5 5 2 1 5 4 3 3 5 9 5 
7 2 17 3 21 1 47 7 45 6 46 4 32 9 37 
6 7 15 6 43 8 45 3 29 2 22 4 44 
5 6 81 3 89 4 92 9 98 2 92 
6 7 41 10 52 3 54 5 81 2 46 4 51 
4 5 66 2 86 10 83 8 89 
3 6 13 2 39 1 20 
3 9 80 2 89 5 87 
6 8 25 10 25 2 63 1 58 3 61 5 72 
4 4 88 1 93 5 95 10 98 
4 5 82 6 92 9 90 7 83 
5 6 31 9 37 10 54 5 87 8 33 
3 8 22 5 31 6 42 
4 10 9 1 19 6 13 2 17 
3 7 52 9 58 5 59 
3 3 22 4 45 5 58 
3 4 8 7 24 3 8 
4 9 40 1 51 7 44 2 86 
6 10 11 4 26 9 12 1 25 7 26 8 14 
5 4 86 5 87 7 87 6 98 10 99 
4 2 37 10 37 1 71 5 63 
7 1 36 9 75 10 74 4 43 3 78 5 55 7 72 
4 4 78 2 89 3 84 9 91 
3 3 16 10 16 5 39 
5 1 65 2 68 7 79 8 98 3 79 
5 8 28 10 72 7 77 9 47 4 83 
3 2 35 5 91 4 46 
5 6 17 3 38 10 22 1 23 2 31 
6 8 65 5 86 10 72 6 81 1 79 7 72 
6 5 22 2 28 1 28 6 43 8 62 7 53 
6 9 31 5 53 6 52 3 93 1 54 2 48 
4 6 70 2 75 1 90 7 74 
5 1 34 2 57 4 49 3 68 5 43 
5 5 65 10 89 7 76 2 93 4 91 
5 10 11 2 29 5 11 7 11 9 22 
7 10 44 8 48 1 89 6 44 5 84 4 72 7 72 
7 3 27 5 56 4 35 2 33 10 63 7 73 9 43 
5 4 42 1 54 10 72 8 89 9 89 
3 4 61 5 70 1 73 
3 2 40 4 81 3 92 
4 8 84 10 91 2 88 7 85 
4 6 78 4 94 5 89 10 78 
4 9 67 10 78 3 76 7 71 
5 4 98 3 99 7 98 5 98 2 99 
6 3 89 10 99 8 92 7 96 2 97 5 95 
3 9 44 1 82 7 51 
7 6 33 4 94 9 67 10 70 5 57 2 86 3 86 
6 2 34 7 41 3 47 4 62 10 91 1 65 
6 3 80 10 80 1 90 2 92 4 83 9 97 
5 7 25 1 36 6 54 10 70 3 54 
5 6 71 2 90 7 76 8 97 5 87 
4 1 52 7 89 5 85 8 52 
6 1 87 8 97 2 89 9 97 3 98 5 93 
6 9 35 4 39 10 38 1 61 2 41 5 87 
3 8 35 10 57 2 65 
7 8 62 7 86 6 68 1 81 10 62 3 96 2 70 
7 1 89 2 90 10 90 6 96 9 95 4 90 3 94 
5 10 77 7 83 1 81 3 81 9 98 
7 5 85 9 92 8 99 3 93 2 96 10 99 7 91 
3 6 58 4 80 1 97 
6 2 1 8 3 4 3 10 2 5 1 9 3 
6 5 7 1 18 9 11 4 8 8 10 7 20 
4 1 14 7 25 4 37 9 35 
5 10 8 2 13 1 19 5 10 8 15 
4 3 8 7 20 8 23 6 17 
7 3 62 10 62 8 73 7 95 1 99 2 92 5 80 
5 1 20 2 46 3 27 7 38 10 20 
4 4 10 2 12 9 24 6 23 
4 3 80 8 88 4 94 7 94 
5 9 67 6 84 3 73 1 68 7 68 
3 1 23 9 69 10 36 
6 4 22 2 44 8 58 10 66 1 39 5 31 
3 1 67 7 96 6 90 
7 9 70 6 98 3 97 10 82 8 84 4 70 7 97 
6 5 64 3 70 6 76 8 87 4 79 10 92 
7 2 60 5 64 7 95 6 87 10 91 9 88 1 65 
4 10 91 6 99 1 94 9 94 
3 5 40 10 54 9 91 
5 6 12 8 12 3 12 1 31 4 16 
4 8 71 5 98 1 92 7 86 
4 4 97 1 97 7 99 3 99 
4 9 82 8 88 10 92 6 92 
6 2 59 3 72 9 87 7 65 6 97 5 69 
4 10 37 1 65 3 84 7 93 
5 2 77 4 81 8 94 1 82 5 79 
4 9 94 2 96 3 94 5 96 
5 3 19 8 56 7 30 6 49 4 41 
4 2 44 8 59 3 67 7 84 
5 1 50 5 93 6 95 7 81 8 69 
4 6 51 3 98 7 84 1 90 
3 4 63 5 98 9 93 
3 9 90 6 90 8 93 
3 2 55 10 56 9 89 
7 5 30 9 59 6 71 8 40 7 33 10 34 2 88 
6 8 55 10 77 3 89 6 87 2 66 7 55 
4 1 41 8 73 5 72 4 97 
3 1 11 3 28 5 25 
4 2 90 5 95 6 96 9 94 
3 4 45 2 67 10 57 
4 9 72 7 88 1 99 2 73 
7 2 86 1 93 5 91 9 86 8 93 10 94 7 89 
7 7 78 10 78 9 82 6 91 1 81 3 87 4 78 
3 6 53 3 78 7 76 
6 6 39 4 65 7 98 5 62 10 73 1 91 
3 3 88 8 91 4 98 
5 4 27 10 48 3 37 7 77 1 53 
7 3 45 6 45 2 47 9 50 4 85 7 72 5 98 
3 3 80 6 90 1 87 
3 7 98 1 98 3 98 
5 8 15 6 36 4 24 10 22 3 31 
6 6 24 4 46 10 38 5 68 8 71 2 33 
5 3 93 2 96 1 96 7 93 9 94 
4 6 87 3 92 1 93 7 99 
5 5 13 1 28 4 19 8 35 2 33 
4 8 47 7 86 10 52 9 82 
3 8 83 7 92 1 93 
6 3 40 9 74 1 98 7 40 10 75 2 81 
6 9 66 2 80 10 86 5 71 8 75 3 98 
4 2 13 8 38 3 23 5 21 
3 10 81 1 85 4 97 
7 7 54 6 87 4 89 1 96 3 59 5 60 8 94 
6 4 1 1 1 2 1 9 3 3 1 6 1 
5 1 24 2 57 8 42 9 24 6 55 
4 2 18 7 45 1 51 10 53 
4 7 29 2 37 5 41 6 69 
3 7 76 2 76 6 94 
6 7 59 6 61 10 97 1 67 9 84 8 64 
5 4 96 10 96 7 96 6 96 1 96 
6 5 8 3 16 2 17 7 17 1 19 9 14 
4 3 32 7 71 5 53 6 35 
3 1 2 9 6 7 6 
3 6 40 1 43 10 70 
5 3 43 4 92 9 43 6 66 2 49 
4 9 32 6 91 3 66 1 64 
5 10 1 2 1 9 2 1 1 7 3 
5 4 46 3 84 9 49 7 80 2 81 
6 7 76 10 91 9 81 5 86 8 80 6 85 
5 2 99 10 99 6 99 4 99 8 99 
4 5 96 3 99 2 99 10 97 
6 6 79 8 89 9 82 1 80 2 98 3 81 
6 2 83 9 88 4 94 8 95 3 87 10 93 
7 2 42 8 86 7 68 10 67 9 76 6 51 5 96 
4 10 52 9 89 6 66 2 88 
7 10 12 7 17 8 33 6 14 5 21 4 26 9 31 
3 2 59 7 67 10 96 
6 9 53 5 91 10 78 6 88 8 86 3 72 
3 7 27 2 78 10 44 
7 8 57 7 85 5 58 4 76 6 66 1 74 10 83 
7 5 23 6 27 9 57 7 45 8 67 1 54 4 35 
3 5 81 8 98 6 92 
4 4 31 10 41 6 49 5 38 
6 6 30 10 84 2 53 5 83 1 56 4 32 
6 10 55 8 85 3 59 2 59 9 69 1 79 
6 2 8 10 11 5 23 1 16 9 14 7 18 
6 8 88 10 94 2 98 7 88 5 96 1 94 
6 10 34 1 47 8 46 4 41 9 95 5 93 
7 8 19 9 19 3 42 7 32 1 23 4 44 2 47 
5 5 36 3 92 1 44 7 44 8 52 
6 1 88 9 88 7 94 3 98 2 92 5 97 
5 6 91 10 95 1 95 2 91 3 96 
3 10 68 6 71 4 75 
5 2 77 3 83 5 98 10 95 8 95 
3 4 20 9 47 1 38 
4 2 6 10 8 9 16 3 8 
7 4 68 8 78 10 91 6 91 7 81 3 86 9 74 
7 9 13 4 33 1 37 7 29 2 28 5 14 10 32 
4 4 76 10 84 1 90 9 99 
3 10 72 6 90 9 82 
6 10 37 6 81 7 87 2 67 5 92 4 53 
5 10 78 9 93 4 95 2 80 1 93 
