540 471 5
1 2
2 3
3 4
4 5
5 6
6 7
7 8
8 9
9 10
10 11
11 12
12 13
13 14
14 15
15 16
16 17
17 18
18 19
18 24
19 20
20 21
21 22
22 23
24 25
25 26
26 27
27 28
29 30
30 31
30 39
30 47
31 32
32 33
33 34
34 35
35 36
36 37
37 38
39 40
40 41
41 42
42 43
43 44
44 45
45 46
47 48
48 49
49 50
50 51
51 52
52 53
53 54
55 56
56 61
57 58
58 61
59 60
60 61
61 62
62 63
63 64
64 65
65 66
66 67
67 68
68 69
69 70
70 71
71 72
72 73
73 74
74 75
75 76
76 77
77 78
78 79
79 80
80 81
81 82
82 83
84 85
85 86
86 87
87 88
88 89
89 90
90 91
91 92
92 111
93 94
94 95
95 96
96 97
97 98
98 99
99 100
100 101
101 111
102 103
103 104
104 105
105 106
106 107
107 108
108 109
109 110
110 111
111 112
113 114
114 115
115 116
116 117
117 118
118 119
119 134
120 121
121 122
122 123
123 124
124 125
125 126
126 134
127 128
128 129
129 130
130 131
131 132
132 133
133 134
134 135
135 136
136 137
137 138
138 139
140 141
140 146
140 151
141 142
142 143
143 144
144 145
145 156
146 147
147 148
148 149
149 150
150 156
151 152
152 153
153 154
154 155
155 156
156 157
157 158
165 166
165 179
166 167
167 168
168 169
169 170
170 171
171 172
172 173
173 174
174 175
175 176
176 177
177 178
178 192
179 180
180 181
181 182
182 183
183 184
184 185
185 186
186 187
187 188
188 189
189 190
190 191
191 192
192 193
194 195
194 200
194 205
195 196
196 197
197 198
198 199
199 210
200 201
201 202
202 203
203 204
204 210
205 206
206 207
207 208
208 209
209 210
223 224
224 225
225 226
226 227
227 228
228 229
229 230
230 231
231 232
232 233
233 234
234 235
235 236
236 237
237 238
238 239
239 240
240 241
241 242
242 243
243 244
244 245
245 246
246 247
246 248
249 250
249 258
250 251
251 252
252 253
253 254
254 255
255 256
256 257
257 266
258 259
259 260
260 261
261 262
262 263
263 264
264 265
265 266
266 267
278 279
279 280
280 281
281 282
282 283
283 284
284 285
285 286
286 287
287 288
288 289
289 290
290 291
291 292
292 293
293 294
294 295
294 298
294 301
295 296
296 297
298 299
299 300
301 302
302 303
304 305
304 316
305 306
306 307
307 308
308 309
309 310
310 311
311 312
312 313
313 314
314 315
315 327
316 317
317 318
318 319
319 320
320 321
321 322
322 323
323 324
324 325
325 326
326 327
327 328
329 330
329 332
329 334
330 331
331 336
332 333
333 336
334 335
335 336
336 337
356 357
357 362
358 359
359 362
360 361
361 362
362 363
363 364
364 365
365 366
366 367
367 368
368 369
369 370
370 371
371 372
372 373
373 374
374 375
375 376
376 377
377 378
378 379
379 380
380 381
382 383
383 384
384 385
385 386
386 387
387 394
388 389
389 390
390 391
391 392
392 393
393 394
394 395
395 396
396 397
397 398
398 399
399 400
400 401
401 402
402 403
403 404
404 405
405 406
406 407
407 408
408 409
410 411
411 416
412 413
413 416
414 415
415 416
416 417
417 418
418 419
419 420
420 421
421 422
422 423
423 424
424 425
425 426
426 427
427 428
428 429
429 430
430 431
431 432
432 433
433 434
434 435
435 436
437 438
437 447
437 456
438 439
439 440
440 441
441 442
442 443
443 444
444 445
445 446
447 448
448 449
449 450
450 451
451 452
452 453
453 454
454 455
456 457
457 458
458 459
459 460
460 461
461 462
462 463
463 464
465 466
466 467
467 468
468 469
469 470
470 471
471 472
472 473
473 474
474 475
475 476
476 477
477 478
478 479
479 480
480 481
481 482
482 483
483 484
484 485
484 487
484 489
485 486
487 488
489 490
491 492
492 493
493 494
493 498
493 502
494 495
495 496
496 497
497 506
498 499
499 500
500 501
501 506
502 503
503 504
504 505
505 506
516 517
516 525
517 518
518 519
519 520
520 521
521 522
522 523
523 524
524 533
525 526
526 527
527 528
528 529
529 530
530 531
531 532
532 533
533 534
4 4 86 1 87 3 95 2 86 
2 5 80 1 99 
2 5 20 1 26 
3 4 83 5 86 1 85 
3 3 26 4 67 2 46 
2 4 84 2 88 
4 1 72 5 76 4 73 3 84 
4 2 32 5 35 3 34 1 88 
3 4 52 5 66 3 68 
3 3 9 5 17 4 24 
3 1 78 5 82 2 82 
2 5 1 3 2 
4 3 64 5 84 1 75 2 73 
4 5 84 4 98 2 97 1 86 
4 2 99 4 99 5 99 3 99 
4 4 71 2 92 5 81 1 73 
4 4 4 1 9 2 12 5 12 
4 4 13 2 17 3 26 1 22 
3 5 7 4 15 3 17 
2 3 88 4 98 
3 1 18 4 52 2 29 
4 3 69 1 70 5 71 2 90 
4 5 20 1 56 4 29 2 57 
3 5 50 4 66 1 82 
4 2 72 3 88 1 95 5 90 
2 4 68 5 84 
4 2 67 3 71 4 83 1 81 
4 4 14 3 35 5 24 1 26 
4 1 57 3 83 4 80 5 87 
4 5 87 2 95 1 93 3 96 
3 4 58 3 99 2 88 
4 1 39 2 65 5 97 4 61 
2 2 30 5 88 
2 4 39 3 91 
2 3 67 4 74 
4 2 67 5 97 3 69 1 90 
2 5 60 3 72 
3 4 7 5 18 1 20 
4 5 64 1 75 3 92 2 93 
3 1 6 4 9 5 8 
3 2 43 4 50 5 60 
3 1 51 5 99 2 79 
2 1 4 4 7 
3 5 31 2 46 4 60 
3 5 98 4 99 1 99 
2 3 20 5 23 
3 1 99 4 99 2 99 
3 4 34 5 82 1 76 
3 5 37 2 84 4 90 
3 4 37 3 39 2 86 
4 2 37 5 86 1 47 3 40 
4 2 71 3 93 1 92 5 75 
4 5 90 4 92 3 99 1 99 
3 5 8 2 14 1 10 
2 3 43 5 98 
3 3 25 1 48 2 47 
4 1 74 3 77 5 89 2 74 
3 1 64 4 95 5 90 
3 4 60 2 99 3 80 
3 5 51 3 62 4 62 
4 2 41 5 94 3 98 1 61 
3 3 67 5 98 4 68 
2 5 74 2 77 
4 4 92 2 92 5 92 1 98 
2 2 65 4 72 
3 1 44 5 61 4 91 
2 1 66 4 99 
3 2 73 1 83 4 80 
3 2 70 5 89 1 79 
2 4 82 5 91 
3 3 37 1 85 5 47 
2 3 73 2 98 
2 5 32 1 95 
4 5 83 1 89 3 87 2 88 
3 4 89 5 95 1 93 
2 3 35 1 77 
2 4 38 3 97 
3 3 40 2 87 1 59 
2 2 38 5 65 
4 1 80 4 90 2 95 3 90 
2 5 40 2 45 
3 2 72 3 73 1 73 
3 2 41 5 59 3 73 
3 2 77 4 89 5 81 
2 4 40 2 49 
4 2 4 4 9 3 11 1 12 
3 4 71 2 91 3 81 
4 2 86 4 97 1 97 5 87 
3 3 3 2 7 4 7 
4 2 20 5 53 1 34 3 48 
2 1 58 3 66 
3 4 96 1 97 3 98 
3 3 60 5 89 1 60 
2 3 53 4 84 
2 1 3 4 5 
2 1 24 4 59 
4 3 28 1 66 4 47 5 80 
2 3 36 5 57 
3 5 40 4 61 2 78 
3 2 78 4 87 5 89 
4 4 85 1 98 5 89 2 96 
3 2 6 4 9 3 7 
4 2 32 5 48 1 95 3 92 
3 5 87 2 88 3 87 
4 5 36 3 66 1 58 2 55 
4 3 46 1 94 5 57 2 65 
4 4 89 3 93 5 90 2 91 
2 5 67 3 96 
2 1 11 4 25 
2 5 31 1 35 
4 5 79 4 79 2 90 3 97 
3 2 57 1 93 4 94 
4 2 51 1 96 3 81 5 79 
3 4 40 2 64 3 42 
3 5 72 1 92 2 77 
3 3 27 4 58 2 74 
3 3 40 1 71 4 74 
4 5 53 4 94 3 68 2 85 
2 5 61 4 79 
3 2 16 3 31 5 19 
2 4 4 1 11 
2 3 5 4 7 
3 3 6 4 14 2 8 
3 4 43 1 65 5 57 
2 5 3 1 4 
2 4 5 3 8 
4 4 24 2 67 1 58 5 71 
4 1 20 4 49 2 36 3 23 
4 1 37 4 40 2 56 3 60 
3 3 88 5 95 4 90 
4 4 14 3 33 1 42 2 34 
3 4 37 1 40 2 91 
3 2 77 1 84 3 84 
4 4 40 5 90 3 68 2 93 
3 4 31 3 33 2 84 
2 5 81 3 97 
4 1 70 3 93 4 74 5 74 
2 2 41 3 63 
2 2 77 4 91 
3 1 14 2 34 3 27 
4 3 58 4 96 2 66 5 58 
4 1 29 2 68 4 52 3 55 
2 4 92 3 96 
3 1 81 2 87 4 97 
2 4 34 2 34 
4 4 20 2 47 3 44 1 36 
2 4 3 5 8 
3 2 73 5 88 4 98 
3 5 98 3 99 1 98 
4 3 64 2 99 4 82 1 77 
2 3 86 5 91 
2 3 79 2 97 
3 1 99 2 99 5 99 
4 2 88 1 95 3 90 4 99 
2 3 77 1 99 
2 5 85 3 95 
4 3 10 5 18 2 10 1 24 
3 4 45 3 62 5 97 
2 3 59 1 63 
3 1 6 5 16 4 15 
3 1 22 2 48 5 28 
4 2 52 3 81 4 55 5 76 
3 2 72 3 88 4 76 
2 2 56 5 65 
3 2 30 3 67 5 68 
3 2 4 4 7 3 5 
2 1 51 2 63 
4 3 47 2 52 1 67 5 81 
3 3 29 1 38 4 68 
2 4 15 5 17 
3 3 72 2 74 5 89 
2 2 87 1 87 
3 1 65 3 81 2 65 
4 1 87 2 87 3 91 5 95 
3 1 91 2 96 4 99 
2 1 74 4 99 
3 4 70 1 83 2 75 
2 5 10 1 28 
4 3 42 2 57 5 60 1 50 
3 1 95 5 97 2 96 
4 5 83 4 91 2 92 3 91 
2 2 42 4 98 
3 5 34 3 82 4 43 
3 2 77 1 88 5 99 
4 2 43 1 89 4 86 5 60 
3 2 22 3 47 5 34 
2 1 38 3 97 
2 4 51 3 69 
2 1 5 2 7 
4 3 84 1 93 4 84 5 91 
4 1 24 5 53 2 25 3 69 
3 3 58 4 94 1 74 
2 5 63 2 83 
4 2 8 1 13 4 14 5 14 
2 5 50 2 91 
3 1 19 3 55 2 56 
3 2 74 4 79 3 75 
3 5 38 3 40 2 69 
4 2 75 1 93 5 89 4 93 
2 2 69 5 71 
2 1 62 3 86 
2 3 58 4 78 
2 4 80 3 80 
3 1 45 3 66 5 59 
3 1 41 2 65 3 44 
3 5 94 1 95 4 95 
2 4 96 5 97 
3 4 18 5 45 3 52 
3 1 8 5 18 4 21 
4 5 93 2 97 3 95 1 98 
2 4 39 1 54 
4 4 52 2 81 1 66 5 87 
4 3 43 4 79 2 90 1 64 
4 4 31 1 47 3 40 5 89 
2 5 21 1 28 
4 4 20 3 56 5 45 1 59 
3 2 56 3 58 1 80 
3 2 9 3 9 5 24 
4 1 72 5 76 3 89 2 85 
2 3 67 1 90 
3 2 54 5 55 4 85 
4 2 67 4 88 3 94 5 68 
2 5 4 1 7 
3 1 4 5 11 3 8 
3 5 12 4 34 2 18 
2 2 22 4 62 
2 5 85 1 97 
2 5 62 3 63 
3 4 22 3 58 1 56 
2 2 79 5 99 
4 3 97 5 98 1 97 2 99 
4 5 77 4 96 3 77 1 97 
3 3 59 4 68 1 99 
2 5 62 2 91 
4 1 80 5 88 4 92 3 95 
4 2 73 5 86 3 90 1 95 
3 3 52 5 74 2 76 
4 3 84 1 85 2 84 4 89 
3 2 1 5 2 1 1 
3 5 26 3 60 1 50 
4 5 91 2 94 3 93 1 97 
2 5 20 4 50 
4 3 79 5 82 4 97 1 88 
2 2 49 5 64 
3 3 79 2 97 1 81 
2 3 24 1 66 
4 4 13 1 25 3 35 2 15 
4 4 41 2 86 1 90 3 72 
2 1 69 5 78 
3 1 75 4 99 2 95 
2 4 83 2 88 
2 3 90 1 98 
2 3 70 1 90 
3 4 67 5 74 3 93 
4 3 12 2 35 5 30 1 13 
3 3 73 1 87 4 88 
4 2 30 3 76 4 59 1 42 
4 2 51 3 74 4 79 1 62 
2 4 86 1 91 
3 4 45 3 62 1 90 
4 5 84 3 98 1 92 4 99 
4 3 22 5 61 1 64 2 56 
4 5 88 3 97 2 96 4 96 
2 5 88 4 88 
4 1 41 2 47 5 43 3 71 
4 3 67 2 72 4 81 1 92 
2 3 74 5 81 
4 5 61 1 93 3 85 4 67 
3 2 53 3 83 1 86 
2 3 77 5 81 
3 1 77 5 85 4 82 
4 3 85 2 88 1 88 5 94 
2 3 67 2 72 
4 1 9 4 17 5 24 3 19 
3 2 2 4 2 5 3 
4 3 66 5 74 2 86 1 78 
4 2 82 1 98 5 99 4 84 
2 3 42 5 49 
4 5 57 3 85 2 87 1 91 
4 2 94 1 99 5 94 3 97 
3 2 46 5 60 4 88 
2 1 90 3 92 
3 5 29 4 85 2 86 
4 1 40 2 53 4 80 5 50 
2 1 33 3 46 
2 3 38 5 99 
4 1 27 5 32 2 34 4 73 
2 5 48 4 48 
3 5 81 2 82 1 86 
3 2 62 5 87 4 88 
2 2 25 4 55 
2 1 57 3 86 
2 5 58 1 58 
4 3 90 1 90 4 92 2 91 
3 5 61 2 96 1 94 
4 4 52 1 89 3 66 5 59 
4 4 93 2 97 3 99 5 98 
4 4 63 1 65 5 88 2 84 
3 4 44 1 82 3 99 
2 1 13 4 31 
3 3 28 4 69 2 52 
4 2 27 1 59 5 45 4 49 
3 3 56 4 67 1 57 
3 2 83 5 84 3 93 
3 5 13 1 28 4 31 
3 2 25 5 27 3 42 
2 2 2 3 4 
4 2 48 3 81 5 73 4 90 
4 1 75 4 84 3 97 2 93 
2 3 52 4 54 
2 4 29 1 61 
2 3 49 4 92 
4 1 81 3 94 4 82 5 99 
2 1 56 4 72 
2 1 20 4 45 
4 3 8 4 24 2 14 5 24 
2 4 34 1 89 
2 1 94 3 95 
4 1 56 4 72 2 59 5 91 
2 1 97 3 97 
3 1 41 2 77 3 89 
3 1 56 5 62 4 92 
2 5 66 3 73 
4 5 64 4 96 3 71 2 86 
2 4 9 2 10 
3 3 43 2 66 5 89 
3 4 6 2 13 5 7 
3 3 70 2 85 1 98 
4 5 59 1 75 4 66 3 59 
2 4 75 3 99 
2 4 98 3 99 
2 5 20 2 58 
3 5 7 1 20 3 20 
4 5 93 3 94 1 95 4 97 
3 1 37 5 62 3 97 
4 5 45 1 74 3 95 2 61 
3 2 61 1 70 4 90 
3 5 40 1 53 2 53 
4 2 2 4 2 1 3 5 5 
4 2 92 4 93 5 96 3 98 
2 2 17 3 46 
4 5 32 2 50 4 43 1 89 
3 1 25 2 53 4 58 
3 3 46 5 66 1 58 
3 2 86 5 97 4 88 
3 5 46 1 68 4 54 
4 3 88 5 93 4 98 2 89 
4 3 82 2 95 4 90 1 82 
3 5 8 4 18 1 8 
4 5 54 2 93 4 76 3 55 
2 1 48 5 62 
3 4 68 5 99 1 77 
2 3 7 5 13 
2 3 48 4 63 
3 2 5 4 12 3 14 
2 4 27 2 67 
2 4 34 2 80 
2 3 34 1 87 
4 5 98 4 99 1 98 3 99 
2 1 52 4 73 
3 1 98 5 98 4 98 
4 1 52 2 82 3 79 4 70 
2 4 92 1 97 
3 1 24 5 35 2 37 
4 1 83 2 93 5 94 4 99 
4 4 68 2 78 5 89 1 91 
4 3 51 5 82 1 67 4 51 
4 2 17 5 41 4 27 3 30 
2 3 36 4 39 
4 3 79 1 92 2 88 5 89 
4 2 55 4 89 3 90 5 62 
4 5 43 2 45 3 87 4 72 
2 4 7 5 7 
4 1 77 5 81 3 82 4 98 
2 3 54 2 73 
3 2 4 4 10 1 8 
2 3 12 2 31 
3 2 19 5 30 1 43 
2 3 58 5 85 
2 1 59 5 62 
4 3 34 5 87 2 75 1 67 
3 5 15 1 40 4 38 
2 3 73 5 93 
2 3 16 5 24 
3 2 73 5 95 1 87 
3 2 83 4 88 5 90 
3 2 3 3 8 1 6 
2 4 18 3 19 
2 4 17 3 41 
3 1 31 3 92 5 86 
3 3 68 1 81 2 99 
4 5 90 1 97 2 98 3 95 
2 4 71 3 75 
4 5 83 3 88 1 83 2 84 
4 3 40 4 43 5 73 2 62 
4 1 24 5 53 3 62 2 45 
2 5 75 3 88 
3 3 41 1 96 5 58 
2 2 61 1 65 
3 4 20 2 36 3 22 
2 5 82 2 83 
4 3 10 5 28 2 20 1 29 
4 2 83 5 83 3 86 4 96 
2 4 84 1 97 
4 3 22 4 65 1 29 5 53 
4 1 98 5 99 3 99 4 99 
2 2 78 4 99 
2 2 45 5 80 
3 3 16 5 39 4 17 
4 3 68 5 86 4 90 1 90 
4 3 73 1 90 4 78 5 78 
4 2 30 3 51 4 57 5 65 
3 2 21 4 47 3 34 
2 1 33 2 52 
3 1 73 3 91 2 91 
3 5 26 1 52 3 53 
2 4 81 3 90 
2 2 40 3 95 
4 3 12 1 15 4 16 5 34 
2 3 1 4 3 
4 1 15 2 21 3 43 4 37 
3 3 89 5 96 1 98 
2 3 43 4 79 
3 2 71 3 77 1 82 
2 4 15 5 15 
2 2 34 4 60 
4 1 79 5 81 3 84 4 80 
2 4 58 3 76 
4 2 71 1 75 5 84 3 97 
3 1 99 3 99 5 99 
2 1 2 3 3 
2 2 38 5 46 
3 5 92 4 98 3 98 
2 4 6 3 10 
4 1 85 3 93 2 98 5 95 
4 2 98 1 98 5 99 4 99 
2 3 56 5 99 
3 5 59 1 76 4 77 
3 2 48 3 60 1 86 
4 4 59 5 76 1 91 3 70 
3 5 21 2 46 1 63 
3 3 55 2 86 5 66 
3 1 2 3 6 4 4 
2 4 61 5 71 
2 3 1 1 1 
2 4 87 2 94 
3 2 30 1 71 4 80 
4 4 76 3 86 5 85 1 86 
3 3 73 2 85 5 88 
2 4 38 5 88 
4 3 44 4 47 1 72 2 91 
3 4 80 1 85 5 98 
2 1 15 2 27 
4 4 48 2 81 1 57 5 89 
4 5 34 2 98 3 60 4 61 
4 1 13 5 25 3 16 2 31 
4 2 94 4 98 1 95 3 97 
2 4 7 3 7 
4 1 62 3 74 5 64 2 87 
4 2 81 3 95 1 98 4 83 
2 4 25 1 43 
2 4 43 5 73 
4 2 43 4 87 1 88 3 79 
2 4 75 2 75 
3 5 68 1 91 4 76 
4 1 64 4 85 5 66 3 95 
2 3 44 4 73 
2 2 81 3 87 
4 2 81 3 94 1 82 4 86 
4 2 67 1 73 3 68 4 68 
4 1 35 5 56 2 60 4 77 
4 4 36 5 94 2 92 1 43 
3 3 48 4 73 1 87 
3 5 91 3 97 1 99 
3 2 88 1 89 5 94 
4 5 1 2 3 4 1 1 2 
2 3 42 4 44 
3 3 1 4 2 2 1 
2 4 91 2 92 
4 2 30 4 38 1 84 5 79 
3 3 1 4 1 1 1 
3 3 10 4 26 2 10 
2 3 3 5 7 
2 2 18 5 33 
2 1 79 2 93 
4 1 16 5 18 3 29 4 34 
4 3 24 4 50 2 48 5 25 
4 3 3 4 4 1 7 2 3 
4 1 10 5 11 2 15 4 26 
2 5 61 3 92 
3 2 68 5 92 3 93 
3 4 78 5 95 1 99 
4 4 7 5 16 1 11 2 12 
3 5 70 4 74 2 98 
3 2 57 3 83 4 70 
3 4 85 1 88 2 92 
3 1 85 2 97 5 98 
4 2 9 3 15 1 25 5 23 
3 2 91 1 95 5 98 
2 5 38 2 99 
4 1 97 4 98 3 98 2 97 
2 1 93 4 94 
3 3 22 2 49 1 54 
2 3 93 5 98 
2 5 81 4 81 
4 4 89 3 99 2 95 1 89 
3 2 44 4 57 1 87 
2 3 79 5 89 
3 2 57 5 79 1 68 
3 4 28 2 36 1 78 
4 5 71 4 85 1 80 2 94 
4 4 43 5 55 1 75 2 59 
4 2 46 1 88 5 99 3 68 
2 3 45 4 97 
4 4 67 5 82 1 83 3 70 
2 5 48 4 92 
3 1 98 2 99 5 99 
2 2 73 1 97 
4 3 62 4 65 2 80 5 76 
4 5 29 1 70 2 86 3 59 
4 3 44 2 57 4 44 5 87 
4 1 24 4 42 2 56 3 33 
3 5 82 2 97 3 87 
3 4 18 2 52 5 49 
4 4 35 3 82 5 39 2 89 
4 4 24 1 26 3 70 2 67 
2 5 90 3 91 
2 5 75 1 97 
4 4 99 1 99 5 99 3 99 
3 3 12 4 13 1 23 
3 2 70 3 82 5 77 
3 1 35 2 86 5 35 
2 2 11 3 33 
3 2 30 3 53 4 50 
2 5 27 3 45 
2 1 74 5 95 
3 3 26 4 36 5 32 
2 1 43 5 66 
2 2 69 5 80 
2 3 86 4 87 
